date,compartment,y_025,y_25,y_median,y_mean,y_75,y_975,scenario,country,iso3c,report_date,version
2020-01-02,Rt,2.15635258547878,2.24787103672558,2.29704407029331,2.30564079049272,2.34584300368928,2.50888264968233,Additional 50% Reduction,Iraq,IRQ,2020-06-17,v3
2020-01-02,Rt,2.15635258547878,2.24787103672558,2.29704407029331,2.30564079049272,2.34584300368928,2.50888264968233,Maintain Status Quo,Iraq,IRQ,2020-06-17,v3
2020-01-02,Rt,2.15635258547878,2.24787103672558,2.29704407029331,2.30564079049272,2.34584300368928,2.50888264968233,Relax Interventions 50%,Iraq,IRQ,2020-06-17,v3
2020-01-02,Rt,2.17544785858778,2.25167228979157,2.28809469528644,2.30943249242553,2.36090404958674,2.51342199561189,Surged Additional 50% Reduction,Iraq,IRQ,2020-06-17,v3
2020-01-02,Rt,2.17544785858778,2.25167228979157,2.28809469528644,2.30943249242553,2.36090404958674,2.51342199561189,Surged Maintain Status Quo,Iraq,IRQ,2020-06-17,v3
2020-01-02,Rt,2.17544785858778,2.25167228979157,2.28809469528644,2.30943249242553,2.36090404958674,2.51342199561189,Surged Relax Interventions 50%,Iraq,IRQ,2020-06-17,v3
2020-01-03,Rt,2.15635258547878,2.24787103672558,2.29704407029331,2.30564079049272,2.34584300368928,2.50888264968233,Additional 50% Reduction,Iraq,IRQ,2020-06-17,v3
2020-01-03,Rt,2.15635258547878,2.24787103672558,2.29704407029331,2.30564079049272,2.34584300368928,2.50888264968233,Maintain Status Quo,Iraq,IRQ,2020-06-17,v3
2020-01-03,Rt,2.15635258547878,2.24787103672558,2.29704407029331,2.30564079049272,2.34584300368928,2.50888264968233,Relax Interventions 50%,Iraq,IRQ,2020-06-17,v3
2020-01-03,Rt,2.17544785858778,2.25167228979157,2.28809469528644,2.30943249242553,2.36090404958674,2.51342199561189,Surged Additional 50% Reduction,Iraq,IRQ,2020-06-17,v3
2020-01-03,Rt,2.17544785858778,2.25167228979157,2.28809469528644,2.30943249242553,2.36090404958674,2.51342199561189,Surged Maintain Status Quo,Iraq,IRQ,2020-06-17,v3
2020-01-03,Rt,2.17544785858778,2.25167228979157,2.28809469528644,2.30943249242553,2.36090404958674,2.51342199561189,Surged Relax Interventions 50%,Iraq,IRQ,2020-06-17,v3
2020-01-04,Rt,2.15635258547878,2.24787103672558,2.29704407029331,2.30564079049272,2.34584300368928,2.50888264968233,Additional 50% Reduction,Iraq,IRQ,2020-06-17,v3
2020-01-04,Rt,2.15635258547878,2.24787103672558,2.29704407029331,2.30564079049272,2.34584300368928,2.50888264968233,Maintain Status Quo,Iraq,IRQ,2020-06-17,v3
2020-01-04,Rt,2.15635258547878,2.24787103672558,2.29704407029331,2.30564079049272,2.34584300368928,2.50888264968233,Relax Interventions 50%,Iraq,IRQ,2020-06-17,v3
2020-01-04,Rt,2.17544785858778,2.25167228979157,2.28809469528644,2.30943249242553,2.36090404958674,2.51342199561189,Surged Additional 50% Reduction,Iraq,IRQ,2020-06-17,v3
2020-01-04,Rt,2.17544785858778,2.25167228979157,2.28809469528644,2.30943249242553,2.36090404958674,2.51342199561189,Surged Maintain Status Quo,Iraq,IRQ,2020-06-17,v3
2020-01-04,Rt,2.17544785858778,2.25167228979157,2.28809469528644,2.30943249242553,2.36090404958674,2.51342199561189,Surged Relax Interventions 50%,Iraq,IRQ,2020-06-17,v3
2020-01-05,Rt,2.15635258547878,2.24787103672558,2.29704407029331,2.30564079049272,2.34584300368928,2.50888264968233,Additional 50% Reduction,Iraq,IRQ,2020-06-17,v3
2020-01-05,Rt,2.15635258547878,2.24787103672558,2.29704407029331,2.30564079049272,2.34584300368928,2.50888264968233,Maintain Status Quo,Iraq,IRQ,2020-06-17,v3
2020-01-05,Rt,2.15635258547878,2.24787103672558,2.29704407029331,2.30564079049272,2.34584300368928,2.50888264968233,Relax Interventions 50%,Iraq,IRQ,2020-06-17,v3
2020-01-05,Rt,2.17544785858778,2.25167228979157,2.28809469528644,2.30943249242553,2.36090404958674,2.51342199561189,Surged Additional 50% Reduction,Iraq,IRQ,2020-06-17,v3
2020-01-05,Rt,2.17544785858778,2.25167228979157,2.28809469528644,2.30943249242553,2.36090404958674,2.51342199561189,Surged Maintain Status Quo,Iraq,IRQ,2020-06-17,v3
2020-01-05,Rt,2.17544785858778,2.25167228979157,2.28809469528644,2.30943249242553,2.36090404958674,2.51342199561189,Surged Relax Interventions 50%,Iraq,IRQ,2020-06-17,v3
2020-01-06,Rt,2.15635258547878,2.24787103672558,2.29704407029331,2.30564079049272,2.34584300368928,2.50888264968233,Additional 50% Reduction,Iraq,IRQ,2020-06-17,v3
2020-01-06,Rt,2.15635258547878,2.24787103672558,2.29704407029331,2.30564079049272,2.34584300368928,2.50888264968233,Maintain Status Quo,Iraq,IRQ,2020-06-17,v3
2020-01-06,Rt,2.15635258547878,2.24787103672558,2.29704407029331,2.30564079049272,2.34584300368928,2.50888264968233,Relax Interventions 50%,Iraq,IRQ,2020-06-17,v3
2020-01-06,Rt,2.17544785858778,2.25167228979157,2.28809469528644,2.30943249242553,2.36090404958674,2.51342199561189,Surged Additional 50% Reduction,Iraq,IRQ,2020-06-17,v3
2020-01-06,Rt,2.17544785858778,2.25167228979157,2.28809469528644,2.30943249242553,2.36090404958674,2.51342199561189,Surged Maintain Status Quo,Iraq,IRQ,2020-06-17,v3
2020-01-06,Rt,2.17544785858778,2.25167228979157,2.28809469528644,2.30943249242553,2.36090404958674,2.51342199561189,Surged Relax Interventions 50%,Iraq,IRQ,2020-06-17,v3
2020-01-07,Rt,2.15635258547878,2.24787103672558,2.29704407029331,2.30564079049272,2.34584300368928,2.50888264968233,Additional 50% Reduction,Iraq,IRQ,2020-06-17,v3
2020-01-07,Rt,2.15635258547878,2.24787103672558,2.29704407029331,2.30564079049272,2.34584300368928,2.50888264968233,Maintain Status Quo,Iraq,IRQ,2020-06-17,v3
2020-01-07,Rt,2.15635258547878,2.24787103672558,2.29704407029331,2.30564079049272,2.34584300368928,2.50888264968233,Relax Interventions 50%,Iraq,IRQ,2020-06-17,v3
2020-01-07,Rt,2.17544785858778,2.25167228979157,2.28809469528644,2.30943249242553,2.36090404958674,2.51342199561189,Surged Additional 50% Reduction,Iraq,IRQ,2020-06-17,v3
2020-01-07,Rt,2.17544785858778,2.25167228979157,2.28809469528644,2.30943249242553,2.36090404958674,2.51342199561189,Surged Maintain Status Quo,Iraq,IRQ,2020-06-17,v3
2020-01-07,Rt,2.17544785858778,2.25167228979157,2.28809469528644,2.30943249242553,2.36090404958674,2.51342199561189,Surged Relax Interventions 50%,Iraq,IRQ,2020-06-17,v3
2020-01-08,Rt,2.15635258547878,2.24787103672558,2.29704407029331,2.30564079049272,2.34584300368928,2.50888264968233,Additional 50% Reduction,Iraq,IRQ,2020-06-17,v3
2020-01-08,Rt,2.15635258547878,2.24787103672558,2.29704407029331,2.30564079049272,2.34584300368928,2.50888264968233,Maintain Status Quo,Iraq,IRQ,2020-06-17,v3
2020-01-08,Rt,2.15635258547878,2.24787103672558,2.29704407029331,2.30564079049272,2.34584300368928,2.50888264968233,Relax Interventions 50%,Iraq,IRQ,2020-06-17,v3
2020-01-08,Rt,2.17544785858778,2.25167228979157,2.28809469528644,2.30943249242553,2.36090404958674,2.51342199561189,Surged Additional 50% Reduction,Iraq,IRQ,2020-06-17,v3
2020-01-08,Rt,2.17544785858778,2.25167228979157,2.28809469528644,2.30943249242553,2.36090404958674,2.51342199561189,Surged Maintain Status Quo,Iraq,IRQ,2020-06-17,v3
2020-01-08,Rt,2.17544785858778,2.25167228979157,2.28809469528644,2.30943249242553,2.36090404958674,2.51342199561189,Surged Relax Interventions 50%,Iraq,IRQ,2020-06-17,v3
2020-01-09,Rt,2.15635258547878,2.24787103672558,2.29704407029331,2.30564079049272,2.34584300368928,2.50888264968233,Additional 50% Reduction,Iraq,IRQ,2020-06-17,v3
2020-01-09,Rt,2.15635258547878,2.24787103672558,2.29704407029331,2.30564079049272,2.34584300368928,2.50888264968233,Maintain Status Quo,Iraq,IRQ,2020-06-17,v3
2020-01-09,Rt,2.15635258547878,2.24787103672558,2.29704407029331,2.30564079049272,2.34584300368928,2.50888264968233,Relax Interventions 50%,Iraq,IRQ,2020-06-17,v3
2020-01-09,Rt,2.17544785858778,2.25167228979157,2.28809469528644,2.30943249242553,2.36090404958674,2.51342199561189,Surged Additional 50% Reduction,Iraq,IRQ,2020-06-17,v3
2020-01-09,Rt,2.17544785858778,2.25167228979157,2.28809469528644,2.30943249242553,2.36090404958674,2.51342199561189,Surged Maintain Status Quo,Iraq,IRQ,2020-06-17,v3
2020-01-09,Rt,2.17544785858778,2.25167228979157,2.28809469528644,2.30943249242553,2.36090404958674,2.51342199561189,Surged Relax Interventions 50%,Iraq,IRQ,2020-06-17,v3
2020-01-10,Rt,2.15635258547878,2.24787103672558,2.29704407029331,2.30564079049272,2.34584300368928,2.50888264968233,Additional 50% Reduction,Iraq,IRQ,2020-06-17,v3
2020-01-10,Rt,2.15635258547878,2.24787103672558,2.29704407029331,2.30564079049272,2.34584300368928,2.50888264968233,Maintain Status Quo,Iraq,IRQ,2020-06-17,v3
2020-01-10,Rt,2.15635258547878,2.24787103672558,2.29704407029331,2.30564079049272,2.34584300368928,2.50888264968233,Relax Interventions 50%,Iraq,IRQ,2020-06-17,v3
2020-01-10,Rt,2.17544785858778,2.25167228979157,2.28809469528644,2.30943249242553,2.36090404958674,2.51342199561189,Surged Additional 50% Reduction,Iraq,IRQ,2020-06-17,v3
2020-01-10,Rt,2.17544785858778,2.25167228979157,2.28809469528644,2.30943249242553,2.36090404958674,2.51342199561189,Surged Maintain Status Quo,Iraq,IRQ,2020-06-17,v3
2020-01-10,Rt,2.17544785858778,2.25167228979157,2.28809469528644,2.30943249242553,2.36090404958674,2.51342199561189,Surged Relax Interventions 50%,Iraq,IRQ,2020-06-17,v3
2020-01-11,Rt,2.15635258547878,2.24787103672558,2.29704407029331,2.30564079049272,2.34584300368928,2.50888264968233,Additional 50% Reduction,Iraq,IRQ,2020-06-17,v3
2020-01-11,Rt,2.15635258547878,2.24787103672558,2.29704407029331,2.30564079049272,2.34584300368928,2.50888264968233,Maintain Status Quo,Iraq,IRQ,2020-06-17,v3
2020-01-11,Rt,2.15635258547878,2.24787103672558,2.29704407029331,2.30564079049272,2.34584300368928,2.50888264968233,Relax Interventions 50%,Iraq,IRQ,2020-06-17,v3
2020-01-11,Rt,2.17544785858778,2.25167228979157,2.28809469528644,2.30943249242553,2.36090404958674,2.51342199561189,Surged Additional 50% Reduction,Iraq,IRQ,2020-06-17,v3
2020-01-11,Rt,2.17544785858778,2.25167228979157,2.28809469528644,2.30943249242553,2.36090404958674,2.51342199561189,Surged Maintain Status Quo,Iraq,IRQ,2020-06-17,v3
2020-01-11,Rt,2.17544785858778,2.25167228979157,2.28809469528644,2.30943249242553,2.36090404958674,2.51342199561189,Surged Relax Interventions 50%,Iraq,IRQ,2020-06-17,v3
2020-01-12,Rt,2.15635258547878,2.24787103672558,2.29704407029331,2.30564079049272,2.34584300368928,2.50888264968233,Additional 50% Reduction,Iraq,IRQ,2020-06-17,v3
2020-01-12,Rt,2.15635258547878,2.24787103672558,2.29704407029331,2.30564079049272,2.34584300368928,2.50888264968233,Maintain Status Quo,Iraq,IRQ,2020-06-17,v3
2020-01-12,Rt,2.15635258547878,2.24787103672558,2.29704407029331,2.30564079049272,2.34584300368928,2.50888264968233,Relax Interventions 50%,Iraq,IRQ,2020-06-17,v3
2020-01-12,Rt,2.17544785858778,2.25167228979157,2.28809469528644,2.30943249242553,2.36090404958674,2.51342199561189,Surged Additional 50% Reduction,Iraq,IRQ,2020-06-17,v3
2020-01-12,Rt,2.17544785858778,2.25167228979157,2.28809469528644,2.30943249242553,2.36090404958674,2.51342199561189,Surged Maintain Status Quo,Iraq,IRQ,2020-06-17,v3
2020-01-12,Rt,2.17544785858778,2.25167228979157,2.28809469528644,2.30943249242553,2.36090404958674,2.51342199561189,Surged Relax Interventions 50%,Iraq,IRQ,2020-06-17,v3
2020-01-13,Rt,2.15635258547878,2.24787103672558,2.29704407029331,2.30564079049272,2.34584300368928,2.50888264968233,Additional 50% Reduction,Iraq,IRQ,2020-06-17,v3
2020-01-13,Rt,2.15635258547878,2.24787103672558,2.29704407029331,2.30564079049272,2.34584300368928,2.50888264968233,Maintain Status Quo,Iraq,IRQ,2020-06-17,v3
2020-01-13,Rt,2.15635258547878,2.24787103672558,2.29704407029331,2.30564079049272,2.34584300368928,2.50888264968233,Relax Interventions 50%,Iraq,IRQ,2020-06-17,v3
2020-01-13,Rt,2.17544785858778,2.25167228979157,2.28809469528644,2.30943249242553,2.36090404958674,2.51342199561189,Surged Additional 50% Reduction,Iraq,IRQ,2020-06-17,v3
2020-01-13,Rt,2.17544785858778,2.25167228979157,2.28809469528644,2.30943249242553,2.36090404958674,2.51342199561189,Surged Maintain Status Quo,Iraq,IRQ,2020-06-17,v3
2020-01-13,Rt,2.17544785858778,2.25167228979157,2.28809469528644,2.30943249242553,2.36090404958674,2.51342199561189,Surged Relax Interventions 50%,Iraq,IRQ,2020-06-17,v3
2020-01-14,Rt,2.15635258547878,2.24787103672558,2.29704407029331,2.30564079049272,2.34584300368928,2.50888264968233,Additional 50% Reduction,Iraq,IRQ,2020-06-17,v3
2020-01-14,Rt,2.15635258547878,2.24787103672558,2.29704407029331,2.30564079049272,2.34584300368928,2.50888264968233,Maintain Status Quo,Iraq,IRQ,2020-06-17,v3
2020-01-14,Rt,2.15635258547878,2.24787103672558,2.29704407029331,2.30564079049272,2.34584300368928,2.50888264968233,Relax Interventions 50%,Iraq,IRQ,2020-06-17,v3
2020-01-14,Rt,2.17544785858778,2.25167228979157,2.28809469528644,2.30943249242553,2.36090404958674,2.51342199561189,Surged Additional 50% Reduction,Iraq,IRQ,2020-06-17,v3
2020-01-14,Rt,2.17544785858778,2.25167228979157,2.28809469528644,2.30943249242553,2.36090404958674,2.51342199561189,Surged Maintain Status Quo,Iraq,IRQ,2020-06-17,v3
2020-01-14,Rt,2.17544785858778,2.25167228979157,2.28809469528644,2.30943249242553,2.36090404958674,2.51342199561189,Surged Relax Interventions 50%,Iraq,IRQ,2020-06-17,v3
2020-01-15,Rt,2.15635258547878,2.24787103672558,2.29704407029331,2.30564079049272,2.34584300368928,2.50888264968233,Additional 50% Reduction,Iraq,IRQ,2020-06-17,v3
2020-01-15,Rt,2.15635258547878,2.24787103672558,2.29704407029331,2.30564079049272,2.34584300368928,2.50888264968233,Maintain Status Quo,Iraq,IRQ,2020-06-17,v3
2020-01-15,Rt,2.15635258547878,2.24787103672558,2.29704407029331,2.30564079049272,2.34584300368928,2.50888264968233,Relax Interventions 50%,Iraq,IRQ,2020-06-17,v3
2020-01-15,Rt,2.17544785858778,2.25167228979157,2.28809469528644,2.30943249242553,2.36090404958674,2.51342199561189,Surged Additional 50% Reduction,Iraq,IRQ,2020-06-17,v3
2020-01-15,Rt,2.17544785858778,2.25167228979157,2.28809469528644,2.30943249242553,2.36090404958674,2.51342199561189,Surged Maintain Status Quo,Iraq,IRQ,2020-06-17,v3
2020-01-15,Rt,2.17544785858778,2.25167228979157,2.28809469528644,2.30943249242553,2.36090404958674,2.51342199561189,Surged Relax Interventions 50%,Iraq,IRQ,2020-06-17,v3
2020-01-16,Rt,2.15635258547878,2.24787103672558,2.29704407029331,2.30564079049272,2.34584300368928,2.50888264968233,Additional 50% Reduction,Iraq,IRQ,2020-06-17,v3
2020-01-16,Rt,2.15635258547878,2.24787103672558,2.29704407029331,2.30564079049272,2.34584300368928,2.50888264968233,Maintain Status Quo,Iraq,IRQ,2020-06-17,v3
2020-01-16,Rt,2.15635258547878,2.24787103672558,2.29704407029331,2.30564079049272,2.34584300368928,2.50888264968233,Relax Interventions 50%,Iraq,IRQ,2020-06-17,v3
2020-01-16,Rt,2.17544785858778,2.25167228979157,2.28809469528644,2.30943249242553,2.36090404958674,2.51342199561189,Surged Additional 50% Reduction,Iraq,IRQ,2020-06-17,v3
2020-01-16,Rt,2.17544785858778,2.25167228979157,2.28809469528644,2.30943249242553,2.36090404958674,2.51342199561189,Surged Maintain Status Quo,Iraq,IRQ,2020-06-17,v3
2020-01-16,Rt,2.17544785858778,2.25167228979157,2.28809469528644,2.30943249242553,2.36090404958674,2.51342199561189,Surged Relax Interventions 50%,Iraq,IRQ,2020-06-17,v3
2020-01-17,Rt,2.15635258547878,2.24787103672558,2.29704407029331,2.30564079049272,2.34584300368928,2.50888264968233,Additional 50% Reduction,Iraq,IRQ,2020-06-17,v3
2020-01-17,Rt,2.15635258547878,2.24787103672558,2.29704407029331,2.30564079049272,2.34584300368928,2.50888264968233,Maintain Status Quo,Iraq,IRQ,2020-06-17,v3
2020-01-17,Rt,2.15635258547878,2.24787103672558,2.29704407029331,2.30564079049272,2.34584300368928,2.50888264968233,Relax Interventions 50%,Iraq,IRQ,2020-06-17,v3
2020-01-17,Rt,2.17544785858778,2.25167228979157,2.28809469528644,2.30943249242553,2.36090404958674,2.51342199561189,Surged Additional 50% Reduction,Iraq,IRQ,2020-06-17,v3
2020-01-17,Rt,2.17544785858778,2.25167228979157,2.28809469528644,2.30943249242553,2.36090404958674,2.51342199561189,Surged Maintain Status Quo,Iraq,IRQ,2020-06-17,v3
2020-01-17,Rt,2.17544785858778,2.25167228979157,2.28809469528644,2.30943249242553,2.36090404958674,2.51342199561189,Surged Relax Interventions 50%,Iraq,IRQ,2020-06-17,v3
2020-01-18,Rt,2.15635258547878,2.24787103672558,2.29704407029331,2.30564079049272,2.34584300368928,2.50888264968233,Additional 50% Reduction,Iraq,IRQ,2020-06-17,v3
2020-01-18,Rt,2.15635258547878,2.24787103672558,2.29704407029331,2.30564079049272,2.34584300368928,2.50888264968233,Maintain Status Quo,Iraq,IRQ,2020-06-17,v3
2020-01-18,Rt,2.15635258547878,2.24787103672558,2.29704407029331,2.30564079049272,2.34584300368928,2.50888264968233,Relax Interventions 50%,Iraq,IRQ,2020-06-17,v3
2020-01-18,Rt,2.17544785858778,2.25167228979157,2.28809469528644,2.30943249242553,2.36090404958674,2.51342199561189,Surged Additional 50% Reduction,Iraq,IRQ,2020-06-17,v3
2020-01-18,Rt,2.17544785858778,2.25167228979157,2.28809469528644,2.30943249242553,2.36090404958674,2.51342199561189,Surged Maintain Status Quo,Iraq,IRQ,2020-06-17,v3
2020-01-18,Rt,2.17544785858778,2.25167228979157,2.28809469528644,2.30943249242553,2.36090404958674,2.51342199561189,Surged Relax Interventions 50%,Iraq,IRQ,2020-06-17,v3
2020-01-19,Rt,2.15635258547878,2.24787103672558,2.29704407029331,2.30564079049272,2.34584300368928,2.50888264968233,Additional 50% Reduction,Iraq,IRQ,2020-06-17,v3
2020-01-19,Rt,2.15635258547878,2.24787103672558,2.29704407029331,2.30564079049272,2.34584300368928,2.50888264968233,Maintain Status Quo,Iraq,IRQ,2020-06-17,v3
2020-01-19,Rt,2.15635258547878,2.24787103672558,2.29704407029331,2.30564079049272,2.34584300368928,2.50888264968233,Relax Interventions 50%,Iraq,IRQ,2020-06-17,v3
2020-01-19,Rt,2.17544785858778,2.25167228979157,2.28809469528644,2.30943249242553,2.36090404958674,2.51342199561189,Surged Additional 50% Reduction,Iraq,IRQ,2020-06-17,v3
2020-01-19,Rt,2.17544785858778,2.25167228979157,2.28809469528644,2.30943249242553,2.36090404958674,2.51342199561189,Surged Maintain Status Quo,Iraq,IRQ,2020-06-17,v3
2020-01-19,Rt,2.17544785858778,2.25167228979157,2.28809469528644,2.30943249242553,2.36090404958674,2.51342199561189,Surged Relax Interventions 50%,Iraq,IRQ,2020-06-17,v3
2020-01-20,Rt,2.15635258547878,2.24787103672558,2.29704407029331,2.30564079049272,2.34584300368928,2.50888264968233,Additional 50% Reduction,Iraq,IRQ,2020-06-17,v3
2020-01-20,Rt,2.15635258547878,2.24787103672558,2.29704407029331,2.30564079049272,2.34584300368928,2.50888264968233,Maintain Status Quo,Iraq,IRQ,2020-06-17,v3
2020-01-20,Rt,2.15635258547878,2.24787103672558,2.29704407029331,2.30564079049272,2.34584300368928,2.50888264968233,Relax Interventions 50%,Iraq,IRQ,2020-06-17,v3
2020-01-20,Rt,2.17544785858778,2.25167228979157,2.28809469528644,2.30943249242553,2.36090404958674,2.51342199561189,Surged Additional 50% Reduction,Iraq,IRQ,2020-06-17,v3
2020-01-20,Rt,2.17544785858778,2.25167228979157,2.28809469528644,2.30943249242553,2.36090404958674,2.51342199561189,Surged Maintain Status Quo,Iraq,IRQ,2020-06-17,v3
2020-01-20,Rt,2.17544785858778,2.25167228979157,2.28809469528644,2.30943249242553,2.36090404958674,2.51342199561189,Surged Relax Interventions 50%,Iraq,IRQ,2020-06-17,v3
2020-01-21,Rt,2.15635258547878,2.24787103672558,2.29704407029331,2.30564079049272,2.34584300368928,2.50888264968233,Additional 50% Reduction,Iraq,IRQ,2020-06-17,v3
2020-01-21,Rt,2.15635258547878,2.24787103672558,2.29704407029331,2.30564079049272,2.34584300368928,2.50888264968233,Maintain Status Quo,Iraq,IRQ,2020-06-17,v3
2020-01-21,Rt,2.15635258547878,2.24787103672558,2.29704407029331,2.30564079049272,2.34584300368928,2.50888264968233,Relax Interventions 50%,Iraq,IRQ,2020-06-17,v3
2020-01-21,Rt,2.17544785858778,2.25167228979157,2.28809469528644,2.30943249242553,2.36090404958674,2.51342199561189,Surged Additional 50% Reduction,Iraq,IRQ,2020-06-17,v3
2020-01-21,Rt,2.17544785858778,2.25167228979157,2.28809469528644,2.30943249242553,2.36090404958674,2.51342199561189,Surged Maintain Status Quo,Iraq,IRQ,2020-06-17,v3
2020-01-21,Rt,2.17544785858778,2.25167228979157,2.28809469528644,2.30943249242553,2.36090404958674,2.51342199561189,Surged Relax Interventions 50%,Iraq,IRQ,2020-06-17,v3
2020-01-22,Rt,2.15635258547878,2.24787103672558,2.29704407029331,2.30564079049272,2.34584300368928,2.50888264968233,Additional 50% Reduction,Iraq,IRQ,2020-06-17,v3
2020-01-22,Rt,2.15635258547878,2.24787103672558,2.29704407029331,2.30564079049272,2.34584300368928,2.50888264968233,Maintain Status Quo,Iraq,IRQ,2020-06-17,v3
2020-01-22,Rt,2.15635258547878,2.24787103672558,2.29704407029331,2.30564079049272,2.34584300368928,2.50888264968233,Relax Interventions 50%,Iraq,IRQ,2020-06-17,v3
2020-01-22,Rt,2.17544785858778,2.25167228979157,2.28809469528644,2.30943249242553,2.36090404958674,2.51342199561189,Surged Additional 50% Reduction,Iraq,IRQ,2020-06-17,v3
2020-01-22,Rt,2.17544785858778,2.25167228979157,2.28809469528644,2.30943249242553,2.36090404958674,2.51342199561189,Surged Maintain Status Quo,Iraq,IRQ,2020-06-17,v3
2020-01-22,Rt,2.17544785858778,2.25167228979157,2.28809469528644,2.30943249242553,2.36090404958674,2.51342199561189,Surged Relax Interventions 50%,Iraq,IRQ,2020-06-17,v3
2020-01-23,Rt,2.15635258547878,2.24787103672558,2.29704407029331,2.30564079049272,2.34584300368928,2.50888264968233,Additional 50% Reduction,Iraq,IRQ,2020-06-17,v3
2020-01-23,Rt,2.15635258547878,2.24787103672558,2.29704407029331,2.30564079049272,2.34584300368928,2.50888264968233,Maintain Status Quo,Iraq,IRQ,2020-06-17,v3
2020-01-23,Rt,2.15635258547878,2.24787103672558,2.29704407029331,2.30564079049272,2.34584300368928,2.50888264968233,Relax Interventions 50%,Iraq,IRQ,2020-06-17,v3
2020-01-23,Rt,2.17544785858778,2.25167228979157,2.28809469528644,2.30943249242553,2.36090404958674,2.51342199561189,Surged Additional 50% Reduction,Iraq,IRQ,2020-06-17,v3
2020-01-23,Rt,2.17544785858778,2.25167228979157,2.28809469528644,2.30943249242553,2.36090404958674,2.51342199561189,Surged Maintain Status Quo,Iraq,IRQ,2020-06-17,v3
2020-01-23,Rt,2.17544785858778,2.25167228979157,2.28809469528644,2.30943249242553,2.36090404958674,2.51342199561189,Surged Relax Interventions 50%,Iraq,IRQ,2020-06-17,v3
2020-01-24,Rt,2.15635258547878,2.24787103672558,2.29704407029331,2.30564079049272,2.34584300368928,2.50888264968233,Additional 50% Reduction,Iraq,IRQ,2020-06-17,v3
2020-01-24,Rt,2.15635258547878,2.24787103672558,2.29704407029331,2.30564079049272,2.34584300368928,2.50888264968233,Maintain Status Quo,Iraq,IRQ,2020-06-17,v3
2020-01-24,Rt,2.15635258547878,2.24787103672558,2.29704407029331,2.30564079049272,2.34584300368928,2.50888264968233,Relax Interventions 50%,Iraq,IRQ,2020-06-17,v3
2020-01-24,Rt,2.17544785858778,2.25167228979157,2.28809469528644,2.30943249242553,2.36090404958674,2.51342199561189,Surged Additional 50% Reduction,Iraq,IRQ,2020-06-17,v3
2020-01-24,Rt,2.17544785858778,2.25167228979157,2.28809469528644,2.30943249242553,2.36090404958674,2.51342199561189,Surged Maintain Status Quo,Iraq,IRQ,2020-06-17,v3
2020-01-24,Rt,2.17544785858778,2.25167228979157,2.28809469528644,2.30943249242553,2.36090404958674,2.51342199561189,Surged Relax Interventions 50%,Iraq,IRQ,2020-06-17,v3
2020-01-25,Rt,2.15635258547878,2.24787103672558,2.29704407029331,2.30564079049272,2.34584300368928,2.50888264968233,Additional 50% Reduction,Iraq,IRQ,2020-06-17,v3
2020-01-25,Rt,2.15635258547878,2.24787103672558,2.29704407029331,2.30564079049272,2.34584300368928,2.50888264968233,Maintain Status Quo,Iraq,IRQ,2020-06-17,v3
2020-01-25,Rt,2.15635258547878,2.24787103672558,2.29704407029331,2.30564079049272,2.34584300368928,2.50888264968233,Relax Interventions 50%,Iraq,IRQ,2020-06-17,v3
2020-01-25,Rt,2.17544785858778,2.25167228979157,2.28809469528644,2.30943249242553,2.36090404958674,2.51342199561189,Surged Additional 50% Reduction,Iraq,IRQ,2020-06-17,v3
2020-01-25,Rt,2.17544785858778,2.25167228979157,2.28809469528644,2.30943249242553,2.36090404958674,2.51342199561189,Surged Maintain Status Quo,Iraq,IRQ,2020-06-17,v3
2020-01-25,Rt,2.17544785858778,2.25167228979157,2.28809469528644,2.30943249242553,2.36090404958674,2.51342199561189,Surged Relax Interventions 50%,Iraq,IRQ,2020-06-17,v3
2020-01-26,cumulative_infections,0,0,0,0,0,0,Additional 50% Reduction,Iraq,IRQ,2020-06-17,v3
2020-01-26,deaths,0,0,0,0,0,0,Additional 50% Reduction,Iraq,IRQ,2020-06-17,v3
2020-01-26,hospital_demand,0,0,0,0,0,0,Additional 50% Reduction,Iraq,IRQ,2020-06-17,v3
2020-01-26,ICU_demand,0,0,0,0,0,0,Additional 50% Reduction,Iraq,IRQ,2020-06-17,v3
2020-01-26,infections,0,0,0,0,0,0,Additional 50% Reduction,Iraq,IRQ,2020-06-17,v3
2020-01-26,Rt,2.15620248933065,2.24787103672558,2.29704407029331,2.30221035498621,2.34584300368928,2.50888264968233,Additional 50% Reduction,Iraq,IRQ,2020-06-17,v3
2020-01-26,cumulative_infections,0,0,0,0,0,0,Maintain Status Quo,Iraq,IRQ,2020-06-17,v3
2020-01-26,deaths,0,0,0,0,0,0,Maintain Status Quo,Iraq,IRQ,2020-06-17,v3
2020-01-26,hospital_demand,0,0,0,0,0,0,Maintain Status Quo,Iraq,IRQ,2020-06-17,v3
2020-01-26,ICU_demand,0,0,0,0,0,0,Maintain Status Quo,Iraq,IRQ,2020-06-17,v3
2020-01-26,infections,0,0,0,0,0,0,Maintain Status Quo,Iraq,IRQ,2020-06-17,v3
2020-01-26,Rt,2.15620248933065,2.24787103672558,2.29704407029331,2.30221035498621,2.34584300368928,2.50888264968233,Maintain Status Quo,Iraq,IRQ,2020-06-17,v3
2020-01-26,cumulative_infections,0,0,0,0,0,0,Relax Interventions 50%,Iraq,IRQ,2020-06-17,v3
2020-01-26,deaths,0,0,0,0,0,0,Relax Interventions 50%,Iraq,IRQ,2020-06-17,v3
2020-01-26,hospital_demand,0,0,0,0,0,0,Relax Interventions 50%,Iraq,IRQ,2020-06-17,v3
2020-01-26,ICU_demand,0,0,0,0,0,0,Relax Interventions 50%,Iraq,IRQ,2020-06-17,v3
2020-01-26,infections,0,0,0,0,0,0,Relax Interventions 50%,Iraq,IRQ,2020-06-17,v3
2020-01-26,Rt,2.15620248933065,2.24787103672558,2.29704407029331,2.30221035498621,2.34584300368928,2.50888264968233,Relax Interventions 50%,Iraq,IRQ,2020-06-17,v3
2020-01-26,Rt,2.17544785858778,2.25167228979157,2.28809469528644,2.30943249242553,2.36090404958674,2.51342199561189,Surged Additional 50% Reduction,Iraq,IRQ,2020-06-17,v3
2020-01-26,Rt,2.17544785858778,2.25167228979157,2.28809469528644,2.30943249242553,2.36090404958674,2.51342199561189,Surged Maintain Status Quo,Iraq,IRQ,2020-06-17,v3
2020-01-26,Rt,2.17544785858778,2.25167228979157,2.28809469528644,2.30943249242553,2.36090404958674,2.51342199561189,Surged Relax Interventions 50%,Iraq,IRQ,2020-06-17,v3
2020-01-27,cumulative_infections,1.075,1.75,2.5,2.5,3.25,3.925,Additional 50% Reduction,Iraq,IRQ,2020-06-17,v3
2020-01-27,deaths,0,0,0,0,0,0,Additional 50% Reduction,Iraq,IRQ,2020-06-17,v3
2020-01-27,hospital_demand,0,0,0,0,0,0,Additional 50% Reduction,Iraq,IRQ,2020-06-17,v3
2020-01-27,ICU_demand,0,0,0,0,0,0,Additional 50% Reduction,Iraq,IRQ,2020-06-17,v3
2020-01-27,infections,1.075,1.75,2.5,2.5,3.25,3.925,Additional 50% Reduction,Iraq,IRQ,2020-06-17,v3
2020-01-27,Rt,1.82483623882213,2.24787103672558,2.29704407029331,2.26102254862457,2.34584300368928,2.50888264968233,Additional 50% Reduction,Iraq,IRQ,2020-06-17,v3
2020-01-27,cumulative_infections,1.075,1.75,2.5,2.5,3.25,3.925,Maintain Status Quo,Iraq,IRQ,2020-06-17,v3
2020-01-27,deaths,0,0,0,0,0,0,Maintain Status Quo,Iraq,IRQ,2020-06-17,v3
2020-01-27,hospital_demand,0,0,0,0,0,0,Maintain Status Quo,Iraq,IRQ,2020-06-17,v3
2020-01-27,ICU_demand,0,0,0,0,0,0,Maintain Status Quo,Iraq,IRQ,2020-06-17,v3
2020-01-27,infections,1.075,1.75,2.5,2.5,3.25,3.925,Maintain Status Quo,Iraq,IRQ,2020-06-17,v3
2020-01-27,Rt,1.82483623882213,2.24787103672558,2.29704407029331,2.26102254862457,2.34584300368928,2.50888264968233,Maintain Status Quo,Iraq,IRQ,2020-06-17,v3
2020-01-27,cumulative_infections,1.075,1.75,2.5,2.5,3.25,3.925,Relax Interventions 50%,Iraq,IRQ,2020-06-17,v3
2020-01-27,deaths,0,0,0,0,0,0,Relax Interventions 50%,Iraq,IRQ,2020-06-17,v3
2020-01-27,hospital_demand,0,0,0,0,0,0,Relax Interventions 50%,Iraq,IRQ,2020-06-17,v3
2020-01-27,ICU_demand,0,0,0,0,0,0,Relax Interventions 50%,Iraq,IRQ,2020-06-17,v3
2020-01-27,infections,1.075,1.75,2.5,2.5,3.25,3.925,Relax Interventions 50%,Iraq,IRQ,2020-06-17,v3
2020-01-27,Rt,1.82483623882213,2.24787103672558,2.29704407029331,2.26102254862457,2.34584300368928,2.50888264968233,Relax Interventions 50%,Iraq,IRQ,2020-06-17,v3
2020-01-27,cumulative_infections,0,0,0,0,0,0,Surged Additional 50% Reduction,Iraq,IRQ,2020-06-17,v3
2020-01-27,deaths,0,0,0,0,0,0,Surged Additional 50% Reduction,Iraq,IRQ,2020-06-17,v3
2020-01-27,hospital_demand,0,0,0,0,0,0,Surged Additional 50% Reduction,Iraq,IRQ,2020-06-17,v3
2020-01-27,ICU_demand,0,0,0,0,0,0,Surged Additional 50% Reduction,Iraq,IRQ,2020-06-17,v3
2020-01-27,infections,0,0,0,0,0,0,Surged Additional 50% Reduction,Iraq,IRQ,2020-06-17,v3
2020-01-27,Rt,1.84319881372659,2.2513596245753,2.28809469528644,2.27836504890399,2.36090404958674,2.51342199561189,Surged Additional 50% Reduction,Iraq,IRQ,2020-06-17,v3
2020-01-27,cumulative_infections,0,0,0,0,0,0,Surged Maintain Status Quo,Iraq,IRQ,2020-06-17,v3
2020-01-27,deaths,0,0,0,0,0,0,Surged Maintain Status Quo,Iraq,IRQ,2020-06-17,v3
2020-01-27,hospital_demand,0,0,0,0,0,0,Surged Maintain Status Quo,Iraq,IRQ,2020-06-17,v3
2020-01-27,ICU_demand,0,0,0,0,0,0,Surged Maintain Status Quo,Iraq,IRQ,2020-06-17,v3
2020-01-27,infections,0,0,0,0,0,0,Surged Maintain Status Quo,Iraq,IRQ,2020-06-17,v3
2020-01-27,Rt,1.84319881372659,2.2513596245753,2.28809469528644,2.27836504890399,2.36090404958674,2.51342199561189,Surged Maintain Status Quo,Iraq,IRQ,2020-06-17,v3
2020-01-27,cumulative_infections,0,0,0,0,0,0,Surged Relax Interventions 50%,Iraq,IRQ,2020-06-17,v3
2020-01-27,deaths,0,0,0,0,0,0,Surged Relax Interventions 50%,Iraq,IRQ,2020-06-17,v3
2020-01-27,hospital_demand,0,0,0,0,0,0,Surged Relax Interventions 50%,Iraq,IRQ,2020-06-17,v3
2020-01-27,ICU_demand,0,0,0,0,0,0,Surged Relax Interventions 50%,Iraq,IRQ,2020-06-17,v3
2020-01-27,infections,0,0,0,0,0,0,Surged Relax Interventions 50%,Iraq,IRQ,2020-06-17,v3
2020-01-27,Rt,1.84319881372659,2.2513596245753,2.28809469528644,2.27836504890399,2.36090404958674,2.51342199561189,Surged Relax Interventions 50%,Iraq,IRQ,2020-06-17,v3
2020-01-28,cumulative_infections,0,1,1,1.8,2,6.79999999999999,Additional 50% Reduction,Iraq,IRQ,2020-06-17,v3
2020-01-28,deaths,0,0,0,0,0,0,Additional 50% Reduction,Iraq,IRQ,2020-06-17,v3
2020-01-28,hospital_demand,0,0,0,0,0,0,Additional 50% Reduction,Iraq,IRQ,2020-06-17,v3
2020-01-28,ICU_demand,0,0,0,0,0,0,Additional 50% Reduction,Iraq,IRQ,2020-06-17,v3
2020-01-28,infections,0,1,1,1.6,2,5.2,Additional 50% Reduction,Iraq,IRQ,2020-06-17,v3
2020-01-28,Rt,1.82483623882213,1.88284121550962,2.29320091723066,2.1755620809818,2.34527046488783,2.50888264968233,Additional 50% Reduction,Iraq,IRQ,2020-06-17,v3
2020-01-28,cumulative_infections,0,1,1,1.8,2,6.79999999999999,Maintain Status Quo,Iraq,IRQ,2020-06-17,v3
2020-01-28,deaths,0,0,0,0,0,0,Maintain Status Quo,Iraq,IRQ,2020-06-17,v3
2020-01-28,hospital_demand,0,0,0,0,0,0,Maintain Status Quo,Iraq,IRQ,2020-06-17,v3
2020-01-28,ICU_demand,0,0,0,0,0,0,Maintain Status Quo,Iraq,IRQ,2020-06-17,v3
2020-01-28,infections,0,1,1,1.6,2,5.2,Maintain Status Quo,Iraq,IRQ,2020-06-17,v3
2020-01-28,Rt,1.82483623882213,1.88284121550962,2.29320091723066,2.1755620809818,2.34527046488783,2.50888264968233,Maintain Status Quo,Iraq,IRQ,2020-06-17,v3
2020-01-28,cumulative_infections,0,1,1,1.8,2,6.79999999999999,Relax Interventions 50%,Iraq,IRQ,2020-06-17,v3
2020-01-28,deaths,0,0,0,0,0,0,Relax Interventions 50%,Iraq,IRQ,2020-06-17,v3
2020-01-28,hospital_demand,0,0,0,0,0,0,Relax Interventions 50%,Iraq,IRQ,2020-06-17,v3
2020-01-28,ICU_demand,0,0,0,0,0,0,Relax Interventions 50%,Iraq,IRQ,2020-06-17,v3
2020-01-28,infections,0,1,1,1.6,2,5.2,Relax Interventions 50%,Iraq,IRQ,2020-06-17,v3
2020-01-28,Rt,1.82483623882213,1.88284121550962,2.29320091723066,2.1755620809818,2.34527046488783,2.50888264968233,Relax Interventions 50%,Iraq,IRQ,2020-06-17,v3
2020-01-28,cumulative_infections,0,1,1,1.52941176470588,2,4.6,Surged Additional 50% Reduction,Iraq,IRQ,2020-06-17,v3
2020-01-28,deaths,0,0,0,0,0,0,Surged Additional 50% Reduction,Iraq,IRQ,2020-06-17,v3
2020-01-28,hospital_demand,0,0,0,0,0,0,Surged Additional 50% Reduction,Iraq,IRQ,2020-06-17,v3
2020-01-28,ICU_demand,0,0,0,0,0,0,Surged Additional 50% Reduction,Iraq,IRQ,2020-06-17,v3
2020-01-28,infections,0,1,1,1.52941176470588,2,4.6,Surged Additional 50% Reduction,Iraq,IRQ,2020-06-17,v3
2020-01-28,Rt,1.8390908401189,1.88521595637222,2.28610374413456,2.18680417605044,2.35958463983893,2.51342199561189,Surged Additional 50% Reduction,Iraq,IRQ,2020-06-17,v3
2020-01-28,cumulative_infections,0,1,1,1.52941176470588,2,4.6,Surged Maintain Status Quo,Iraq,IRQ,2020-06-17,v3
2020-01-28,deaths,0,0,0,0,0,0,Surged Maintain Status Quo,Iraq,IRQ,2020-06-17,v3
2020-01-28,hospital_demand,0,0,0,0,0,0,Surged Maintain Status Quo,Iraq,IRQ,2020-06-17,v3
2020-01-28,ICU_demand,0,0,0,0,0,0,Surged Maintain Status Quo,Iraq,IRQ,2020-06-17,v3
2020-01-28,infections,0,1,1,1.52941176470588,2,4.6,Surged Maintain Status Quo,Iraq,IRQ,2020-06-17,v3
2020-01-28,Rt,1.8390908401189,1.88521595637222,2.28610374413456,2.18680417605044,2.35958463983893,2.51342199561189,Surged Maintain Status Quo,Iraq,IRQ,2020-06-17,v3
2020-01-28,cumulative_infections,0,1,1,1.52941176470588,2,4.6,Surged Relax Interventions 50%,Iraq,IRQ,2020-06-17,v3
2020-01-28,deaths,0,0,0,0,0,0,Surged Relax Interventions 50%,Iraq,IRQ,2020-06-17,v3
2020-01-28,hospital_demand,0,0,0,0,0,0,Surged Relax Interventions 50%,Iraq,IRQ,2020-06-17,v3
2020-01-28,ICU_demand,0,0,0,0,0,0,Surged Relax Interventions 50%,Iraq,IRQ,2020-06-17,v3
2020-01-28,infections,0,1,1,1.52941176470588,2,4.6,Surged Relax Interventions 50%,Iraq,IRQ,2020-06-17,v3
2020-01-28,Rt,1.8390908401189,1.88521595637222,2.28610374413456,2.18680417605044,2.35958463983893,2.51342199561189,Surged Relax Interventions 50%,Iraq,IRQ,2020-06-17,v3
2020-01-29,cumulative_infections,0,1,2,2.64285714285714,3,7,Additional 50% Reduction,Iraq,IRQ,2020-06-17,v3
2020-01-29,deaths,0,0,0,0,0,0,Additional 50% Reduction,Iraq,IRQ,2020-06-17,v3
2020-01-29,hospital_demand,0,0,0,0,0,0,Additional 50% Reduction,Iraq,IRQ,2020-06-17,v3
2020-01-29,ICU_demand,0,0,0,0,0,0,Additional 50% Reduction,Iraq,IRQ,2020-06-17,v3
2020-01-29,infections,0,1,2,2,3,5,Additional 50% Reduction,Iraq,IRQ,2020-06-17,v3
2020-01-29,Rt,1.82483623882213,1.87312603369881,1.91729690184759,2.08036925052564,2.33027872419394,2.50888264968233,Additional 50% Reduction,Iraq,IRQ,2020-06-17,v3
2020-01-29,cumulative_infections,0,1,2,2.64285714285714,3,7,Maintain Status Quo,Iraq,IRQ,2020-06-17,v3
2020-01-29,deaths,0,0,0,0,0,0,Maintain Status Quo,Iraq,IRQ,2020-06-17,v3
2020-01-29,hospital_demand,0,0,0,0,0,0,Maintain Status Quo,Iraq,IRQ,2020-06-17,v3
2020-01-29,ICU_demand,0,0,0,0,0,0,Maintain Status Quo,Iraq,IRQ,2020-06-17,v3
2020-01-29,infections,0,1,2,2,3,5,Maintain Status Quo,Iraq,IRQ,2020-06-17,v3
2020-01-29,Rt,1.82483623882213,1.87312603369881,1.91729690184759,2.08036925052564,2.33027872419394,2.50888264968233,Maintain Status Quo,Iraq,IRQ,2020-06-17,v3
2020-01-29,cumulative_infections,0,1,2,2.64285714285714,3,7,Relax Interventions 50%,Iraq,IRQ,2020-06-17,v3
2020-01-29,deaths,0,0,0,0,0,0,Relax Interventions 50%,Iraq,IRQ,2020-06-17,v3
2020-01-29,hospital_demand,0,0,0,0,0,0,Relax Interventions 50%,Iraq,IRQ,2020-06-17,v3
2020-01-29,ICU_demand,0,0,0,0,0,0,Relax Interventions 50%,Iraq,IRQ,2020-06-17,v3
2020-01-29,infections,0,1,2,2,3,5,Relax Interventions 50%,Iraq,IRQ,2020-06-17,v3
2020-01-29,Rt,1.82483623882213,1.87312603369881,1.91729690184759,2.08036925052564,2.33027872419394,2.50888264968233,Relax Interventions 50%,Iraq,IRQ,2020-06-17,v3
2020-01-29,cumulative_infections,0,1,2,2.12121212121212,2.75,7,Surged Additional 50% Reduction,Iraq,IRQ,2020-06-17,v3
2020-01-29,deaths,0,0,0,0,0,0,Surged Additional 50% Reduction,Iraq,IRQ,2020-06-17,v3
2020-01-29,hospital_demand,0,0,0,0.00840336134453781,0,0,Surged Additional 50% Reduction,Iraq,IRQ,2020-06-17,v3
2020-01-29,ICU_demand,0,0,0,0,0,0,Surged Additional 50% Reduction,Iraq,IRQ,2020-06-17,v3
2020-01-29,infections,0,1,1,1.72727272727273,2,5,Surged Additional 50% Reduction,Iraq,IRQ,2020-06-17,v3
2020-01-29,Rt,1.83801409048707,1.877531826454,1.90450340872641,2.08395386878605,2.34980983836092,2.51342199561189,Surged Additional 50% Reduction,Iraq,IRQ,2020-06-17,v3
2020-01-29,cumulative_infections,0,1,2,2.12121212121212,2.75,7,Surged Maintain Status Quo,Iraq,IRQ,2020-06-17,v3
2020-01-29,deaths,0,0,0,0,0,0,Surged Maintain Status Quo,Iraq,IRQ,2020-06-17,v3
2020-01-29,hospital_demand,0,0,0,0.00840336134453781,0,0,Surged Maintain Status Quo,Iraq,IRQ,2020-06-17,v3
2020-01-29,ICU_demand,0,0,0,0,0,0,Surged Maintain Status Quo,Iraq,IRQ,2020-06-17,v3
2020-01-29,infections,0,1,1,1.72727272727273,2,5,Surged Maintain Status Quo,Iraq,IRQ,2020-06-17,v3
2020-01-29,Rt,1.83801409048707,1.877531826454,1.90450340872641,2.08395386878605,2.34980983836092,2.51342199561189,Surged Maintain Status Quo,Iraq,IRQ,2020-06-17,v3
2020-01-29,cumulative_infections,0,1,2,2.12121212121212,2.75,7,Surged Relax Interventions 50%,Iraq,IRQ,2020-06-17,v3
2020-01-29,deaths,0,0,0,0,0,0,Surged Relax Interventions 50%,Iraq,IRQ,2020-06-17,v3
2020-01-29,hospital_demand,0,0,0,0.00840336134453781,0,0,Surged Relax Interventions 50%,Iraq,IRQ,2020-06-17,v3
2020-01-29,ICU_demand,0,0,0,0,0,0,Surged Relax Interventions 50%,Iraq,IRQ,2020-06-17,v3
2020-01-29,infections,0,1,1,1.72727272727273,2,5,Surged Relax Interventions 50%,Iraq,IRQ,2020-06-17,v3
2020-01-29,Rt,1.83801409048707,1.877531826454,1.90450340872641,2.08395386878605,2.34980983836092,2.51342199561189,Surged Relax Interventions 50%,Iraq,IRQ,2020-06-17,v3
2020-01-30,cumulative_infections,0,1,4,4.15254237288136,6,11.075,Additional 50% Reduction,Iraq,IRQ,2020-06-17,v3
2020-01-30,deaths,0,0,0,0,0,0,Additional 50% Reduction,Iraq,IRQ,2020-06-17,v3
2020-01-30,hospital_demand,0,0,0,0,0,0,Additional 50% Reduction,Iraq,IRQ,2020-06-17,v3
2020-01-30,ICU_demand,0,0,0,0,0,0,Additional 50% Reduction,Iraq,IRQ,2020-06-17,v3
2020-01-30,infections,0,1,3,2.58474576271186,4,6,Additional 50% Reduction,Iraq,IRQ,2020-06-17,v3
2020-01-30,Rt,1.82483623882213,1.87312603369881,1.9067376262109,1.98853359285218,1.93762480768143,2.50888264968233,Additional 50% Reduction,Iraq,IRQ,2020-06-17,v3
2020-01-30,cumulative_infections,0,1,4,4.15254237288136,6,11.075,Maintain Status Quo,Iraq,IRQ,2020-06-17,v3
2020-01-30,deaths,0,0,0,0,0,0,Maintain Status Quo,Iraq,IRQ,2020-06-17,v3
2020-01-30,hospital_demand,0,0,0,0,0,0,Maintain Status Quo,Iraq,IRQ,2020-06-17,v3
2020-01-30,ICU_demand,0,0,0,0,0,0,Maintain Status Quo,Iraq,IRQ,2020-06-17,v3
2020-01-30,infections,0,1,3,2.58474576271186,4,6,Maintain Status Quo,Iraq,IRQ,2020-06-17,v3
2020-01-30,Rt,1.82483623882213,1.87312603369881,1.9067376262109,1.98853359285218,1.93762480768143,2.50888264968233,Maintain Status Quo,Iraq,IRQ,2020-06-17,v3
2020-01-30,cumulative_infections,0,1,4,4.15254237288136,6,11.075,Relax Interventions 50%,Iraq,IRQ,2020-06-17,v3
2020-01-30,deaths,0,0,0,0,0,0,Relax Interventions 50%,Iraq,IRQ,2020-06-17,v3
2020-01-30,hospital_demand,0,0,0,0,0,0,Relax Interventions 50%,Iraq,IRQ,2020-06-17,v3
2020-01-30,ICU_demand,0,0,0,0,0,0,Relax Interventions 50%,Iraq,IRQ,2020-06-17,v3
2020-01-30,infections,0,1,3,2.58474576271186,4,6,Relax Interventions 50%,Iraq,IRQ,2020-06-17,v3
2020-01-30,Rt,1.82483623882213,1.87312603369881,1.9067376262109,1.98853359285218,1.93762480768143,2.50888264968233,Relax Interventions 50%,Iraq,IRQ,2020-06-17,v3
2020-01-30,cumulative_infections,0,1,3,3.4453781512605,5,10,Surged Additional 50% Reduction,Iraq,IRQ,2020-06-17,v3
2020-01-30,deaths,0,0,0,0,0,0,Surged Additional 50% Reduction,Iraq,IRQ,2020-06-17,v3
2020-01-30,hospital_demand,0,0,0,0.0123456790123457,0,0,Surged Additional 50% Reduction,Iraq,IRQ,2020-06-17,v3
2020-01-30,ICU_demand,0,0,0,0,0,0,Surged Additional 50% Reduction,Iraq,IRQ,2020-06-17,v3
2020-01-30,infections,0,1,2,2.26890756302521,3,5,Surged Additional 50% Reduction,Iraq,IRQ,2020-06-17,v3
2020-01-30,Rt,1.83801409048707,1.877531826454,1.90295350562761,1.99917354272645,1.94552235381251,2.51342199561189,Surged Additional 50% Reduction,Iraq,IRQ,2020-06-17,v3
2020-01-30,cumulative_infections,0,1,3,3.4453781512605,5,10,Surged Maintain Status Quo,Iraq,IRQ,2020-06-17,v3
2020-01-30,deaths,0,0,0,0,0,0,Surged Maintain Status Quo,Iraq,IRQ,2020-06-17,v3
2020-01-30,hospital_demand,0,0,0,0.0123456790123457,0,0,Surged Maintain Status Quo,Iraq,IRQ,2020-06-17,v3
2020-01-30,ICU_demand,0,0,0,0,0,0,Surged Maintain Status Quo,Iraq,IRQ,2020-06-17,v3
2020-01-30,infections,0,1,2,2.26890756302521,3,5,Surged Maintain Status Quo,Iraq,IRQ,2020-06-17,v3
2020-01-30,Rt,1.83801409048707,1.877531826454,1.90295350562761,1.99917354272645,1.94552235381251,2.51342199561189,Surged Maintain Status Quo,Iraq,IRQ,2020-06-17,v3
2020-01-30,cumulative_infections,0,1,3,3.4453781512605,5,10,Surged Relax Interventions 50%,Iraq,IRQ,2020-06-17,v3
2020-01-30,deaths,0,0,0,0,0,0,Surged Relax Interventions 50%,Iraq,IRQ,2020-06-17,v3
2020-01-30,hospital_demand,0,0,0,0.0123456790123457,0,0,Surged Relax Interventions 50%,Iraq,IRQ,2020-06-17,v3
2020-01-30,ICU_demand,0,0,0,0,0,0,Surged Relax Interventions 50%,Iraq,IRQ,2020-06-17,v3
2020-01-30,infections,0,1,2,2.26890756302521,3,5,Surged Relax Interventions 50%,Iraq,IRQ,2020-06-17,v3
2020-01-30,Rt,1.83801409048707,1.877531826454,1.90295350562761,1.99917354272645,1.94552235381251,2.51342199561189,Surged Relax Interventions 50%,Iraq,IRQ,2020-06-17,v3
2020-01-31,cumulative_infections,0,2,5,5.65454545454545,9,14.9,Additional 50% Reduction,Iraq,IRQ,2020-06-17,v3
2020-01-31,deaths,0,0,0,0,0,0,Additional 50% Reduction,Iraq,IRQ,2020-06-17,v3
2020-01-31,hospital_demand,0,0,0,0.00552486187845304,0,0,Additional 50% Reduction,Iraq,IRQ,2020-06-17,v3
2020-01-31,ICU_demand,0,0,0,0,0,0,Additional 50% Reduction,Iraq,IRQ,2020-06-17,v3
2020-01-31,infections,0,1,2,2.68484848484849,4,6,Additional 50% Reduction,Iraq,IRQ,2020-06-17,v3
2020-01-31,Rt,1.82483623882213,1.87312603369881,1.9067376262109,1.95375876584397,1.93755805590269,2.50443281541434,Additional 50% Reduction,Iraq,IRQ,2020-06-17,v3
2020-01-31,cumulative_infections,0,2,5,5.65454545454545,9,14.9,Maintain Status Quo,Iraq,IRQ,2020-06-17,v3
2020-01-31,deaths,0,0,0,0,0,0,Maintain Status Quo,Iraq,IRQ,2020-06-17,v3
2020-01-31,hospital_demand,0,0,0,0.00552486187845304,0,0,Maintain Status Quo,Iraq,IRQ,2020-06-17,v3
2020-01-31,ICU_demand,0,0,0,0,0,0,Maintain Status Quo,Iraq,IRQ,2020-06-17,v3
2020-01-31,infections,0,1,2,2.68484848484849,4,6,Maintain Status Quo,Iraq,IRQ,2020-06-17,v3
2020-01-31,Rt,1.82483623882213,1.87312603369881,1.9067376262109,1.95375876584397,1.93755805590269,2.50443281541434,Maintain Status Quo,Iraq,IRQ,2020-06-17,v3
2020-01-31,cumulative_infections,0,2,5,5.65454545454545,9,14.9,Relax Interventions 50%,Iraq,IRQ,2020-06-17,v3
2020-01-31,deaths,0,0,0,0,0,0,Relax Interventions 50%,Iraq,IRQ,2020-06-17,v3
2020-01-31,hospital_demand,0,0,0,0.00552486187845304,0,0,Relax Interventions 50%,Iraq,IRQ,2020-06-17,v3
2020-01-31,ICU_demand,0,0,0,0,0,0,Relax Interventions 50%,Iraq,IRQ,2020-06-17,v3
2020-01-31,infections,0,1,2,2.68484848484849,4,6,Relax Interventions 50%,Iraq,IRQ,2020-06-17,v3
2020-01-31,Rt,1.82483623882213,1.87312603369881,1.9067376262109,1.95375876584397,1.93755805590269,2.50443281541434,Relax Interventions 50%,Iraq,IRQ,2020-06-17,v3
2020-01-31,cumulative_infections,0,3,5,5.67283950617284,8,14,Surged Additional 50% Reduction,Iraq,IRQ,2020-06-17,v3
2020-01-31,deaths,0,0,0,0,0,0,Surged Additional 50% Reduction,Iraq,IRQ,2020-06-17,v3
2020-01-31,hospital_demand,0,0,0,0.0162162162162162,0,0,Surged Additional 50% Reduction,Iraq,IRQ,2020-06-17,v3
2020-01-31,ICU_demand,0,0,0,0,0,0,Surged Additional 50% Reduction,Iraq,IRQ,2020-06-17,v3
2020-01-31,infections,0,2,3,3.14197530864198,4,7,Surged Additional 50% Reduction,Iraq,IRQ,2020-06-17,v3
2020-01-31,Rt,1.83801409048707,1.877531826454,1.90295350562761,1.9492956860662,1.94352031124049,2.50667612906734,Surged Additional 50% Reduction,Iraq,IRQ,2020-06-17,v3
2020-01-31,cumulative_infections,0,3,5,5.67283950617284,8,14,Surged Maintain Status Quo,Iraq,IRQ,2020-06-17,v3
2020-01-31,deaths,0,0,0,0,0,0,Surged Maintain Status Quo,Iraq,IRQ,2020-06-17,v3
2020-01-31,hospital_demand,0,0,0,0.0162162162162162,0,0,Surged Maintain Status Quo,Iraq,IRQ,2020-06-17,v3
2020-01-31,ICU_demand,0,0,0,0,0,0,Surged Maintain Status Quo,Iraq,IRQ,2020-06-17,v3
2020-01-31,infections,0,2,3,3.14197530864198,4,7,Surged Maintain Status Quo,Iraq,IRQ,2020-06-17,v3
2020-01-31,Rt,1.83801409048707,1.877531826454,1.90295350562761,1.9492956860662,1.94352031124049,2.50667612906734,Surged Maintain Status Quo,Iraq,IRQ,2020-06-17,v3
2020-01-31,cumulative_infections,0,3,5,5.67283950617284,8,14,Surged Relax Interventions 50%,Iraq,IRQ,2020-06-17,v3
2020-01-31,deaths,0,0,0,0,0,0,Surged Relax Interventions 50%,Iraq,IRQ,2020-06-17,v3
2020-01-31,hospital_demand,0,0,0,0.0162162162162162,0,0,Surged Relax Interventions 50%,Iraq,IRQ,2020-06-17,v3
2020-01-31,ICU_demand,0,0,0,0,0,0,Surged Relax Interventions 50%,Iraq,IRQ,2020-06-17,v3
2020-01-31,infections,0,2,3,3.14197530864198,4,7,Surged Relax Interventions 50%,Iraq,IRQ,2020-06-17,v3
2020-01-31,Rt,1.83801409048707,1.877531826454,1.90295350562761,1.9492956860662,1.94352031124049,2.50667612906734,Surged Relax Interventions 50%,Iraq,IRQ,2020-06-17,v3
2020-02-01,cumulative_infections,1,5,8,8.71270718232044,13,18,Additional 50% Reduction,Iraq,IRQ,2020-06-17,v3
2020-02-01,deaths,0,0,0,0,0,0,Additional 50% Reduction,Iraq,IRQ,2020-06-17,v3
2020-02-01,hospital_demand,0,0,0,0.0263157894736842,0,0.275000000000006,Additional 50% Reduction,Iraq,IRQ,2020-06-17,v3
2020-02-01,ICU_demand,0,0,0,0,0,0,Additional 50% Reduction,Iraq,IRQ,2020-06-17,v3
2020-02-01,infections,0,2,3,3.55801104972376,5,7.5,Additional 50% Reduction,Iraq,IRQ,2020-06-17,v3
2020-02-01,Rt,1.82483623882213,1.87312603369881,1.9067376262109,1.93441101971526,1.93755805590269,2.50071177064325,Additional 50% Reduction,Iraq,IRQ,2020-06-17,v3
2020-02-01,cumulative_infections,1,5,8,8.71270718232044,13,18,Maintain Status Quo,Iraq,IRQ,2020-06-17,v3
2020-02-01,deaths,0,0,0,0,0,0,Maintain Status Quo,Iraq,IRQ,2020-06-17,v3
2020-02-01,hospital_demand,0,0,0,0.0263157894736842,0,0.275000000000006,Maintain Status Quo,Iraq,IRQ,2020-06-17,v3
2020-02-01,ICU_demand,0,0,0,0,0,0,Maintain Status Quo,Iraq,IRQ,2020-06-17,v3
2020-02-01,infections,0,2,3,3.55801104972376,5,7.5,Maintain Status Quo,Iraq,IRQ,2020-06-17,v3
2020-02-01,Rt,1.82483623882213,1.87312603369881,1.9067376262109,1.93441101971526,1.93755805590269,2.50071177064325,Maintain Status Quo,Iraq,IRQ,2020-06-17,v3
2020-02-01,cumulative_infections,1,5,8,8.71270718232044,13,18,Relax Interventions 50%,Iraq,IRQ,2020-06-17,v3
2020-02-01,deaths,0,0,0,0,0,0,Relax Interventions 50%,Iraq,IRQ,2020-06-17,v3
2020-02-01,hospital_demand,0,0,0,0.0263157894736842,0,0.275000000000006,Relax Interventions 50%,Iraq,IRQ,2020-06-17,v3
2020-02-01,ICU_demand,0,0,0,0,0,0,Relax Interventions 50%,Iraq,IRQ,2020-06-17,v3
2020-02-01,infections,0,2,3,3.55801104972376,5,7.5,Relax Interventions 50%,Iraq,IRQ,2020-06-17,v3
2020-02-01,Rt,1.82483623882213,1.87312603369881,1.9067376262109,1.93441101971526,1.93755805590269,2.50071177064325,Relax Interventions 50%,Iraq,IRQ,2020-06-17,v3
2020-02-01,cumulative_infections,0,4,8,8.43243243243243,12,19.4,Surged Additional 50% Reduction,Iraq,IRQ,2020-06-17,v3
2020-02-01,deaths,0,0,0,0,0,0,Surged Additional 50% Reduction,Iraq,IRQ,2020-06-17,v3
2020-02-01,hospital_demand,0,0,0,0.0362694300518135,0,1,Surged Additional 50% Reduction,Iraq,IRQ,2020-06-17,v3
2020-02-01,ICU_demand,0,0,0,0,0,0,Surged Additional 50% Reduction,Iraq,IRQ,2020-06-17,v3
2020-02-01,infections,0,2,3,3.46486486486487,5,7,Surged Additional 50% Reduction,Iraq,IRQ,2020-06-17,v3
2020-02-01,Rt,1.83801409048707,1.877531826454,1.90295350562761,1.93151344495345,1.94352031124049,2.47433548669122,Surged Additional 50% Reduction,Iraq,IRQ,2020-06-17,v3
2020-02-01,cumulative_infections,0,4,8,8.43243243243243,12,19.4,Surged Maintain Status Quo,Iraq,IRQ,2020-06-17,v3
2020-02-01,deaths,0,0,0,0,0,0,Surged Maintain Status Quo,Iraq,IRQ,2020-06-17,v3
2020-02-01,hospital_demand,0,0,0,0.0362694300518135,0,1,Surged Maintain Status Quo,Iraq,IRQ,2020-06-17,v3
2020-02-01,ICU_demand,0,0,0,0,0,0,Surged Maintain Status Quo,Iraq,IRQ,2020-06-17,v3
2020-02-01,infections,0,2,3,3.46486486486487,5,7,Surged Maintain Status Quo,Iraq,IRQ,2020-06-17,v3
2020-02-01,Rt,1.83801409048707,1.877531826454,1.90295350562761,1.93151344495345,1.94352031124049,2.47433548669122,Surged Maintain Status Quo,Iraq,IRQ,2020-06-17,v3
2020-02-01,cumulative_infections,0,4,8,8.43243243243243,12,19.4,Surged Relax Interventions 50%,Iraq,IRQ,2020-06-17,v3
2020-02-01,deaths,0,0,0,0,0,0,Surged Relax Interventions 50%,Iraq,IRQ,2020-06-17,v3
2020-02-01,hospital_demand,0,0,0,0.0362694300518135,0,1,Surged Relax Interventions 50%,Iraq,IRQ,2020-06-17,v3
2020-02-01,ICU_demand,0,0,0,0,0,0,Surged Relax Interventions 50%,Iraq,IRQ,2020-06-17,v3
2020-02-01,infections,0,2,3,3.46486486486487,5,7,Surged Relax Interventions 50%,Iraq,IRQ,2020-06-17,v3
2020-02-01,Rt,1.83801409048707,1.877531826454,1.90295350562761,1.93151344495345,1.94352031124049,2.47433548669122,Surged Relax Interventions 50%,Iraq,IRQ,2020-06-17,v3
2020-02-02,cumulative_infections,0.725000000000001,8,12,12.4105263157895,17,23,Additional 50% Reduction,Iraq,IRQ,2020-06-17,v3
2020-02-02,deaths,0,0,0,0,0,0,Additional 50% Reduction,Iraq,IRQ,2020-06-17,v3
2020-02-02,hospital_demand,0,0,0,0.075,0,1,Additional 50% Reduction,Iraq,IRQ,2020-06-17,v3
2020-02-02,ICU_demand,0,0,0,0,0,0,Additional 50% Reduction,Iraq,IRQ,2020-06-17,v3
2020-02-02,infections,0,3,4,4.11052631578947,6,9,Additional 50% Reduction,Iraq,IRQ,2020-06-17,v3
2020-02-02,Rt,1.82483623882213,1.87312603369881,1.9067376262109,1.91209816566775,1.93755805590269,2.05206761103431,Additional 50% Reduction,Iraq,IRQ,2020-06-17,v3
2020-02-02,cumulative_infections,0.725000000000001,8,12,12.4105263157895,17,23,Maintain Status Quo,Iraq,IRQ,2020-06-17,v3
2020-02-02,deaths,0,0,0,0,0,0,Maintain Status Quo,Iraq,IRQ,2020-06-17,v3
2020-02-02,hospital_demand,0,0,0,0.075,0,1,Maintain Status Quo,Iraq,IRQ,2020-06-17,v3
2020-02-02,ICU_demand,0,0,0,0,0,0,Maintain Status Quo,Iraq,IRQ,2020-06-17,v3
2020-02-02,infections,0,3,4,4.11052631578947,6,9,Maintain Status Quo,Iraq,IRQ,2020-06-17,v3
2020-02-02,Rt,1.82483623882213,1.87312603369881,1.9067376262109,1.91209816566775,1.93755805590269,2.05206761103431,Maintain Status Quo,Iraq,IRQ,2020-06-17,v3
2020-02-02,cumulative_infections,0.725000000000001,8,12,12.4105263157895,17,23,Relax Interventions 50%,Iraq,IRQ,2020-06-17,v3
2020-02-02,deaths,0,0,0,0,0,0,Relax Interventions 50%,Iraq,IRQ,2020-06-17,v3
2020-02-02,hospital_demand,0,0,0,0.075,0,1,Relax Interventions 50%,Iraq,IRQ,2020-06-17,v3
2020-02-02,ICU_demand,0,0,0,0,0,0,Relax Interventions 50%,Iraq,IRQ,2020-06-17,v3
2020-02-02,infections,0,3,4,4.11052631578947,6,9,Relax Interventions 50%,Iraq,IRQ,2020-06-17,v3
2020-02-02,Rt,1.82483623882213,1.87312603369881,1.9067376262109,1.91209816566775,1.93755805590269,2.05206761103431,Relax Interventions 50%,Iraq,IRQ,2020-06-17,v3
2020-02-02,cumulative_infections,1.8,7,12,12.1554404145078,16,24.2,Surged Additional 50% Reduction,Iraq,IRQ,2020-06-17,v3
2020-02-02,deaths,0,0,0,0,0,0,Surged Additional 50% Reduction,Iraq,IRQ,2020-06-17,v3
2020-02-02,hospital_demand,0,0,0,0.0612244897959184,0,1,Surged Additional 50% Reduction,Iraq,IRQ,2020-06-17,v3
2020-02-02,ICU_demand,0,0,0,0.00510204081632653,0,0,Surged Additional 50% Reduction,Iraq,IRQ,2020-06-17,v3
2020-02-02,infections,0.800000000000001,3,4,4.07253886010363,5,8,Surged Additional 50% Reduction,Iraq,IRQ,2020-06-17,v3
2020-02-02,Rt,1.83801409048707,1.877531826454,1.90295350562761,1.92483023431141,1.94352031124049,2.06347930432551,Surged Additional 50% Reduction,Iraq,IRQ,2020-06-17,v3
2020-02-02,cumulative_infections,1.8,7,12,12.1554404145078,16,24.2,Surged Maintain Status Quo,Iraq,IRQ,2020-06-17,v3
2020-02-02,deaths,0,0,0,0,0,0,Surged Maintain Status Quo,Iraq,IRQ,2020-06-17,v3
2020-02-02,hospital_demand,0,0,0,0.0612244897959184,0,1,Surged Maintain Status Quo,Iraq,IRQ,2020-06-17,v3
2020-02-02,ICU_demand,0,0,0,0.00510204081632653,0,0,Surged Maintain Status Quo,Iraq,IRQ,2020-06-17,v3
2020-02-02,infections,0.800000000000001,3,4,4.07253886010363,5,8,Surged Maintain Status Quo,Iraq,IRQ,2020-06-17,v3
2020-02-02,Rt,1.83801409048707,1.877531826454,1.90295350562761,1.92483023431141,1.94352031124049,2.06347930432551,Surged Maintain Status Quo,Iraq,IRQ,2020-06-17,v3
2020-02-02,cumulative_infections,1.8,7,12,12.1554404145078,16,24.2,Surged Relax Interventions 50%,Iraq,IRQ,2020-06-17,v3
2020-02-02,deaths,0,0,0,0,0,0,Surged Relax Interventions 50%,Iraq,IRQ,2020-06-17,v3
2020-02-02,hospital_demand,0,0,0,0.0612244897959184,0,1,Surged Relax Interventions 50%,Iraq,IRQ,2020-06-17,v3
2020-02-02,ICU_demand,0,0,0,0.00510204081632653,0,0,Surged Relax Interventions 50%,Iraq,IRQ,2020-06-17,v3
2020-02-02,infections,0.800000000000001,3,4,4.07253886010363,5,8,Surged Relax Interventions 50%,Iraq,IRQ,2020-06-17,v3
2020-02-02,Rt,1.83801409048707,1.877531826454,1.90295350562761,1.92483023431141,1.94352031124049,2.06347930432551,Surged Relax Interventions 50%,Iraq,IRQ,2020-06-17,v3
2020-02-03,cumulative_infections,1,11,16,16.325,22,30,Additional 50% Reduction,Iraq,IRQ,2020-06-17,v3
2020-02-03,deaths,0,0,0,0,0,0,Additional 50% Reduction,Iraq,IRQ,2020-06-17,v3
2020-02-03,hospital_demand,0,0,0,0.14,0,1,Additional 50% Reduction,Iraq,IRQ,2020-06-17,v3
2020-02-03,ICU_demand,0,0,0,0.01,0,0,Additional 50% Reduction,Iraq,IRQ,2020-06-17,v3
2020-02-03,infections,1,3,4,4.535,6,9,Additional 50% Reduction,Iraq,IRQ,2020-06-17,v3
2020-02-03,Rt,1.82483623882213,1.87312603369881,1.9067376262109,1.91209816566775,1.93755805590269,2.05206761103431,Additional 50% Reduction,Iraq,IRQ,2020-06-17,v3
2020-02-03,cumulative_infections,1,11,16,16.325,22,30,Maintain Status Quo,Iraq,IRQ,2020-06-17,v3
2020-02-03,deaths,0,0,0,0,0,0,Maintain Status Quo,Iraq,IRQ,2020-06-17,v3
2020-02-03,hospital_demand,0,0,0,0.14,0,1,Maintain Status Quo,Iraq,IRQ,2020-06-17,v3
2020-02-03,ICU_demand,0,0,0,0.01,0,0,Maintain Status Quo,Iraq,IRQ,2020-06-17,v3
2020-02-03,infections,1,3,4,4.535,6,9,Maintain Status Quo,Iraq,IRQ,2020-06-17,v3
2020-02-03,Rt,1.82483623882213,1.87312603369881,1.9067376262109,1.91209816566775,1.93755805590269,2.05206761103431,Maintain Status Quo,Iraq,IRQ,2020-06-17,v3
2020-02-03,cumulative_infections,1,11,16,16.325,22,30,Relax Interventions 50%,Iraq,IRQ,2020-06-17,v3
2020-02-03,deaths,0,0,0,0,0,0,Relax Interventions 50%,Iraq,IRQ,2020-06-17,v3
2020-02-03,hospital_demand,0,0,0,0.14,0,1,Relax Interventions 50%,Iraq,IRQ,2020-06-17,v3
2020-02-03,ICU_demand,0,0,0,0.01,0,0,Relax Interventions 50%,Iraq,IRQ,2020-06-17,v3
2020-02-03,infections,1,3,4,4.535,6,9,Relax Interventions 50%,Iraq,IRQ,2020-06-17,v3
2020-02-03,Rt,1.82483623882213,1.87312603369881,1.9067376262109,1.91209816566775,1.93755805590269,2.05206761103431,Relax Interventions 50%,Iraq,IRQ,2020-06-17,v3
2020-02-03,cumulative_infections,2.875,12,16,16.9234693877551,21,35,Surged Additional 50% Reduction,Iraq,IRQ,2020-06-17,v3
2020-02-03,deaths,0,0,0,0,0,0,Surged Additional 50% Reduction,Iraq,IRQ,2020-06-17,v3
2020-02-03,hospital_demand,0,0,0,0.116751269035533,0,1,Surged Additional 50% Reduction,Iraq,IRQ,2020-06-17,v3
2020-02-03,ICU_demand,0,0,0,0.0101522842639594,0,0,Surged Additional 50% Reduction,Iraq,IRQ,2020-06-17,v3
2020-02-03,infections,1,3,5,4.95408163265306,6,11.125,Surged Additional 50% Reduction,Iraq,IRQ,2020-06-17,v3
2020-02-03,Rt,1.83801409048707,1.877531826454,1.90295350562761,1.92266069782818,1.94352031124049,2.04386927519344,Surged Additional 50% Reduction,Iraq,IRQ,2020-06-17,v3
2020-02-03,cumulative_infections,2.875,12,16,16.9234693877551,21,35,Surged Maintain Status Quo,Iraq,IRQ,2020-06-17,v3
2020-02-03,deaths,0,0,0,0,0,0,Surged Maintain Status Quo,Iraq,IRQ,2020-06-17,v3
2020-02-03,hospital_demand,0,0,0,0.116751269035533,0,1,Surged Maintain Status Quo,Iraq,IRQ,2020-06-17,v3
2020-02-03,ICU_demand,0,0,0,0.0101522842639594,0,0,Surged Maintain Status Quo,Iraq,IRQ,2020-06-17,v3
2020-02-03,infections,1,3,5,4.95408163265306,6,11.125,Surged Maintain Status Quo,Iraq,IRQ,2020-06-17,v3
2020-02-03,Rt,1.83801409048707,1.877531826454,1.90295350562761,1.92266069782818,1.94352031124049,2.04386927519344,Surged Maintain Status Quo,Iraq,IRQ,2020-06-17,v3
2020-02-03,cumulative_infections,2.875,12,16,16.9234693877551,21,35,Surged Relax Interventions 50%,Iraq,IRQ,2020-06-17,v3
2020-02-03,deaths,0,0,0,0,0,0,Surged Relax Interventions 50%,Iraq,IRQ,2020-06-17,v3
2020-02-03,hospital_demand,0,0,0,0.116751269035533,0,1,Surged Relax Interventions 50%,Iraq,IRQ,2020-06-17,v3
2020-02-03,ICU_demand,0,0,0,0.0101522842639594,0,0,Surged Relax Interventions 50%,Iraq,IRQ,2020-06-17,v3
2020-02-03,infections,1,3,5,4.95408163265306,6,11.125,Surged Relax Interventions 50%,Iraq,IRQ,2020-06-17,v3
2020-02-03,Rt,1.83801409048707,1.877531826454,1.90295350562761,1.92266069782818,1.94352031124049,2.04386927519344,Surged Relax Interventions 50%,Iraq,IRQ,2020-06-17,v3
2020-02-04,cumulative_infections,5,15.75,21,21.71,28,38.05,Additional 50% Reduction,Iraq,IRQ,2020-06-17,v3
2020-02-04,deaths,0,0,0,0,0,0,Additional 50% Reduction,Iraq,IRQ,2020-06-17,v3
2020-02-04,hospital_demand,0,0,0,0.185,0,1,Additional 50% Reduction,Iraq,IRQ,2020-06-17,v3
2020-02-04,ICU_demand,0,0,0,0.015,0,0,Additional 50% Reduction,Iraq,IRQ,2020-06-17,v3
2020-02-04,infections,2,3.75,5,5.385,7,11.025,Additional 50% Reduction,Iraq,IRQ,2020-06-17,v3
2020-02-04,Rt,1.82483623882213,1.87312603369881,1.9067376262109,1.91209816566775,1.93755805590269,2.05206761103431,Additional 50% Reduction,Iraq,IRQ,2020-06-17,v3
2020-02-04,cumulative_infections,5,15.75,21,21.71,28,38.05,Maintain Status Quo,Iraq,IRQ,2020-06-17,v3
2020-02-04,deaths,0,0,0,0,0,0,Maintain Status Quo,Iraq,IRQ,2020-06-17,v3
2020-02-04,hospital_demand,0,0,0,0.185,0,1,Maintain Status Quo,Iraq,IRQ,2020-06-17,v3
2020-02-04,ICU_demand,0,0,0,0.015,0,0,Maintain Status Quo,Iraq,IRQ,2020-06-17,v3
2020-02-04,infections,2,3.75,5,5.385,7,11.025,Maintain Status Quo,Iraq,IRQ,2020-06-17,v3
2020-02-04,Rt,1.82483623882213,1.87312603369881,1.9067376262109,1.91209816566775,1.93755805590269,2.05206761103431,Maintain Status Quo,Iraq,IRQ,2020-06-17,v3
2020-02-04,cumulative_infections,5,15.75,21,21.71,28,38.05,Relax Interventions 50%,Iraq,IRQ,2020-06-17,v3
2020-02-04,deaths,0,0,0,0,0,0,Relax Interventions 50%,Iraq,IRQ,2020-06-17,v3
2020-02-04,hospital_demand,0,0,0,0.185,0,1,Relax Interventions 50%,Iraq,IRQ,2020-06-17,v3
2020-02-04,ICU_demand,0,0,0,0.015,0,0,Relax Interventions 50%,Iraq,IRQ,2020-06-17,v3
2020-02-04,infections,2,3.75,5,5.385,7,11.025,Relax Interventions 50%,Iraq,IRQ,2020-06-17,v3
2020-02-04,Rt,1.82483623882213,1.87312603369881,1.9067376262109,1.91209816566775,1.93755805590269,2.05206761103431,Relax Interventions 50%,Iraq,IRQ,2020-06-17,v3
2020-02-04,cumulative_infections,5,16,22,22.3908629441624,28,42.1,Surged Additional 50% Reduction,Iraq,IRQ,2020-06-17,v3
2020-02-04,deaths,0,0,0,0,0,0,Surged Additional 50% Reduction,Iraq,IRQ,2020-06-17,v3
2020-02-04,hospital_demand,0,0,0,0.165,0,1,Surged Additional 50% Reduction,Iraq,IRQ,2020-06-17,v3
2020-02-04,ICU_demand,0,0,0,0.02,0,0,Surged Additional 50% Reduction,Iraq,IRQ,2020-06-17,v3
2020-02-04,infections,1,4,5,5.55329949238579,7,11,Surged Additional 50% Reduction,Iraq,IRQ,2020-06-17,v3
2020-02-04,Rt,1.83801409048707,1.877531826454,1.90295350562761,1.91478760669153,1.94352031124049,2.04386927519344,Surged Additional 50% Reduction,Iraq,IRQ,2020-06-17,v3
2020-02-04,cumulative_infections,5,16,22,22.3908629441624,28,42.1,Surged Maintain Status Quo,Iraq,IRQ,2020-06-17,v3
2020-02-04,deaths,0,0,0,0,0,0,Surged Maintain Status Quo,Iraq,IRQ,2020-06-17,v3
2020-02-04,hospital_demand,0,0,0,0.165,0,1,Surged Maintain Status Quo,Iraq,IRQ,2020-06-17,v3
2020-02-04,ICU_demand,0,0,0,0.02,0,0,Surged Maintain Status Quo,Iraq,IRQ,2020-06-17,v3
2020-02-04,infections,1,4,5,5.55329949238579,7,11,Surged Maintain Status Quo,Iraq,IRQ,2020-06-17,v3
2020-02-04,Rt,1.83801409048707,1.877531826454,1.90295350562761,1.91478760669153,1.94352031124049,2.04386927519344,Surged Maintain Status Quo,Iraq,IRQ,2020-06-17,v3
2020-02-04,cumulative_infections,5,16,22,22.3908629441624,28,42.1,Surged Relax Interventions 50%,Iraq,IRQ,2020-06-17,v3
2020-02-04,deaths,0,0,0,0,0,0,Surged Relax Interventions 50%,Iraq,IRQ,2020-06-17,v3
2020-02-04,hospital_demand,0,0,0,0.165,0,1,Surged Relax Interventions 50%,Iraq,IRQ,2020-06-17,v3
2020-02-04,ICU_demand,0,0,0,0.02,0,0,Surged Relax Interventions 50%,Iraq,IRQ,2020-06-17,v3
2020-02-04,infections,1,4,5,5.55329949238579,7,11,Surged Relax Interventions 50%,Iraq,IRQ,2020-06-17,v3
2020-02-04,Rt,1.83801409048707,1.877531826454,1.90295350562761,1.91478760669153,1.94352031124049,2.04386927519344,Surged Relax Interventions 50%,Iraq,IRQ,2020-06-17,v3
2020-02-05,cumulative_infections,7.975,21,27,28.055,35,50.025,Additional 50% Reduction,Iraq,IRQ,2020-06-17,v3
2020-02-05,deaths,0,0,0,0,0,0,Additional 50% Reduction,Iraq,IRQ,2020-06-17,v3
2020-02-05,hospital_demand,0,0,0,0.265,0.25,1,Additional 50% Reduction,Iraq,IRQ,2020-06-17,v3
2020-02-05,ICU_demand,0,0,0,0.025,0,0.0250000000000057,Additional 50% Reduction,Iraq,IRQ,2020-06-17,v3
2020-02-05,infections,2,4,6,6.345,8,13,Additional 50% Reduction,Iraq,IRQ,2020-06-17,v3
2020-02-05,Rt,1.82483623882213,1.87312603369881,1.9067376262109,1.91209816566775,1.93755805590269,2.05206761103431,Additional 50% Reduction,Iraq,IRQ,2020-06-17,v3
2020-02-05,cumulative_infections,7.975,21,27,28.055,35,50.025,Maintain Status Quo,Iraq,IRQ,2020-06-17,v3
2020-02-05,deaths,0,0,0,0,0,0,Maintain Status Quo,Iraq,IRQ,2020-06-17,v3
2020-02-05,hospital_demand,0,0,0,0.265,0.25,1,Maintain Status Quo,Iraq,IRQ,2020-06-17,v3
2020-02-05,ICU_demand,0,0,0,0.025,0,0.0250000000000057,Maintain Status Quo,Iraq,IRQ,2020-06-17,v3
2020-02-05,infections,2,4,6,6.345,8,13,Maintain Status Quo,Iraq,IRQ,2020-06-17,v3
2020-02-05,Rt,1.82483623882213,1.87312603369881,1.9067376262109,1.91209816566775,1.93755805590269,2.05206761103431,Maintain Status Quo,Iraq,IRQ,2020-06-17,v3
2020-02-05,cumulative_infections,7.975,21,27,28.055,35,50.025,Relax Interventions 50%,Iraq,IRQ,2020-06-17,v3
2020-02-05,deaths,0,0,0,0,0,0,Relax Interventions 50%,Iraq,IRQ,2020-06-17,v3
2020-02-05,hospital_demand,0,0,0,0.265,0.25,1,Relax Interventions 50%,Iraq,IRQ,2020-06-17,v3
2020-02-05,ICU_demand,0,0,0,0.025,0,0.0250000000000057,Relax Interventions 50%,Iraq,IRQ,2020-06-17,v3
2020-02-05,infections,2,4,6,6.345,8,13,Relax Interventions 50%,Iraq,IRQ,2020-06-17,v3
2020-02-05,Rt,1.82483623882213,1.87312603369881,1.9067376262109,1.91209816566775,1.93755805590269,2.05206761103431,Relax Interventions 50%,Iraq,IRQ,2020-06-17,v3
2020-02-05,cumulative_infections,7.875,20.75,29,28.44,36,54,Surged Additional 50% Reduction,Iraq,IRQ,2020-06-17,v3
2020-02-05,deaths,0,0,0,0,0,0,Surged Additional 50% Reduction,Iraq,IRQ,2020-06-17,v3
2020-02-05,hospital_demand,0,0,0,0.24,0,1,Surged Additional 50% Reduction,Iraq,IRQ,2020-06-17,v3
2020-02-05,ICU_demand,0,0,0,0.025,0,0.0250000000000057,Surged Additional 50% Reduction,Iraq,IRQ,2020-06-17,v3
2020-02-05,infections,2,4,6,6.385,8,12,Surged Additional 50% Reduction,Iraq,IRQ,2020-06-17,v3
2020-02-05,Rt,1.83801409048707,1.877531826454,1.90295350562761,1.91478760669153,1.94352031124049,2.04386927519344,Surged Additional 50% Reduction,Iraq,IRQ,2020-06-17,v3
2020-02-05,cumulative_infections,7.875,20.75,29,28.44,36,54,Surged Maintain Status Quo,Iraq,IRQ,2020-06-17,v3
2020-02-05,deaths,0,0,0,0,0,0,Surged Maintain Status Quo,Iraq,IRQ,2020-06-17,v3
2020-02-05,hospital_demand,0,0,0,0.24,0,1,Surged Maintain Status Quo,Iraq,IRQ,2020-06-17,v3
2020-02-05,ICU_demand,0,0,0,0.025,0,0.0250000000000057,Surged Maintain Status Quo,Iraq,IRQ,2020-06-17,v3
2020-02-05,infections,2,4,6,6.385,8,12,Surged Maintain Status Quo,Iraq,IRQ,2020-06-17,v3
2020-02-05,Rt,1.83801409048707,1.877531826454,1.90295350562761,1.91478760669153,1.94352031124049,2.04386927519344,Surged Maintain Status Quo,Iraq,IRQ,2020-06-17,v3
2020-02-05,cumulative_infections,7.875,20.75,29,28.44,36,54,Surged Relax Interventions 50%,Iraq,IRQ,2020-06-17,v3
2020-02-05,deaths,0,0,0,0,0,0,Surged Relax Interventions 50%,Iraq,IRQ,2020-06-17,v3
2020-02-05,hospital_demand,0,0,0,0.24,0,1,Surged Relax Interventions 50%,Iraq,IRQ,2020-06-17,v3
2020-02-05,ICU_demand,0,0,0,0.025,0,0.0250000000000057,Surged Relax Interventions 50%,Iraq,IRQ,2020-06-17,v3
2020-02-05,infections,2,4,6,6.385,8,12,Surged Relax Interventions 50%,Iraq,IRQ,2020-06-17,v3
2020-02-05,Rt,1.83801409048707,1.877531826454,1.90295350562761,1.91478760669153,1.94352031124049,2.04386927519344,Surged Relax Interventions 50%,Iraq,IRQ,2020-06-17,v3
2020-02-06,cumulative_infections,11.975,27,34,35.31,43.25,60.025,Additional 50% Reduction,Iraq,IRQ,2020-06-17,v3
2020-02-06,deaths,0,0,0,0,0,0,Additional 50% Reduction,Iraq,IRQ,2020-06-17,v3
2020-02-06,hospital_demand,0,0,0,0.315,1,1,Additional 50% Reduction,Iraq,IRQ,2020-06-17,v3
2020-02-06,ICU_demand,0,0,0,0.035,0,1,Additional 50% Reduction,Iraq,IRQ,2020-06-17,v3
2020-02-06,infections,3,5,7,7.255,9,14,Additional 50% Reduction,Iraq,IRQ,2020-06-17,v3
2020-02-06,Rt,1.82483623882213,1.87312603369881,1.9067376262109,1.91209816566775,1.93755805590269,2.05206761103431,Additional 50% Reduction,Iraq,IRQ,2020-06-17,v3
2020-02-06,cumulative_infections,11.975,27,34,35.31,43.25,60.025,Maintain Status Quo,Iraq,IRQ,2020-06-17,v3
2020-02-06,deaths,0,0,0,0,0,0,Maintain Status Quo,Iraq,IRQ,2020-06-17,v3
2020-02-06,hospital_demand,0,0,0,0.315,1,1,Maintain Status Quo,Iraq,IRQ,2020-06-17,v3
2020-02-06,ICU_demand,0,0,0,0.035,0,1,Maintain Status Quo,Iraq,IRQ,2020-06-17,v3
2020-02-06,infections,3,5,7,7.255,9,14,Maintain Status Quo,Iraq,IRQ,2020-06-17,v3
2020-02-06,Rt,1.82483623882213,1.87312603369881,1.9067376262109,1.91209816566775,1.93755805590269,2.05206761103431,Maintain Status Quo,Iraq,IRQ,2020-06-17,v3
2020-02-06,cumulative_infections,11.975,27,34,35.31,43.25,60.025,Relax Interventions 50%,Iraq,IRQ,2020-06-17,v3
2020-02-06,deaths,0,0,0,0,0,0,Relax Interventions 50%,Iraq,IRQ,2020-06-17,v3
2020-02-06,hospital_demand,0,0,0,0.315,1,1,Relax Interventions 50%,Iraq,IRQ,2020-06-17,v3
2020-02-06,ICU_demand,0,0,0,0.035,0,1,Relax Interventions 50%,Iraq,IRQ,2020-06-17,v3
2020-02-06,infections,3,5,7,7.255,9,14,Relax Interventions 50%,Iraq,IRQ,2020-06-17,v3
2020-02-06,Rt,1.82483623882213,1.87312603369881,1.9067376262109,1.91209816566775,1.93755805590269,2.05206761103431,Relax Interventions 50%,Iraq,IRQ,2020-06-17,v3
2020-02-06,cumulative_infections,9.95,26,36.5,36.21,45,65,Surged Additional 50% Reduction,Iraq,IRQ,2020-06-17,v3
2020-02-06,deaths,0,0,0,0,0,0,Surged Additional 50% Reduction,Iraq,IRQ,2020-06-17,v3
2020-02-06,hospital_demand,0,0,0,0.35,1,2,Surged Additional 50% Reduction,Iraq,IRQ,2020-06-17,v3
2020-02-06,ICU_demand,0,0,0,0.03,0,1,Surged Additional 50% Reduction,Iraq,IRQ,2020-06-17,v3
2020-02-06,infections,2,5,7,7.77,10,15.025,Surged Additional 50% Reduction,Iraq,IRQ,2020-06-17,v3
2020-02-06,Rt,1.83801409048707,1.877531826454,1.90295350562761,1.91478760669153,1.94352031124049,2.04386927519344,Surged Additional 50% Reduction,Iraq,IRQ,2020-06-17,v3
2020-02-06,cumulative_infections,9.95,26,36.5,36.21,45,65,Surged Maintain Status Quo,Iraq,IRQ,2020-06-17,v3
2020-02-06,deaths,0,0,0,0,0,0,Surged Maintain Status Quo,Iraq,IRQ,2020-06-17,v3
2020-02-06,hospital_demand,0,0,0,0.35,1,2,Surged Maintain Status Quo,Iraq,IRQ,2020-06-17,v3
2020-02-06,ICU_demand,0,0,0,0.03,0,1,Surged Maintain Status Quo,Iraq,IRQ,2020-06-17,v3
2020-02-06,infections,2,5,7,7.77,10,15.025,Surged Maintain Status Quo,Iraq,IRQ,2020-06-17,v3
2020-02-06,Rt,1.83801409048707,1.877531826454,1.90295350562761,1.91478760669153,1.94352031124049,2.04386927519344,Surged Maintain Status Quo,Iraq,IRQ,2020-06-17,v3
2020-02-06,cumulative_infections,9.95,26,36.5,36.21,45,65,Surged Relax Interventions 50%,Iraq,IRQ,2020-06-17,v3
2020-02-06,deaths,0,0,0,0,0,0,Surged Relax Interventions 50%,Iraq,IRQ,2020-06-17,v3
2020-02-06,hospital_demand,0,0,0,0.35,1,2,Surged Relax Interventions 50%,Iraq,IRQ,2020-06-17,v3
2020-02-06,ICU_demand,0,0,0,0.03,0,1,Surged Relax Interventions 50%,Iraq,IRQ,2020-06-17,v3
2020-02-06,infections,2,5,7,7.77,10,15.025,Surged Relax Interventions 50%,Iraq,IRQ,2020-06-17,v3
2020-02-06,Rt,1.83801409048707,1.877531826454,1.90295350562761,1.91478760669153,1.94352031124049,2.04386927519344,Surged Relax Interventions 50%,Iraq,IRQ,2020-06-17,v3
2020-02-07,cumulative_infections,15,34,44.5,44.195,54.25,72.05,Additional 50% Reduction,Iraq,IRQ,2020-06-17,v3
2020-02-07,deaths,0,0,0,0,0,0,Additional 50% Reduction,Iraq,IRQ,2020-06-17,v3
2020-02-07,hospital_demand,0,0,0,0.43,1,2,Additional 50% Reduction,Iraq,IRQ,2020-06-17,v3
2020-02-07,ICU_demand,0,0,0,0.06,0,1,Additional 50% Reduction,Iraq,IRQ,2020-06-17,v3
2020-02-07,infections,3,6,9,8.885,11,15.025,Additional 50% Reduction,Iraq,IRQ,2020-06-17,v3
2020-02-07,Rt,1.82483623882213,1.87312603369881,1.9067376262109,1.91209816566775,1.93755805590269,2.05206761103431,Additional 50% Reduction,Iraq,IRQ,2020-06-17,v3
2020-02-07,cumulative_infections,15,34,44.5,44.195,54.25,72.05,Maintain Status Quo,Iraq,IRQ,2020-06-17,v3
2020-02-07,deaths,0,0,0,0,0,0,Maintain Status Quo,Iraq,IRQ,2020-06-17,v3
2020-02-07,hospital_demand,0,0,0,0.43,1,2,Maintain Status Quo,Iraq,IRQ,2020-06-17,v3
2020-02-07,ICU_demand,0,0,0,0.06,0,1,Maintain Status Quo,Iraq,IRQ,2020-06-17,v3
2020-02-07,infections,3,6,9,8.885,11,15.025,Maintain Status Quo,Iraq,IRQ,2020-06-17,v3
2020-02-07,Rt,1.82483623882213,1.87312603369881,1.9067376262109,1.91209816566775,1.93755805590269,2.05206761103431,Maintain Status Quo,Iraq,IRQ,2020-06-17,v3
2020-02-07,cumulative_infections,15,34,44.5,44.195,54.25,72.05,Relax Interventions 50%,Iraq,IRQ,2020-06-17,v3
2020-02-07,deaths,0,0,0,0,0,0,Relax Interventions 50%,Iraq,IRQ,2020-06-17,v3
2020-02-07,hospital_demand,0,0,0,0.43,1,2,Relax Interventions 50%,Iraq,IRQ,2020-06-17,v3
2020-02-07,ICU_demand,0,0,0,0.06,0,1,Relax Interventions 50%,Iraq,IRQ,2020-06-17,v3
2020-02-07,infections,3,6,9,8.885,11,15.025,Relax Interventions 50%,Iraq,IRQ,2020-06-17,v3
2020-02-07,Rt,1.82483623882213,1.87312603369881,1.9067376262109,1.91209816566775,1.93755805590269,2.05206761103431,Relax Interventions 50%,Iraq,IRQ,2020-06-17,v3
2020-02-07,cumulative_infections,13,33.75,45,45.05,57,78,Surged Additional 50% Reduction,Iraq,IRQ,2020-06-17,v3
2020-02-07,deaths,0,0,0,0,0,0,Surged Additional 50% Reduction,Iraq,IRQ,2020-06-17,v3
2020-02-07,hospital_demand,0,0,0,0.44,1,2,Surged Additional 50% Reduction,Iraq,IRQ,2020-06-17,v3
2020-02-07,ICU_demand,0,0,0,0.06,0,1,Surged Additional 50% Reduction,Iraq,IRQ,2020-06-17,v3
2020-02-07,infections,3,6,8,8.84,12,17.025,Surged Additional 50% Reduction,Iraq,IRQ,2020-06-17,v3
2020-02-07,Rt,1.83801409048707,1.877531826454,1.90295350562761,1.91478760669153,1.94352031124049,2.04386927519344,Surged Additional 50% Reduction,Iraq,IRQ,2020-06-17,v3
2020-02-07,cumulative_infections,13,33.75,45,45.05,57,78,Surged Maintain Status Quo,Iraq,IRQ,2020-06-17,v3
2020-02-07,deaths,0,0,0,0,0,0,Surged Maintain Status Quo,Iraq,IRQ,2020-06-17,v3
2020-02-07,hospital_demand,0,0,0,0.44,1,2,Surged Maintain Status Quo,Iraq,IRQ,2020-06-17,v3
2020-02-07,ICU_demand,0,0,0,0.06,0,1,Surged Maintain Status Quo,Iraq,IRQ,2020-06-17,v3
2020-02-07,infections,3,6,8,8.84,12,17.025,Surged Maintain Status Quo,Iraq,IRQ,2020-06-17,v3
2020-02-07,Rt,1.83801409048707,1.877531826454,1.90295350562761,1.91478760669153,1.94352031124049,2.04386927519344,Surged Maintain Status Quo,Iraq,IRQ,2020-06-17,v3
2020-02-07,cumulative_infections,13,33.75,45,45.05,57,78,Surged Relax Interventions 50%,Iraq,IRQ,2020-06-17,v3
2020-02-07,deaths,0,0,0,0,0,0,Surged Relax Interventions 50%,Iraq,IRQ,2020-06-17,v3
2020-02-07,hospital_demand,0,0,0,0.44,1,2,Surged Relax Interventions 50%,Iraq,IRQ,2020-06-17,v3
2020-02-07,ICU_demand,0,0,0,0.06,0,1,Surged Relax Interventions 50%,Iraq,IRQ,2020-06-17,v3
2020-02-07,infections,3,6,8,8.84,12,17.025,Surged Relax Interventions 50%,Iraq,IRQ,2020-06-17,v3
2020-02-07,Rt,1.83801409048707,1.877531826454,1.90295350562761,1.91478760669153,1.94352031124049,2.04386927519344,Surged Relax Interventions 50%,Iraq,IRQ,2020-06-17,v3
2020-02-08,cumulative_infections,21.975,43.75,54,54.215,65,86.025,Additional 50% Reduction,Iraq,IRQ,2020-06-17,v3
2020-02-08,deaths,0,0,0,0,0,0,Additional 50% Reduction,Iraq,IRQ,2020-06-17,v3
2020-02-08,hospital_demand,0,0,0,0.6,1,3,Additional 50% Reduction,Iraq,IRQ,2020-06-17,v3
2020-02-08,ICU_demand,0,0,0,0.085,0,1,Additional 50% Reduction,Iraq,IRQ,2020-06-17,v3
2020-02-08,infections,4,7,10,10.02,12.25,18.05,Additional 50% Reduction,Iraq,IRQ,2020-06-17,v3
2020-02-08,Rt,1.82483623882213,1.87312603369881,1.9067376262109,1.91209816566775,1.93755805590269,2.05206761103431,Additional 50% Reduction,Iraq,IRQ,2020-06-17,v3
2020-02-08,cumulative_infections,21.975,43.75,54,54.215,65,86.025,Maintain Status Quo,Iraq,IRQ,2020-06-17,v3
2020-02-08,deaths,0,0,0,0,0,0,Maintain Status Quo,Iraq,IRQ,2020-06-17,v3
2020-02-08,hospital_demand,0,0,0,0.6,1,3,Maintain Status Quo,Iraq,IRQ,2020-06-17,v3
2020-02-08,ICU_demand,0,0,0,0.085,0,1,Maintain Status Quo,Iraq,IRQ,2020-06-17,v3
2020-02-08,infections,4,7,10,10.02,12.25,18.05,Maintain Status Quo,Iraq,IRQ,2020-06-17,v3
2020-02-08,Rt,1.82483623882213,1.87312603369881,1.9067376262109,1.91209816566775,1.93755805590269,2.05206761103431,Maintain Status Quo,Iraq,IRQ,2020-06-17,v3
2020-02-08,cumulative_infections,21.975,43.75,54,54.215,65,86.025,Relax Interventions 50%,Iraq,IRQ,2020-06-17,v3
2020-02-08,deaths,0,0,0,0,0,0,Relax Interventions 50%,Iraq,IRQ,2020-06-17,v3
2020-02-08,hospital_demand,0,0,0,0.6,1,3,Relax Interventions 50%,Iraq,IRQ,2020-06-17,v3
2020-02-08,ICU_demand,0,0,0,0.085,0,1,Relax Interventions 50%,Iraq,IRQ,2020-06-17,v3
2020-02-08,infections,4,7,10,10.02,12.25,18.05,Relax Interventions 50%,Iraq,IRQ,2020-06-17,v3
2020-02-08,Rt,1.82483623882213,1.87312603369881,1.9067376262109,1.91209816566775,1.93755805590269,2.05206761103431,Relax Interventions 50%,Iraq,IRQ,2020-06-17,v3
2020-02-08,cumulative_infections,19.975,42,55,55.555,69,95.025,Surged Additional 50% Reduction,Iraq,IRQ,2020-06-17,v3
2020-02-08,deaths,0,0,0,0.01,0,0,Surged Additional 50% Reduction,Iraq,IRQ,2020-06-17,v3
2020-02-08,hospital_demand,0,0,0,0.565,1,2,Surged Additional 50% Reduction,Iraq,IRQ,2020-06-17,v3
2020-02-08,ICU_demand,0,0,0,0.095,0,1,Surged Additional 50% Reduction,Iraq,IRQ,2020-06-17,v3
2020-02-08,infections,3.975,8,10,10.505,13,20,Surged Additional 50% Reduction,Iraq,IRQ,2020-06-17,v3
2020-02-08,Rt,1.83801409048707,1.877531826454,1.90295350562761,1.91478760669153,1.94352031124049,2.04386927519344,Surged Additional 50% Reduction,Iraq,IRQ,2020-06-17,v3
2020-02-08,cumulative_infections,19.975,42,55,55.555,69,95.025,Surged Maintain Status Quo,Iraq,IRQ,2020-06-17,v3
2020-02-08,deaths,0,0,0,0.01,0,0,Surged Maintain Status Quo,Iraq,IRQ,2020-06-17,v3
2020-02-08,hospital_demand,0,0,0,0.565,1,2,Surged Maintain Status Quo,Iraq,IRQ,2020-06-17,v3
2020-02-08,ICU_demand,0,0,0,0.095,0,1,Surged Maintain Status Quo,Iraq,IRQ,2020-06-17,v3
2020-02-08,infections,3.975,8,10,10.505,13,20,Surged Maintain Status Quo,Iraq,IRQ,2020-06-17,v3
2020-02-08,Rt,1.83801409048707,1.877531826454,1.90295350562761,1.91478760669153,1.94352031124049,2.04386927519344,Surged Maintain Status Quo,Iraq,IRQ,2020-06-17,v3
2020-02-08,cumulative_infections,19.975,42,55,55.555,69,95.025,Surged Relax Interventions 50%,Iraq,IRQ,2020-06-17,v3
2020-02-08,deaths,0,0,0,0.01,0,0,Surged Relax Interventions 50%,Iraq,IRQ,2020-06-17,v3
2020-02-08,hospital_demand,0,0,0,0.565,1,2,Surged Relax Interventions 50%,Iraq,IRQ,2020-06-17,v3
2020-02-08,ICU_demand,0,0,0,0.095,0,1,Surged Relax Interventions 50%,Iraq,IRQ,2020-06-17,v3
2020-02-08,infections,3.975,8,10,10.505,13,20,Surged Relax Interventions 50%,Iraq,IRQ,2020-06-17,v3
2020-02-08,Rt,1.83801409048707,1.877531826454,1.90295350562761,1.91478760669153,1.94352031124049,2.04386927519344,Surged Relax Interventions 50%,Iraq,IRQ,2020-06-17,v3
2020-02-09,cumulative_infections,26.975,52,64.5,66.085,81,98.125,Additional 50% Reduction,Iraq,IRQ,2020-06-17,v3
2020-02-09,deaths,0,0,0,0.005,0,0,Additional 50% Reduction,Iraq,IRQ,2020-06-17,v3
2020-02-09,hospital_demand,0,0,1,0.75,1,3,Additional 50% Reduction,Iraq,IRQ,2020-06-17,v3
2020-02-09,ICU_demand,0,0,0,0.095,0,1,Additional 50% Reduction,Iraq,IRQ,2020-06-17,v3
2020-02-09,infections,4.975,9,11,11.87,14,21.025,Additional 50% Reduction,Iraq,IRQ,2020-06-17,v3
2020-02-09,Rt,1.82483623882213,1.87312603369881,1.9067376262109,1.91209816566775,1.93755805590269,2.05206761103431,Additional 50% Reduction,Iraq,IRQ,2020-06-17,v3
2020-02-09,cumulative_infections,26.975,52,64.5,66.085,81,98.125,Maintain Status Quo,Iraq,IRQ,2020-06-17,v3
2020-02-09,deaths,0,0,0,0.005,0,0,Maintain Status Quo,Iraq,IRQ,2020-06-17,v3
2020-02-09,hospital_demand,0,0,1,0.75,1,3,Maintain Status Quo,Iraq,IRQ,2020-06-17,v3
2020-02-09,ICU_demand,0,0,0,0.095,0,1,Maintain Status Quo,Iraq,IRQ,2020-06-17,v3
2020-02-09,infections,4.975,9,11,11.87,14,21.025,Maintain Status Quo,Iraq,IRQ,2020-06-17,v3
2020-02-09,Rt,1.82483623882213,1.87312603369881,1.9067376262109,1.91209816566775,1.93755805590269,2.05206761103431,Maintain Status Quo,Iraq,IRQ,2020-06-17,v3
2020-02-09,cumulative_infections,26.975,52,64.5,66.085,81,98.125,Relax Interventions 50%,Iraq,IRQ,2020-06-17,v3
2020-02-09,deaths,0,0,0,0.005,0,0,Relax Interventions 50%,Iraq,IRQ,2020-06-17,v3
2020-02-09,hospital_demand,0,0,1,0.75,1,3,Relax Interventions 50%,Iraq,IRQ,2020-06-17,v3
2020-02-09,ICU_demand,0,0,0,0.095,0,1,Relax Interventions 50%,Iraq,IRQ,2020-06-17,v3
2020-02-09,infections,4.975,9,11,11.87,14,21.025,Relax Interventions 50%,Iraq,IRQ,2020-06-17,v3
2020-02-09,Rt,1.82483623882213,1.87312603369881,1.9067376262109,1.91209816566775,1.93755805590269,2.05206761103431,Relax Interventions 50%,Iraq,IRQ,2020-06-17,v3
2020-02-09,cumulative_infections,27.95,52,68,67.505,83.25,113.125,Surged Additional 50% Reduction,Iraq,IRQ,2020-06-17,v3
2020-02-09,deaths,0,0,0,0,0,0,Surged Additional 50% Reduction,Iraq,IRQ,2020-06-17,v3
2020-02-09,hospital_demand,0,0,0,0.65,1,2.02500000000001,Surged Additional 50% Reduction,Iraq,IRQ,2020-06-17,v3
2020-02-09,ICU_demand,0,0,0,0.14,0,1,Surged Additional 50% Reduction,Iraq,IRQ,2020-06-17,v3
2020-02-09,infections,5,8,11,11.95,15,21.05,Surged Additional 50% Reduction,Iraq,IRQ,2020-06-17,v3
2020-02-09,Rt,1.83801409048707,1.877531826454,1.90295350562761,1.91478760669153,1.94352031124049,2.04386927519344,Surged Additional 50% Reduction,Iraq,IRQ,2020-06-17,v3
2020-02-09,cumulative_infections,27.95,52,68,67.505,83.25,113.125,Surged Maintain Status Quo,Iraq,IRQ,2020-06-17,v3
2020-02-09,deaths,0,0,0,0,0,0,Surged Maintain Status Quo,Iraq,IRQ,2020-06-17,v3
2020-02-09,hospital_demand,0,0,0,0.65,1,2.02500000000001,Surged Maintain Status Quo,Iraq,IRQ,2020-06-17,v3
2020-02-09,ICU_demand,0,0,0,0.14,0,1,Surged Maintain Status Quo,Iraq,IRQ,2020-06-17,v3
2020-02-09,infections,5,8,11,11.95,15,21.05,Surged Maintain Status Quo,Iraq,IRQ,2020-06-17,v3
2020-02-09,Rt,1.83801409048707,1.877531826454,1.90295350562761,1.91478760669153,1.94352031124049,2.04386927519344,Surged Maintain Status Quo,Iraq,IRQ,2020-06-17,v3
2020-02-09,cumulative_infections,27.95,52,68,67.505,83.25,113.125,Surged Relax Interventions 50%,Iraq,IRQ,2020-06-17,v3
2020-02-09,deaths,0,0,0,0,0,0,Surged Relax Interventions 50%,Iraq,IRQ,2020-06-17,v3
2020-02-09,hospital_demand,0,0,0,0.65,1,2.02500000000001,Surged Relax Interventions 50%,Iraq,IRQ,2020-06-17,v3
2020-02-09,ICU_demand,0,0,0,0.14,0,1,Surged Relax Interventions 50%,Iraq,IRQ,2020-06-17,v3
2020-02-09,infections,5,8,11,11.95,15,21.05,Surged Relax Interventions 50%,Iraq,IRQ,2020-06-17,v3
2020-02-09,Rt,1.83801409048707,1.877531826454,1.90295350562761,1.91478760669153,1.94352031124049,2.04386927519344,Surged Relax Interventions 50%,Iraq,IRQ,2020-06-17,v3
2020-02-10,cumulative_infections,36,66,79.5,80.055,94.25,122,Additional 50% Reduction,Iraq,IRQ,2020-06-17,v3
2020-02-10,deaths,0,0,0,0.005,0,0,Additional 50% Reduction,Iraq,IRQ,2020-06-17,v3
2020-02-10,hospital_demand,0,0,1,0.88,1,3,Additional 50% Reduction,Iraq,IRQ,2020-06-17,v3
2020-02-10,ICU_demand,0,0,0,0.11,0,1,Additional 50% Reduction,Iraq,IRQ,2020-06-17,v3
2020-02-10,infections,6.975,10,14,13.97,17,26,Additional 50% Reduction,Iraq,IRQ,2020-06-17,v3
2020-02-10,Rt,1.82483623882213,1.87312603369881,1.9067376262109,1.91209816566775,1.93755805590269,2.05206761103431,Additional 50% Reduction,Iraq,IRQ,2020-06-17,v3
2020-02-10,cumulative_infections,36,66,79.5,80.055,94.25,122,Maintain Status Quo,Iraq,IRQ,2020-06-17,v3
2020-02-10,deaths,0,0,0,0.005,0,0,Maintain Status Quo,Iraq,IRQ,2020-06-17,v3
2020-02-10,hospital_demand,0,0,1,0.88,1,3,Maintain Status Quo,Iraq,IRQ,2020-06-17,v3
2020-02-10,ICU_demand,0,0,0,0.11,0,1,Maintain Status Quo,Iraq,IRQ,2020-06-17,v3
2020-02-10,infections,6.975,10,14,13.97,17,26,Maintain Status Quo,Iraq,IRQ,2020-06-17,v3
2020-02-10,Rt,1.82483623882213,1.87312603369881,1.9067376262109,1.91209816566775,1.93755805590269,2.05206761103431,Maintain Status Quo,Iraq,IRQ,2020-06-17,v3
2020-02-10,cumulative_infections,36,66,79.5,80.055,94.25,122,Relax Interventions 50%,Iraq,IRQ,2020-06-17,v3
2020-02-10,deaths,0,0,0,0.005,0,0,Relax Interventions 50%,Iraq,IRQ,2020-06-17,v3
2020-02-10,hospital_demand,0,0,1,0.88,1,3,Relax Interventions 50%,Iraq,IRQ,2020-06-17,v3
2020-02-10,ICU_demand,0,0,0,0.11,0,1,Relax Interventions 50%,Iraq,IRQ,2020-06-17,v3
2020-02-10,infections,6.975,10,14,13.97,17,26,Relax Interventions 50%,Iraq,IRQ,2020-06-17,v3
2020-02-10,Rt,1.82483623882213,1.87312603369881,1.9067376262109,1.91209816566775,1.93755805590269,2.05206761103431,Relax Interventions 50%,Iraq,IRQ,2020-06-17,v3
2020-02-10,cumulative_infections,37.925,61,81.5,81.19,99,131,Surged Additional 50% Reduction,Iraq,IRQ,2020-06-17,v3
2020-02-10,deaths,0,0,0,0.005,0,0,Surged Additional 50% Reduction,Iraq,IRQ,2020-06-17,v3
2020-02-10,hospital_demand,0,0,1,0.78,1,3,Surged Additional 50% Reduction,Iraq,IRQ,2020-06-17,v3
2020-02-10,ICU_demand,0,0,0,0.175,0,1,Surged Additional 50% Reduction,Iraq,IRQ,2020-06-17,v3
2020-02-10,infections,5,10,13,13.685,17,25.025,Surged Additional 50% Reduction,Iraq,IRQ,2020-06-17,v3
2020-02-10,Rt,1.83801409048707,1.877531826454,1.90295350562761,1.91478760669153,1.94352031124049,2.04386927519344,Surged Additional 50% Reduction,Iraq,IRQ,2020-06-17,v3
2020-02-10,cumulative_infections,37.925,61,81.5,81.19,99,131,Surged Maintain Status Quo,Iraq,IRQ,2020-06-17,v3
2020-02-10,deaths,0,0,0,0.005,0,0,Surged Maintain Status Quo,Iraq,IRQ,2020-06-17,v3
2020-02-10,hospital_demand,0,0,1,0.78,1,3,Surged Maintain Status Quo,Iraq,IRQ,2020-06-17,v3
2020-02-10,ICU_demand,0,0,0,0.175,0,1,Surged Maintain Status Quo,Iraq,IRQ,2020-06-17,v3
2020-02-10,infections,5,10,13,13.685,17,25.025,Surged Maintain Status Quo,Iraq,IRQ,2020-06-17,v3
2020-02-10,Rt,1.83801409048707,1.877531826454,1.90295350562761,1.91478760669153,1.94352031124049,2.04386927519344,Surged Maintain Status Quo,Iraq,IRQ,2020-06-17,v3
2020-02-10,cumulative_infections,37.925,61,81.5,81.19,99,131,Surged Relax Interventions 50%,Iraq,IRQ,2020-06-17,v3
2020-02-10,deaths,0,0,0,0.005,0,0,Surged Relax Interventions 50%,Iraq,IRQ,2020-06-17,v3
2020-02-10,hospital_demand,0,0,1,0.78,1,3,Surged Relax Interventions 50%,Iraq,IRQ,2020-06-17,v3
2020-02-10,ICU_demand,0,0,0,0.175,0,1,Surged Relax Interventions 50%,Iraq,IRQ,2020-06-17,v3
2020-02-10,infections,5,10,13,13.685,17,25.025,Surged Relax Interventions 50%,Iraq,IRQ,2020-06-17,v3
2020-02-10,Rt,1.83801409048707,1.877531826454,1.90295350562761,1.91478760669153,1.94352031124049,2.04386927519344,Surged Relax Interventions 50%,Iraq,IRQ,2020-06-17,v3
2020-02-11,cumulative_infections,45.975,78.75,95,95.94,114,144.1,Additional 50% Reduction,Iraq,IRQ,2020-06-17,v3
2020-02-11,deaths,0,0,0,0.015,0,0,Additional 50% Reduction,Iraq,IRQ,2020-06-17,v3
2020-02-11,hospital_demand,0,0,1,0.98,2,4,Additional 50% Reduction,Iraq,IRQ,2020-06-17,v3
2020-02-11,ICU_demand,0,0,0,0.155,0,1,Additional 50% Reduction,Iraq,IRQ,2020-06-17,v3
2020-02-11,infections,8,12,15,15.885,20,28,Additional 50% Reduction,Iraq,IRQ,2020-06-17,v3
2020-02-11,Rt,1.82483623882213,1.87312603369881,1.9067376262109,1.91209816566775,1.93755805590269,2.05206761103431,Additional 50% Reduction,Iraq,IRQ,2020-06-17,v3
2020-02-11,cumulative_infections,45.975,78.75,95,95.94,114,144.1,Maintain Status Quo,Iraq,IRQ,2020-06-17,v3
2020-02-11,deaths,0,0,0,0.015,0,0,Maintain Status Quo,Iraq,IRQ,2020-06-17,v3
2020-02-11,hospital_demand,0,0,1,0.98,2,4,Maintain Status Quo,Iraq,IRQ,2020-06-17,v3
2020-02-11,ICU_demand,0,0,0,0.155,0,1,Maintain Status Quo,Iraq,IRQ,2020-06-17,v3
2020-02-11,infections,8,12,15,15.885,20,28,Maintain Status Quo,Iraq,IRQ,2020-06-17,v3
2020-02-11,Rt,1.82483623882213,1.87312603369881,1.9067376262109,1.91209816566775,1.93755805590269,2.05206761103431,Maintain Status Quo,Iraq,IRQ,2020-06-17,v3
2020-02-11,cumulative_infections,45.975,78.75,95,95.94,114,144.1,Relax Interventions 50%,Iraq,IRQ,2020-06-17,v3
2020-02-11,deaths,0,0,0,0.015,0,0,Relax Interventions 50%,Iraq,IRQ,2020-06-17,v3
2020-02-11,hospital_demand,0,0,1,0.98,2,4,Relax Interventions 50%,Iraq,IRQ,2020-06-17,v3
2020-02-11,ICU_demand,0,0,0,0.155,0,1,Relax Interventions 50%,Iraq,IRQ,2020-06-17,v3
2020-02-11,infections,8,12,15,15.885,20,28,Relax Interventions 50%,Iraq,IRQ,2020-06-17,v3
2020-02-11,Rt,1.82483623882213,1.87312603369881,1.9067376262109,1.91209816566775,1.93755805590269,2.05206761103431,Relax Interventions 50%,Iraq,IRQ,2020-06-17,v3
2020-02-11,cumulative_infections,47,74,97,97.285,117.25,152.025,Surged Additional 50% Reduction,Iraq,IRQ,2020-06-17,v3
2020-02-11,deaths,0,0,0,0.005,0,0,Surged Additional 50% Reduction,Iraq,IRQ,2020-06-17,v3
2020-02-11,hospital_demand,0,0,1,0.885,2,3,Surged Additional 50% Reduction,Iraq,IRQ,2020-06-17,v3
2020-02-11,ICU_demand,0,0,0,0.195,0,1,Surged Additional 50% Reduction,Iraq,IRQ,2020-06-17,v3
2020-02-11,infections,6,12,15,16.095,20,28.05,Surged Additional 50% Reduction,Iraq,IRQ,2020-06-17,v3
2020-02-11,Rt,1.83801409048707,1.877531826454,1.90295350562761,1.91478760669153,1.94352031124049,2.04386927519344,Surged Additional 50% Reduction,Iraq,IRQ,2020-06-17,v3
2020-02-11,cumulative_infections,47,74,97,97.285,117.25,152.025,Surged Maintain Status Quo,Iraq,IRQ,2020-06-17,v3
2020-02-11,deaths,0,0,0,0.005,0,0,Surged Maintain Status Quo,Iraq,IRQ,2020-06-17,v3
2020-02-11,hospital_demand,0,0,1,0.885,2,3,Surged Maintain Status Quo,Iraq,IRQ,2020-06-17,v3
2020-02-11,ICU_demand,0,0,0,0.195,0,1,Surged Maintain Status Quo,Iraq,IRQ,2020-06-17,v3
2020-02-11,infections,6,12,15,16.095,20,28.05,Surged Maintain Status Quo,Iraq,IRQ,2020-06-17,v3
2020-02-11,Rt,1.83801409048707,1.877531826454,1.90295350562761,1.91478760669153,1.94352031124049,2.04386927519344,Surged Maintain Status Quo,Iraq,IRQ,2020-06-17,v3
2020-02-11,cumulative_infections,47,74,97,97.285,117.25,152.025,Surged Relax Interventions 50%,Iraq,IRQ,2020-06-17,v3
2020-02-11,deaths,0,0,0,0.005,0,0,Surged Relax Interventions 50%,Iraq,IRQ,2020-06-17,v3
2020-02-11,hospital_demand,0,0,1,0.885,2,3,Surged Relax Interventions 50%,Iraq,IRQ,2020-06-17,v3
2020-02-11,ICU_demand,0,0,0,0.195,0,1,Surged Relax Interventions 50%,Iraq,IRQ,2020-06-17,v3
2020-02-11,infections,6,12,15,16.095,20,28.05,Surged Relax Interventions 50%,Iraq,IRQ,2020-06-17,v3
2020-02-11,Rt,1.83801409048707,1.877531826454,1.90295350562761,1.91478760669153,1.94352031124049,2.04386927519344,Surged Relax Interventions 50%,Iraq,IRQ,2020-06-17,v3
2020-02-12,cumulative_infections,56.95,94.75,111.5,114.96,134.25,177.05,Additional 50% Reduction,Iraq,IRQ,2020-06-17,v3
2020-02-12,deaths,0,0,0,0.02,0,0,Additional 50% Reduction,Iraq,IRQ,2020-06-17,v3
2020-02-12,hospital_demand,0,0,1,1.165,2,4,Additional 50% Reduction,Iraq,IRQ,2020-06-17,v3
2020-02-12,ICU_demand,0,0,0,0.19,0,1,Additional 50% Reduction,Iraq,IRQ,2020-06-17,v3
2020-02-12,infections,9,15,18,19.02,23,34.025,Additional 50% Reduction,Iraq,IRQ,2020-06-17,v3
2020-02-12,Rt,1.82483623882213,1.87312603369881,1.9067376262109,1.91209816566775,1.93755805590269,2.05206761103431,Additional 50% Reduction,Iraq,IRQ,2020-06-17,v3
2020-02-12,cumulative_infections,56.95,94.75,111.5,114.96,134.25,177.05,Maintain Status Quo,Iraq,IRQ,2020-06-17,v3
2020-02-12,deaths,0,0,0,0.02,0,0,Maintain Status Quo,Iraq,IRQ,2020-06-17,v3
2020-02-12,hospital_demand,0,0,1,1.165,2,4,Maintain Status Quo,Iraq,IRQ,2020-06-17,v3
2020-02-12,ICU_demand,0,0,0,0.19,0,1,Maintain Status Quo,Iraq,IRQ,2020-06-17,v3
2020-02-12,infections,9,15,18,19.02,23,34.025,Maintain Status Quo,Iraq,IRQ,2020-06-17,v3
2020-02-12,Rt,1.82483623882213,1.87312603369881,1.9067376262109,1.91209816566775,1.93755805590269,2.05206761103431,Maintain Status Quo,Iraq,IRQ,2020-06-17,v3
2020-02-12,cumulative_infections,56.95,94.75,111.5,114.96,134.25,177.05,Relax Interventions 50%,Iraq,IRQ,2020-06-17,v3
2020-02-12,deaths,0,0,0,0.02,0,0,Relax Interventions 50%,Iraq,IRQ,2020-06-17,v3
2020-02-12,hospital_demand,0,0,1,1.165,2,4,Relax Interventions 50%,Iraq,IRQ,2020-06-17,v3
2020-02-12,ICU_demand,0,0,0,0.19,0,1,Relax Interventions 50%,Iraq,IRQ,2020-06-17,v3
2020-02-12,infections,9,15,18,19.02,23,34.025,Relax Interventions 50%,Iraq,IRQ,2020-06-17,v3
2020-02-12,Rt,1.82483623882213,1.87312603369881,1.9067376262109,1.91209816566775,1.93755805590269,2.05206761103431,Relax Interventions 50%,Iraq,IRQ,2020-06-17,v3
2020-02-12,cumulative_infections,55.975,88,115,116.075,138,186.075,Surged Additional 50% Reduction,Iraq,IRQ,2020-06-17,v3
2020-02-12,deaths,0,0,0,0.015,0,0,Surged Additional 50% Reduction,Iraq,IRQ,2020-06-17,v3
2020-02-12,hospital_demand,0,0,1,1.115,2,4,Surged Additional 50% Reduction,Iraq,IRQ,2020-06-17,v3
2020-02-12,ICU_demand,0,0,0,0.195,0,1,Surged Additional 50% Reduction,Iraq,IRQ,2020-06-17,v3
2020-02-12,infections,7.975,14,18,18.79,23,32.075,Surged Additional 50% Reduction,Iraq,IRQ,2020-06-17,v3
2020-02-12,Rt,1.83801409048707,1.877531826454,1.90295350562761,1.91478760669153,1.94352031124049,2.04386927519344,Surged Additional 50% Reduction,Iraq,IRQ,2020-06-17,v3
2020-02-12,cumulative_infections,55.975,88,115,116.075,138,186.075,Surged Maintain Status Quo,Iraq,IRQ,2020-06-17,v3
2020-02-12,deaths,0,0,0,0.015,0,0,Surged Maintain Status Quo,Iraq,IRQ,2020-06-17,v3
2020-02-12,hospital_demand,0,0,1,1.115,2,4,Surged Maintain Status Quo,Iraq,IRQ,2020-06-17,v3
2020-02-12,ICU_demand,0,0,0,0.195,0,1,Surged Maintain Status Quo,Iraq,IRQ,2020-06-17,v3
2020-02-12,infections,7.975,14,18,18.79,23,32.075,Surged Maintain Status Quo,Iraq,IRQ,2020-06-17,v3
2020-02-12,Rt,1.83801409048707,1.877531826454,1.90295350562761,1.91478760669153,1.94352031124049,2.04386927519344,Surged Maintain Status Quo,Iraq,IRQ,2020-06-17,v3
2020-02-12,cumulative_infections,55.975,88,115,116.075,138,186.075,Surged Relax Interventions 50%,Iraq,IRQ,2020-06-17,v3
2020-02-12,deaths,0,0,0,0.015,0,0,Surged Relax Interventions 50%,Iraq,IRQ,2020-06-17,v3
2020-02-12,hospital_demand,0,0,1,1.115,2,4,Surged Relax Interventions 50%,Iraq,IRQ,2020-06-17,v3
2020-02-12,ICU_demand,0,0,0,0.195,0,1,Surged Relax Interventions 50%,Iraq,IRQ,2020-06-17,v3
2020-02-12,infections,7.975,14,18,18.79,23,32.075,Surged Relax Interventions 50%,Iraq,IRQ,2020-06-17,v3
2020-02-12,Rt,1.83801409048707,1.877531826454,1.90295350562761,1.91478760669153,1.94352031124049,2.04386927519344,Surged Relax Interventions 50%,Iraq,IRQ,2020-06-17,v3
2020-02-13,cumulative_infections,70.975,113.75,132.5,136.305,161.25,205.225,Additional 50% Reduction,Iraq,IRQ,2020-06-17,v3
2020-02-13,deaths,0,0,0,0.02,0,0,Additional 50% Reduction,Iraq,IRQ,2020-06-17,v3
2020-02-13,hospital_demand,0,0,1,1.38,2,4,Additional 50% Reduction,Iraq,IRQ,2020-06-17,v3
2020-02-13,ICU_demand,0,0,0,0.235,0,1,Additional 50% Reduction,Iraq,IRQ,2020-06-17,v3
2020-02-13,infections,11,17,21,21.345,25,34.025,Additional 50% Reduction,Iraq,IRQ,2020-06-17,v3
2020-02-13,Rt,1.82483623882213,1.87312603369881,1.9067376262109,1.91209816566775,1.93755805590269,2.05206761103431,Additional 50% Reduction,Iraq,IRQ,2020-06-17,v3
2020-02-13,cumulative_infections,70.975,113.75,132.5,136.305,161.25,205.225,Maintain Status Quo,Iraq,IRQ,2020-06-17,v3
2020-02-13,deaths,0,0,0,0.02,0,0,Maintain Status Quo,Iraq,IRQ,2020-06-17,v3
2020-02-13,hospital_demand,0,0,1,1.38,2,4,Maintain Status Quo,Iraq,IRQ,2020-06-17,v3
2020-02-13,ICU_demand,0,0,0,0.235,0,1,Maintain Status Quo,Iraq,IRQ,2020-06-17,v3
2020-02-13,infections,11,17,21,21.345,25,34.025,Maintain Status Quo,Iraq,IRQ,2020-06-17,v3
2020-02-13,Rt,1.82483623882213,1.87312603369881,1.9067376262109,1.91209816566775,1.93755805590269,2.05206761103431,Maintain Status Quo,Iraq,IRQ,2020-06-17,v3
2020-02-13,cumulative_infections,70.975,113.75,132.5,136.305,161.25,205.225,Relax Interventions 50%,Iraq,IRQ,2020-06-17,v3
2020-02-13,deaths,0,0,0,0.02,0,0,Relax Interventions 50%,Iraq,IRQ,2020-06-17,v3
2020-02-13,hospital_demand,0,0,1,1.38,2,4,Relax Interventions 50%,Iraq,IRQ,2020-06-17,v3
2020-02-13,ICU_demand,0,0,0,0.235,0,1,Relax Interventions 50%,Iraq,IRQ,2020-06-17,v3
2020-02-13,infections,11,17,21,21.345,25,34.025,Relax Interventions 50%,Iraq,IRQ,2020-06-17,v3
2020-02-13,Rt,1.82483623882213,1.87312603369881,1.9067376262109,1.91209816566775,1.93755805590269,2.05206761103431,Relax Interventions 50%,Iraq,IRQ,2020-06-17,v3
2020-02-13,cumulative_infections,67.95,106.75,139,137.59,166.25,215.025,Surged Additional 50% Reduction,Iraq,IRQ,2020-06-17,v3
2020-02-13,deaths,0,0,0,0.005,0,0,Surged Additional 50% Reduction,Iraq,IRQ,2020-06-17,v3
2020-02-13,hospital_demand,0,0,1,1.295,2,4,Surged Additional 50% Reduction,Iraq,IRQ,2020-06-17,v3
2020-02-13,ICU_demand,0,0,0,0.275,0.25,1.02500000000001,Surged Additional 50% Reduction,Iraq,IRQ,2020-06-17,v3
2020-02-13,infections,9.975,16,20.5,21.515,26,36,Surged Additional 50% Reduction,Iraq,IRQ,2020-06-17,v3
2020-02-13,Rt,1.83801409048707,1.877531826454,1.90295350562761,1.91478760669153,1.94352031124049,2.04386927519344,Surged Additional 50% Reduction,Iraq,IRQ,2020-06-17,v3
2020-02-13,cumulative_infections,67.95,106.75,139,137.59,166.25,215.025,Surged Maintain Status Quo,Iraq,IRQ,2020-06-17,v3
2020-02-13,deaths,0,0,0,0.005,0,0,Surged Maintain Status Quo,Iraq,IRQ,2020-06-17,v3
2020-02-13,hospital_demand,0,0,1,1.295,2,4,Surged Maintain Status Quo,Iraq,IRQ,2020-06-17,v3
2020-02-13,ICU_demand,0,0,0,0.275,0.25,1.02500000000001,Surged Maintain Status Quo,Iraq,IRQ,2020-06-17,v3
2020-02-13,infections,9.975,16,20.5,21.515,26,36,Surged Maintain Status Quo,Iraq,IRQ,2020-06-17,v3
2020-02-13,Rt,1.83801409048707,1.877531826454,1.90295350562761,1.91478760669153,1.94352031124049,2.04386927519344,Surged Maintain Status Quo,Iraq,IRQ,2020-06-17,v3
2020-02-13,cumulative_infections,67.95,106.75,139,137.59,166.25,215.025,Surged Relax Interventions 50%,Iraq,IRQ,2020-06-17,v3
2020-02-13,deaths,0,0,0,0.005,0,0,Surged Relax Interventions 50%,Iraq,IRQ,2020-06-17,v3
2020-02-13,hospital_demand,0,0,1,1.295,2,4,Surged Relax Interventions 50%,Iraq,IRQ,2020-06-17,v3
2020-02-13,ICU_demand,0,0,0,0.275,0.25,1.02500000000001,Surged Relax Interventions 50%,Iraq,IRQ,2020-06-17,v3
2020-02-13,infections,9.975,16,20.5,21.515,26,36,Surged Relax Interventions 50%,Iraq,IRQ,2020-06-17,v3
2020-02-13,Rt,1.83801409048707,1.877531826454,1.90295350562761,1.91478760669153,1.94352031124049,2.04386927519344,Surged Relax Interventions 50%,Iraq,IRQ,2020-06-17,v3
2020-02-14,cumulative_infections,84.975,132.75,158.5,160.94,189.25,241.275,Additional 50% Reduction,Iraq,IRQ,2020-06-17,v3
2020-02-14,deaths,0,0,0,0.01,0,0,Additional 50% Reduction,Iraq,IRQ,2020-06-17,v3
2020-02-14,hospital_demand,0,1,1,1.655,2,5,Additional 50% Reduction,Iraq,IRQ,2020-06-17,v3
2020-02-14,ICU_demand,0,0,0,0.29,1,2,Additional 50% Reduction,Iraq,IRQ,2020-06-17,v3
2020-02-14,infections,13,20,23,24.635,30,37,Additional 50% Reduction,Iraq,IRQ,2020-06-17,v3
2020-02-14,Rt,1.82483623882213,1.87312603369881,1.9067376262109,1.91209816566775,1.93755805590269,2.05206761103431,Additional 50% Reduction,Iraq,IRQ,2020-06-17,v3
2020-02-14,cumulative_infections,84.975,132.75,158.5,160.94,189.25,241.275,Maintain Status Quo,Iraq,IRQ,2020-06-17,v3
2020-02-14,deaths,0,0,0,0.01,0,0,Maintain Status Quo,Iraq,IRQ,2020-06-17,v3
2020-02-14,hospital_demand,0,1,1,1.655,2,5,Maintain Status Quo,Iraq,IRQ,2020-06-17,v3
2020-02-14,ICU_demand,0,0,0,0.29,1,2,Maintain Status Quo,Iraq,IRQ,2020-06-17,v3
2020-02-14,infections,13,20,23,24.635,30,37,Maintain Status Quo,Iraq,IRQ,2020-06-17,v3
2020-02-14,Rt,1.82483623882213,1.87312603369881,1.9067376262109,1.91209816566775,1.93755805590269,2.05206761103431,Maintain Status Quo,Iraq,IRQ,2020-06-17,v3
2020-02-14,cumulative_infections,84.975,132.75,158.5,160.94,189.25,241.275,Relax Interventions 50%,Iraq,IRQ,2020-06-17,v3
2020-02-14,deaths,0,0,0,0.01,0,0,Relax Interventions 50%,Iraq,IRQ,2020-06-17,v3
2020-02-14,hospital_demand,0,1,1,1.655,2,5,Relax Interventions 50%,Iraq,IRQ,2020-06-17,v3
2020-02-14,ICU_demand,0,0,0,0.29,1,2,Relax Interventions 50%,Iraq,IRQ,2020-06-17,v3
2020-02-14,infections,13,20,23,24.635,30,37,Relax Interventions 50%,Iraq,IRQ,2020-06-17,v3
2020-02-14,Rt,1.82483623882213,1.87312603369881,1.9067376262109,1.91209816566775,1.93755805590269,2.05206761103431,Relax Interventions 50%,Iraq,IRQ,2020-06-17,v3
2020-02-14,cumulative_infections,83.75,127,163.5,162.29,195,248,Surged Additional 50% Reduction,Iraq,IRQ,2020-06-17,v3
2020-02-14,deaths,0,0,0,0.015,0,0,Surged Additional 50% Reduction,Iraq,IRQ,2020-06-17,v3
2020-02-14,hospital_demand,0,1,1,1.495,2,4,Surged Additional 50% Reduction,Iraq,IRQ,2020-06-17,v3
2020-02-14,ICU_demand,0,0,0,0.32,1,2,Surged Additional 50% Reduction,Iraq,IRQ,2020-06-17,v3
2020-02-14,infections,11,20,25,24.7,29,39,Surged Additional 50% Reduction,Iraq,IRQ,2020-06-17,v3
2020-02-14,Rt,1.83801409048707,1.877531826454,1.90295350562761,1.91478760669153,1.94352031124049,2.04386927519344,Surged Additional 50% Reduction,Iraq,IRQ,2020-06-17,v3
2020-02-14,cumulative_infections,83.75,127,163.5,162.29,195,248,Surged Maintain Status Quo,Iraq,IRQ,2020-06-17,v3
2020-02-14,deaths,0,0,0,0.015,0,0,Surged Maintain Status Quo,Iraq,IRQ,2020-06-17,v3
2020-02-14,hospital_demand,0,1,1,1.495,2,4,Surged Maintain Status Quo,Iraq,IRQ,2020-06-17,v3
2020-02-14,ICU_demand,0,0,0,0.32,1,2,Surged Maintain Status Quo,Iraq,IRQ,2020-06-17,v3
2020-02-14,infections,11,20,25,24.7,29,39,Surged Maintain Status Quo,Iraq,IRQ,2020-06-17,v3
2020-02-14,Rt,1.83801409048707,1.877531826454,1.90295350562761,1.91478760669153,1.94352031124049,2.04386927519344,Surged Maintain Status Quo,Iraq,IRQ,2020-06-17,v3
2020-02-14,cumulative_infections,83.75,127,163.5,162.29,195,248,Surged Relax Interventions 50%,Iraq,IRQ,2020-06-17,v3
2020-02-14,deaths,0,0,0,0.015,0,0,Surged Relax Interventions 50%,Iraq,IRQ,2020-06-17,v3
2020-02-14,hospital_demand,0,1,1,1.495,2,4,Surged Relax Interventions 50%,Iraq,IRQ,2020-06-17,v3
2020-02-14,ICU_demand,0,0,0,0.32,1,2,Surged Relax Interventions 50%,Iraq,IRQ,2020-06-17,v3
2020-02-14,infections,11,20,25,24.7,29,39,Surged Relax Interventions 50%,Iraq,IRQ,2020-06-17,v3
2020-02-14,Rt,1.83801409048707,1.877531826454,1.90295350562761,1.91478760669153,1.94352031124049,2.04386927519344,Surged Relax Interventions 50%,Iraq,IRQ,2020-06-17,v3
2020-02-15,cumulative_infections,98.975,159,187,189.605,221,282.275,Additional 50% Reduction,Iraq,IRQ,2020-06-17,v3
2020-02-15,deaths,0,0,0,0.025,0,0.0250000000000057,Additional 50% Reduction,Iraq,IRQ,2020-06-17,v3
2020-02-15,hospital_demand,0,1,1,1.88,3,6,Additional 50% Reduction,Iraq,IRQ,2020-06-17,v3
2020-02-15,ICU_demand,0,0,0,0.36,1,2,Additional 50% Reduction,Iraq,IRQ,2020-06-17,v3
2020-02-15,infections,14,23.75,28,28.665,34,45.025,Additional 50% Reduction,Iraq,IRQ,2020-06-17,v3
2020-02-15,Rt,2.25095366834207,2.34743456444274,2.40641128957388,2.4155695538184,2.46027034096044,2.64064279203581,Additional 50% Reduction,Iraq,IRQ,2020-06-17,v3
2020-02-15,cumulative_infections,98.975,159,187,189.605,221,282.275,Maintain Status Quo,Iraq,IRQ,2020-06-17,v3
2020-02-15,deaths,0,0,0,0.025,0,0.0250000000000057,Maintain Status Quo,Iraq,IRQ,2020-06-17,v3
2020-02-15,hospital_demand,0,1,1,1.88,3,6,Maintain Status Quo,Iraq,IRQ,2020-06-17,v3
2020-02-15,ICU_demand,0,0,0,0.36,1,2,Maintain Status Quo,Iraq,IRQ,2020-06-17,v3
2020-02-15,infections,14,23.75,28,28.665,34,45.025,Maintain Status Quo,Iraq,IRQ,2020-06-17,v3
2020-02-15,Rt,2.25095366834207,2.34743456444274,2.40641128957388,2.4155695538184,2.46027034096044,2.64064279203581,Maintain Status Quo,Iraq,IRQ,2020-06-17,v3
2020-02-15,cumulative_infections,98.975,159,187,189.605,221,282.275,Relax Interventions 50%,Iraq,IRQ,2020-06-17,v3
2020-02-15,deaths,0,0,0,0.025,0,0.0250000000000057,Relax Interventions 50%,Iraq,IRQ,2020-06-17,v3
2020-02-15,hospital_demand,0,1,1,1.88,3,6,Relax Interventions 50%,Iraq,IRQ,2020-06-17,v3
2020-02-15,ICU_demand,0,0,0,0.36,1,2,Relax Interventions 50%,Iraq,IRQ,2020-06-17,v3
2020-02-15,infections,14,23.75,28,28.665,34,45.025,Relax Interventions 50%,Iraq,IRQ,2020-06-17,v3
2020-02-15,Rt,2.25095366834207,2.34743456444274,2.40641128957388,2.4155695538184,2.46027034096044,2.64064279203581,Relax Interventions 50%,Iraq,IRQ,2020-06-17,v3
2020-02-15,cumulative_infections,96.8,153,192,191.28,226,286.2,Surged Additional 50% Reduction,Iraq,IRQ,2020-06-17,v3
2020-02-15,deaths,0,0,0,0.035,0,1,Surged Additional 50% Reduction,Iraq,IRQ,2020-06-17,v3
2020-02-15,hospital_demand,0,1,2,1.71,2,5,Surged Additional 50% Reduction,Iraq,IRQ,2020-06-17,v3
2020-02-15,ICU_demand,0,0,0,0.375,1,2,Surged Additional 50% Reduction,Iraq,IRQ,2020-06-17,v3
2020-02-15,infections,14,23,29,28.99,34.25,47.025,Surged Additional 50% Reduction,Iraq,IRQ,2020-06-17,v3
2020-02-15,Rt,2.26891213527669,2.35584761666984,2.39691280717325,2.41964253473737,2.476252296294,2.64195153982801,Surged Additional 50% Reduction,Iraq,IRQ,2020-06-17,v3
2020-02-15,cumulative_infections,96.8,153,192,191.28,226,286.2,Surged Maintain Status Quo,Iraq,IRQ,2020-06-17,v3
2020-02-15,deaths,0,0,0,0.035,0,1,Surged Maintain Status Quo,Iraq,IRQ,2020-06-17,v3
2020-02-15,hospital_demand,0,1,2,1.71,2,5,Surged Maintain Status Quo,Iraq,IRQ,2020-06-17,v3
2020-02-15,ICU_demand,0,0,0,0.375,1,2,Surged Maintain Status Quo,Iraq,IRQ,2020-06-17,v3
2020-02-15,infections,14,23,29,28.99,34.25,47.025,Surged Maintain Status Quo,Iraq,IRQ,2020-06-17,v3
2020-02-15,Rt,2.26891213527669,2.35584761666984,2.39691280717325,2.41964253473737,2.476252296294,2.64195153982801,Surged Maintain Status Quo,Iraq,IRQ,2020-06-17,v3
2020-02-15,cumulative_infections,96.8,153,192,191.28,226,286.2,Surged Relax Interventions 50%,Iraq,IRQ,2020-06-17,v3
2020-02-15,deaths,0,0,0,0.035,0,1,Surged Relax Interventions 50%,Iraq,IRQ,2020-06-17,v3
2020-02-15,hospital_demand,0,1,2,1.71,2,5,Surged Relax Interventions 50%,Iraq,IRQ,2020-06-17,v3
2020-02-15,ICU_demand,0,0,0,0.375,1,2,Surged Relax Interventions 50%,Iraq,IRQ,2020-06-17,v3
2020-02-15,infections,14,23,29,28.99,34.25,47.025,Surged Relax Interventions 50%,Iraq,IRQ,2020-06-17,v3
2020-02-15,Rt,2.26891213527669,2.35584761666984,2.39691280717325,2.41964253473737,2.476252296294,2.64195153982801,Surged Relax Interventions 50%,Iraq,IRQ,2020-06-17,v3
2020-02-16,cumulative_infections,120.975,190,219.5,222.635,259,333.2,Additional 50% Reduction,Iraq,IRQ,2020-06-17,v3
2020-02-16,deaths,0,0,0,0.005,0,0,Additional 50% Reduction,Iraq,IRQ,2020-06-17,v3
2020-02-16,hospital_demand,0,1,2,2.095,3,6,Additional 50% Reduction,Iraq,IRQ,2020-06-17,v3
2020-02-16,ICU_demand,0,0,0,0.43,1,2,Additional 50% Reduction,Iraq,IRQ,2020-06-17,v3
2020-02-16,infections,18,28,32,33.03,38,52.025,Additional 50% Reduction,Iraq,IRQ,2020-06-17,v3
2020-02-16,Rt,2.12420454140397,2.20947855984054,2.25841172498687,2.26565684475564,2.30406776165039,2.46070191305399,Additional 50% Reduction,Iraq,IRQ,2020-06-17,v3
2020-02-16,cumulative_infections,120.975,190,219.5,222.635,259,333.2,Maintain Status Quo,Iraq,IRQ,2020-06-17,v3
2020-02-16,deaths,0,0,0,0.005,0,0,Maintain Status Quo,Iraq,IRQ,2020-06-17,v3
2020-02-16,hospital_demand,0,1,2,2.095,3,6,Maintain Status Quo,Iraq,IRQ,2020-06-17,v3
2020-02-16,ICU_demand,0,0,0,0.43,1,2,Maintain Status Quo,Iraq,IRQ,2020-06-17,v3
2020-02-16,infections,18,28,32,33.03,38,52.025,Maintain Status Quo,Iraq,IRQ,2020-06-17,v3
2020-02-16,Rt,2.12420454140397,2.20947855984054,2.25841172498687,2.26565684475564,2.30406776165039,2.46070191305399,Maintain Status Quo,Iraq,IRQ,2020-06-17,v3
2020-02-16,cumulative_infections,120.975,190,219.5,222.635,259,333.2,Relax Interventions 50%,Iraq,IRQ,2020-06-17,v3
2020-02-16,deaths,0,0,0,0.005,0,0,Relax Interventions 50%,Iraq,IRQ,2020-06-17,v3
2020-02-16,hospital_demand,0,1,2,2.095,3,6,Relax Interventions 50%,Iraq,IRQ,2020-06-17,v3
2020-02-16,ICU_demand,0,0,0,0.43,1,2,Relax Interventions 50%,Iraq,IRQ,2020-06-17,v3
2020-02-16,infections,18,28,32,33.03,38,52.025,Relax Interventions 50%,Iraq,IRQ,2020-06-17,v3
2020-02-16,Rt,2.12420454140397,2.20947855984054,2.25841172498687,2.26565684475564,2.30406776165039,2.46070191305399,Relax Interventions 50%,Iraq,IRQ,2020-06-17,v3
2020-02-16,cumulative_infections,112.975,178.75,225.5,224.67,266.25,337.025,Surged Additional 50% Reduction,Iraq,IRQ,2020-06-17,v3
2020-02-16,deaths,0,0,0,0.015,0,0,Surged Additional 50% Reduction,Iraq,IRQ,2020-06-17,v3
2020-02-16,hospital_demand,0,1,2,2.015,3,5,Surged Additional 50% Reduction,Iraq,IRQ,2020-06-17,v3
2020-02-16,ICU_demand,0,0,0,0.475,1,2,Surged Additional 50% Reduction,Iraq,IRQ,2020-06-17,v3
2020-02-16,infections,16.975,27,33,33.39,40,53,Surged Additional 50% Reduction,Iraq,IRQ,2020-06-17,v3
2020-02-16,Rt,2.14185447676644,2.21389818850708,2.25020132719778,2.26934224026158,2.31760706689619,2.46463987510208,Surged Additional 50% Reduction,Iraq,IRQ,2020-06-17,v3
2020-02-16,cumulative_infections,112.975,178.75,225.5,224.67,266.25,337.025,Surged Maintain Status Quo,Iraq,IRQ,2020-06-17,v3
2020-02-16,deaths,0,0,0,0.015,0,0,Surged Maintain Status Quo,Iraq,IRQ,2020-06-17,v3
2020-02-16,hospital_demand,0,1,2,2.015,3,5,Surged Maintain Status Quo,Iraq,IRQ,2020-06-17,v3
2020-02-16,ICU_demand,0,0,0,0.475,1,2,Surged Maintain Status Quo,Iraq,IRQ,2020-06-17,v3
2020-02-16,infections,16.975,27,33,33.39,40,53,Surged Maintain Status Quo,Iraq,IRQ,2020-06-17,v3
2020-02-16,Rt,2.14185447676644,2.21389818850708,2.25020132719778,2.26934224026158,2.31760706689619,2.46463987510208,Surged Maintain Status Quo,Iraq,IRQ,2020-06-17,v3
2020-02-16,cumulative_infections,112.975,178.75,225.5,224.67,266.25,337.025,Surged Relax Interventions 50%,Iraq,IRQ,2020-06-17,v3
2020-02-16,deaths,0,0,0,0.015,0,0,Surged Relax Interventions 50%,Iraq,IRQ,2020-06-17,v3
2020-02-16,hospital_demand,0,1,2,2.015,3,5,Surged Relax Interventions 50%,Iraq,IRQ,2020-06-17,v3
2020-02-16,ICU_demand,0,0,0,0.475,1,2,Surged Relax Interventions 50%,Iraq,IRQ,2020-06-17,v3
2020-02-16,infections,16.975,27,33,33.39,40,53,Surged Relax Interventions 50%,Iraq,IRQ,2020-06-17,v3
2020-02-16,Rt,2.14185447676644,2.21389818850708,2.25020132719778,2.26934224026158,2.31760706689619,2.46463987510208,Surged Relax Interventions 50%,Iraq,IRQ,2020-06-17,v3
2020-02-17,cumulative_infections,153.875,221.75,256,261.75,304.25,382.15,Additional 50% Reduction,Iraq,IRQ,2020-06-17,v3
2020-02-17,deaths,0,0,0,0.015,0,0,Additional 50% Reduction,Iraq,IRQ,2020-06-17,v3
2020-02-17,hospital_demand,0,1,2,2.44,3,7,Additional 50% Reduction,Iraq,IRQ,2020-06-17,v3
2020-02-17,ICU_demand,0,0,0,0.57,1,2,Additional 50% Reduction,Iraq,IRQ,2020-06-17,v3
2020-02-17,infections,23,32.75,39,39.115,45,55.05,Additional 50% Reduction,Iraq,IRQ,2020-06-17,v3
2020-02-17,Rt,2.1631792663513,2.25532645915862,2.30482041229114,2.31359525554318,2.354132444639,2.51845287844134,Additional 50% Reduction,Iraq,IRQ,2020-06-17,v3
2020-02-17,cumulative_infections,153.875,221.75,256,261.75,304.25,382.15,Maintain Status Quo,Iraq,IRQ,2020-06-17,v3
2020-02-17,deaths,0,0,0,0.015,0,0,Maintain Status Quo,Iraq,IRQ,2020-06-17,v3
2020-02-17,hospital_demand,0,1,2,2.44,3,7,Maintain Status Quo,Iraq,IRQ,2020-06-17,v3
2020-02-17,ICU_demand,0,0,0,0.57,1,2,Maintain Status Quo,Iraq,IRQ,2020-06-17,v3
2020-02-17,infections,23,32.75,39,39.115,45,55.05,Maintain Status Quo,Iraq,IRQ,2020-06-17,v3
2020-02-17,Rt,2.1631792663513,2.25532645915862,2.30482041229114,2.31359525554318,2.354132444639,2.51845287844134,Maintain Status Quo,Iraq,IRQ,2020-06-17,v3
2020-02-17,cumulative_infections,153.875,221.75,256,261.75,304.25,382.15,Relax Interventions 50%,Iraq,IRQ,2020-06-17,v3
2020-02-17,deaths,0,0,0,0.015,0,0,Relax Interventions 50%,Iraq,IRQ,2020-06-17,v3
2020-02-17,hospital_demand,0,1,2,2.44,3,7,Relax Interventions 50%,Iraq,IRQ,2020-06-17,v3
2020-02-17,ICU_demand,0,0,0,0.57,1,2,Relax Interventions 50%,Iraq,IRQ,2020-06-17,v3
2020-02-17,infections,23,32.75,39,39.115,45,55.05,Relax Interventions 50%,Iraq,IRQ,2020-06-17,v3
2020-02-17,Rt,2.1631792663513,2.25532645915862,2.30482041229114,2.31359525554318,2.354132444639,2.51845287844134,Relax Interventions 50%,Iraq,IRQ,2020-06-17,v3
2020-02-17,cumulative_infections,138.9,214,263,263.695,311,385.225,Surged Additional 50% Reduction,Iraq,IRQ,2020-06-17,v3
2020-02-17,deaths,0,0,0,0.015,0,0,Surged Additional 50% Reduction,Iraq,IRQ,2020-06-17,v3
2020-02-17,hospital_demand,0,1,2,2.195,3,6,Surged Additional 50% Reduction,Iraq,IRQ,2020-06-17,v3
2020-02-17,ICU_demand,0,0,0,0.555,1,3,Surged Additional 50% Reduction,Iraq,IRQ,2020-06-17,v3
2020-02-17,infections,21,32,38,39.025,46,62,Surged Additional 50% Reduction,Iraq,IRQ,2020-06-17,v3
2020-02-17,Rt,2.18218888618088,2.25922217759471,2.29596338992627,2.31740787195639,2.36934992811929,2.52310966202155,Surged Additional 50% Reduction,Iraq,IRQ,2020-06-17,v3
2020-02-17,cumulative_infections,138.9,214,263,263.695,311,385.225,Surged Maintain Status Quo,Iraq,IRQ,2020-06-17,v3
2020-02-17,deaths,0,0,0,0.015,0,0,Surged Maintain Status Quo,Iraq,IRQ,2020-06-17,v3
2020-02-17,hospital_demand,0,1,2,2.195,3,6,Surged Maintain Status Quo,Iraq,IRQ,2020-06-17,v3
2020-02-17,ICU_demand,0,0,0,0.555,1,3,Surged Maintain Status Quo,Iraq,IRQ,2020-06-17,v3
2020-02-17,infections,21,32,38,39.025,46,62,Surged Maintain Status Quo,Iraq,IRQ,2020-06-17,v3
2020-02-17,Rt,2.18218888618088,2.25922217759471,2.29596338992627,2.31740787195639,2.36934992811929,2.52310966202155,Surged Maintain Status Quo,Iraq,IRQ,2020-06-17,v3
2020-02-17,cumulative_infections,138.9,214,263,263.695,311,385.225,Surged Relax Interventions 50%,Iraq,IRQ,2020-06-17,v3
2020-02-17,deaths,0,0,0,0.015,0,0,Surged Relax Interventions 50%,Iraq,IRQ,2020-06-17,v3
2020-02-17,hospital_demand,0,1,2,2.195,3,6,Surged Relax Interventions 50%,Iraq,IRQ,2020-06-17,v3
2020-02-17,ICU_demand,0,0,0,0.555,1,3,Surged Relax Interventions 50%,Iraq,IRQ,2020-06-17,v3
2020-02-17,infections,21,32,38,39.025,46,62,Surged Relax Interventions 50%,Iraq,IRQ,2020-06-17,v3
2020-02-17,Rt,2.18218888618088,2.25922217759471,2.29596338992627,2.31740787195639,2.36934992811929,2.52310966202155,Surged Relax Interventions 50%,Iraq,IRQ,2020-06-17,v3
2020-02-18,cumulative_infections,189.975,261.75,300,306.715,350.5,445.35,Additional 50% Reduction,Iraq,IRQ,2020-06-17,v3
2020-02-18,deaths,0,0,0,0.035,0,1,Additional 50% Reduction,Iraq,IRQ,2020-06-17,v3
2020-02-18,hospital_demand,0,1,2.5,2.72,4,7,Additional 50% Reduction,Iraq,IRQ,2020-06-17,v3
2020-02-18,ICU_demand,0,0,0,0.645,1,2,Additional 50% Reduction,Iraq,IRQ,2020-06-17,v3
2020-02-18,infections,25.975,37.75,44,44.965,51.25,68,Additional 50% Reduction,Iraq,IRQ,2020-06-17,v3
2020-02-18,Rt,2.19038450442683,2.28416598678422,2.33617006120725,2.34526319898259,2.38712630953851,2.55650081553081,Additional 50% Reduction,Iraq,IRQ,2020-06-17,v3
2020-02-18,cumulative_infections,189.975,261.75,300,306.715,350.5,445.35,Maintain Status Quo,Iraq,IRQ,2020-06-17,v3
2020-02-18,deaths,0,0,0,0.035,0,1,Maintain Status Quo,Iraq,IRQ,2020-06-17,v3
2020-02-18,hospital_demand,0,1,2.5,2.72,4,7,Maintain Status Quo,Iraq,IRQ,2020-06-17,v3
2020-02-18,ICU_demand,0,0,0,0.645,1,2,Maintain Status Quo,Iraq,IRQ,2020-06-17,v3
2020-02-18,infections,25.975,37.75,44,44.965,51.25,68,Maintain Status Quo,Iraq,IRQ,2020-06-17,v3
2020-02-18,Rt,2.19038450442683,2.28416598678422,2.33617006120725,2.34526319898259,2.38712630953851,2.55650081553081,Maintain Status Quo,Iraq,IRQ,2020-06-17,v3
2020-02-18,cumulative_infections,189.975,261.75,300,306.715,350.5,445.35,Relax Interventions 50%,Iraq,IRQ,2020-06-17,v3
2020-02-18,deaths,0,0,0,0.035,0,1,Relax Interventions 50%,Iraq,IRQ,2020-06-17,v3
2020-02-18,hospital_demand,0,1,2.5,2.72,4,7,Relax Interventions 50%,Iraq,IRQ,2020-06-17,v3
2020-02-18,ICU_demand,0,0,0,0.645,1,2,Relax Interventions 50%,Iraq,IRQ,2020-06-17,v3
2020-02-18,infections,25.975,37.75,44,44.965,51.25,68,Relax Interventions 50%,Iraq,IRQ,2020-06-17,v3
2020-02-18,Rt,2.19038450442683,2.28416598678422,2.33617006120725,2.34526319898259,2.38712630953851,2.55650081553081,Relax Interventions 50%,Iraq,IRQ,2020-06-17,v3
2020-02-18,cumulative_infections,168.875,252,310,307.59,360,446.1,Surged Additional 50% Reduction,Iraq,IRQ,2020-06-17,v3
2020-02-18,deaths,0,0,0,0.03,0,0.0250000000000057,Surged Additional 50% Reduction,Iraq,IRQ,2020-06-17,v3
2020-02-18,hospital_demand,0,1,2.5,2.565,3,7,Surged Additional 50% Reduction,Iraq,IRQ,2020-06-17,v3
2020-02-18,ICU_demand,0,0,0,0.695,1,3,Surged Additional 50% Reduction,Iraq,IRQ,2020-06-17,v3
2020-02-18,infections,23.975,35,45,43.895,52,64.05,Surged Additional 50% Reduction,Iraq,IRQ,2020-06-17,v3
2020-02-18,Rt,2.2090580498644,2.28897173425997,2.32733929191668,2.34915825648792,2.40266487015248,2.56161739364165,Surged Additional 50% Reduction,Iraq,IRQ,2020-06-17,v3
2020-02-18,cumulative_infections,168.875,252,310,307.59,360,446.1,Surged Maintain Status Quo,Iraq,IRQ,2020-06-17,v3
2020-02-18,deaths,0,0,0,0.03,0,0.0250000000000057,Surged Maintain Status Quo,Iraq,IRQ,2020-06-17,v3
2020-02-18,hospital_demand,0,1,2.5,2.565,3,7,Surged Maintain Status Quo,Iraq,IRQ,2020-06-17,v3
2020-02-18,ICU_demand,0,0,0,0.695,1,3,Surged Maintain Status Quo,Iraq,IRQ,2020-06-17,v3
2020-02-18,infections,23.975,35,45,43.895,52,64.05,Surged Maintain Status Quo,Iraq,IRQ,2020-06-17,v3
2020-02-18,Rt,2.2090580498644,2.28897173425997,2.32733929191668,2.34915825648792,2.40266487015248,2.56161739364165,Surged Maintain Status Quo,Iraq,IRQ,2020-06-17,v3
2020-02-18,cumulative_infections,168.875,252,310,307.59,360,446.1,Surged Relax Interventions 50%,Iraq,IRQ,2020-06-17,v3
2020-02-18,deaths,0,0,0,0.03,0,0.0250000000000057,Surged Relax Interventions 50%,Iraq,IRQ,2020-06-17,v3
2020-02-18,hospital_demand,0,1,2.5,2.565,3,7,Surged Relax Interventions 50%,Iraq,IRQ,2020-06-17,v3
2020-02-18,ICU_demand,0,0,0,0.695,1,3,Surged Relax Interventions 50%,Iraq,IRQ,2020-06-17,v3
2020-02-18,infections,23.975,35,45,43.895,52,64.05,Surged Relax Interventions 50%,Iraq,IRQ,2020-06-17,v3
2020-02-18,Rt,2.2090580498644,2.28897173425997,2.32733929191668,2.34915825648792,2.40266487015248,2.56161739364165,Surged Relax Interventions 50%,Iraq,IRQ,2020-06-17,v3
2020-02-19,cumulative_infections,223.975,312,347.5,357.8,408.5,525,Additional 50% Reduction,Iraq,IRQ,2020-06-17,v3
2020-02-19,deaths,0,0,0,0.035,0,1,Additional 50% Reduction,Iraq,IRQ,2020-06-17,v3
2020-02-19,hospital_demand,0,2,3,3.115,4,8,Additional 50% Reduction,Iraq,IRQ,2020-06-17,v3
2020-02-19,ICU_demand,0,0,1,0.715,1,3,Additional 50% Reduction,Iraq,IRQ,2020-06-17,v3
2020-02-19,infections,30.975,44,49.5,51.085,57,74.025,Additional 50% Reduction,Iraq,IRQ,2020-06-17,v3
2020-02-19,Rt,2.13059258956919,2.21711025661201,2.265966497592,2.27368095059797,2.31248337289666,2.47038065053038,Additional 50% Reduction,Iraq,IRQ,2020-06-17,v3
2020-02-19,cumulative_infections,223.975,312,347.5,357.8,408.5,525,Maintain Status Quo,Iraq,IRQ,2020-06-17,v3
2020-02-19,deaths,0,0,0,0.035,0,1,Maintain Status Quo,Iraq,IRQ,2020-06-17,v3
2020-02-19,hospital_demand,0,2,3,3.115,4,8,Maintain Status Quo,Iraq,IRQ,2020-06-17,v3
2020-02-19,ICU_demand,0,0,1,0.715,1,3,Maintain Status Quo,Iraq,IRQ,2020-06-17,v3
2020-02-19,infections,30.975,44,49.5,51.085,57,74.025,Maintain Status Quo,Iraq,IRQ,2020-06-17,v3
2020-02-19,Rt,2.13059258956919,2.21711025661201,2.265966497592,2.27368095059797,2.31248337289666,2.47038065053038,Maintain Status Quo,Iraq,IRQ,2020-06-17,v3
2020-02-19,cumulative_infections,223.975,312,347.5,357.8,408.5,525,Relax Interventions 50%,Iraq,IRQ,2020-06-17,v3
2020-02-19,deaths,0,0,0,0.035,0,1,Relax Interventions 50%,Iraq,IRQ,2020-06-17,v3
2020-02-19,hospital_demand,0,2,3,3.115,4,8,Relax Interventions 50%,Iraq,IRQ,2020-06-17,v3
2020-02-19,ICU_demand,0,0,1,0.715,1,3,Relax Interventions 50%,Iraq,IRQ,2020-06-17,v3
2020-02-19,infections,30.975,44,49.5,51.085,57,74.025,Relax Interventions 50%,Iraq,IRQ,2020-06-17,v3
2020-02-19,Rt,2.13059258956919,2.21711025661201,2.265966497592,2.27368095059797,2.31248337289666,2.47038065053038,Relax Interventions 50%,Iraq,IRQ,2020-06-17,v3
2020-02-19,cumulative_infections,196.875,298.75,358,358.945,420.25,516.2,Surged Additional 50% Reduction,Iraq,IRQ,2020-06-17,v3
2020-02-19,deaths,0,0,0,0.03,0,1,Surged Additional 50% Reduction,Iraq,IRQ,2020-06-17,v3
2020-02-19,hospital_demand,0,2,3,2.88,4,7,Surged Additional 50% Reduction,Iraq,IRQ,2020-06-17,v3
2020-02-19,ICU_demand,0,0,1,0.82,1,3,Surged Additional 50% Reduction,Iraq,IRQ,2020-06-17,v3
2020-02-19,infections,28,41,50,51.355,61,79.05,Surged Additional 50% Reduction,Iraq,IRQ,2020-06-17,v3
2020-02-19,Rt,2.14839400826463,2.2215338848823,2.25763100890651,2.2773878322464,2.32644607972682,2.47444073063851,Surged Additional 50% Reduction,Iraq,IRQ,2020-06-17,v3
2020-02-19,cumulative_infections,196.875,298.75,358,358.945,420.25,516.2,Surged Maintain Status Quo,Iraq,IRQ,2020-06-17,v3
2020-02-19,deaths,0,0,0,0.03,0,1,Surged Maintain Status Quo,Iraq,IRQ,2020-06-17,v3
2020-02-19,hospital_demand,0,2,3,2.88,4,7,Surged Maintain Status Quo,Iraq,IRQ,2020-06-17,v3
2020-02-19,ICU_demand,0,0,1,0.82,1,3,Surged Maintain Status Quo,Iraq,IRQ,2020-06-17,v3
2020-02-19,infections,28,41,50,51.355,61,79.05,Surged Maintain Status Quo,Iraq,IRQ,2020-06-17,v3
2020-02-19,Rt,2.14839400826463,2.2215338848823,2.25763100890651,2.2773878322464,2.32644607972682,2.47444073063851,Surged Maintain Status Quo,Iraq,IRQ,2020-06-17,v3
2020-02-19,cumulative_infections,196.875,298.75,358,358.945,420.25,516.2,Surged Relax Interventions 50%,Iraq,IRQ,2020-06-17,v3
2020-02-19,deaths,0,0,0,0.03,0,1,Surged Relax Interventions 50%,Iraq,IRQ,2020-06-17,v3
2020-02-19,hospital_demand,0,2,3,2.88,4,7,Surged Relax Interventions 50%,Iraq,IRQ,2020-06-17,v3
2020-02-19,ICU_demand,0,0,1,0.82,1,3,Surged Relax Interventions 50%,Iraq,IRQ,2020-06-17,v3
2020-02-19,infections,28,41,50,51.355,61,79.05,Surged Relax Interventions 50%,Iraq,IRQ,2020-06-17,v3
2020-02-19,Rt,2.14839400826463,2.2215338848823,2.25763100890651,2.2773878322464,2.32644607972682,2.47444073063851,Surged Relax Interventions 50%,Iraq,IRQ,2020-06-17,v3
2020-02-20,cumulative_infections,261,362.75,408,417.8,474.25,607.175,Additional 50% Reduction,Iraq,IRQ,2020-06-17,v3
2020-02-20,deaths,0,0,0,0.05,0,1,Additional 50% Reduction,Iraq,IRQ,2020-06-17,v3
2020-02-20,hospital_demand,0,2,3,3.51,5,8,Additional 50% Reduction,Iraq,IRQ,2020-06-17,v3
2020-02-20,ICU_demand,0,0,1,0.845,1,3,Additional 50% Reduction,Iraq,IRQ,2020-06-17,v3
2020-02-20,infections,37.975,49.75,60,60,69,89,Additional 50% Reduction,Iraq,IRQ,2020-06-17,v3
2020-02-20,Rt,2.06932080606849,2.14703428554504,2.19617039853573,2.20101546537862,2.23674893929175,2.383926915304,Additional 50% Reduction,Iraq,IRQ,2020-06-17,v3
2020-02-20,cumulative_infections,261,362.75,408,417.8,474.25,607.175,Maintain Status Quo,Iraq,IRQ,2020-06-17,v3
2020-02-20,deaths,0,0,0,0.05,0,1,Maintain Status Quo,Iraq,IRQ,2020-06-17,v3
2020-02-20,hospital_demand,0,2,3,3.51,5,8,Maintain Status Quo,Iraq,IRQ,2020-06-17,v3
2020-02-20,ICU_demand,0,0,1,0.845,1,3,Maintain Status Quo,Iraq,IRQ,2020-06-17,v3
2020-02-20,infections,37.975,49.75,60,60,69,89,Maintain Status Quo,Iraq,IRQ,2020-06-17,v3
2020-02-20,Rt,2.06932080606849,2.14703428554504,2.19617039853573,2.20101546537862,2.23674893929175,2.383926915304,Maintain Status Quo,Iraq,IRQ,2020-06-17,v3
2020-02-20,cumulative_infections,261,362.75,408,417.8,474.25,607.175,Relax Interventions 50%,Iraq,IRQ,2020-06-17,v3
2020-02-20,deaths,0,0,0,0.05,0,1,Relax Interventions 50%,Iraq,IRQ,2020-06-17,v3
2020-02-20,hospital_demand,0,2,3,3.51,5,8,Relax Interventions 50%,Iraq,IRQ,2020-06-17,v3
2020-02-20,ICU_demand,0,0,1,0.845,1,3,Relax Interventions 50%,Iraq,IRQ,2020-06-17,v3
2020-02-20,infections,37.975,49.75,60,60,69,89,Relax Interventions 50%,Iraq,IRQ,2020-06-17,v3
2020-02-20,Rt,2.06932080606849,2.14703428554504,2.19617039853573,2.20101546537862,2.23674893929175,2.383926915304,Relax Interventions 50%,Iraq,IRQ,2020-06-17,v3
2020-02-20,cumulative_infections,237.85,349.5,416,418.2,488.5,590.025,Surged Additional 50% Reduction,Iraq,IRQ,2020-06-17,v3
2020-02-20,deaths,0,0,0,0.045,0,1,Surged Additional 50% Reduction,Iraq,IRQ,2020-06-17,v3
2020-02-20,hospital_demand,0,2,3,3.295,4,8,Surged Additional 50% Reduction,Iraq,IRQ,2020-06-17,v3
2020-02-20,ICU_demand,0,0,1,0.915,1.25,3,Surged Additional 50% Reduction,Iraq,IRQ,2020-06-17,v3
2020-02-20,infections,31.875,49,61,59.255,68.25,85.025,Surged Additional 50% Reduction,Iraq,IRQ,2020-06-17,v3
2020-02-20,Rt,2.0869720728976,2.15195918805922,2.18661269334403,2.20452523974226,2.24868371330681,2.38550137662415,Surged Additional 50% Reduction,Iraq,IRQ,2020-06-17,v3
2020-02-20,cumulative_infections,237.85,349.5,416,418.2,488.5,590.025,Surged Maintain Status Quo,Iraq,IRQ,2020-06-17,v3
2020-02-20,deaths,0,0,0,0.045,0,1,Surged Maintain Status Quo,Iraq,IRQ,2020-06-17,v3
2020-02-20,hospital_demand,0,2,3,3.295,4,8,Surged Maintain Status Quo,Iraq,IRQ,2020-06-17,v3
2020-02-20,ICU_demand,0,0,1,0.915,1.25,3,Surged Maintain Status Quo,Iraq,IRQ,2020-06-17,v3
2020-02-20,infections,31.875,49,61,59.255,68.25,85.025,Surged Maintain Status Quo,Iraq,IRQ,2020-06-17,v3
2020-02-20,Rt,2.0869720728976,2.15195918805922,2.18661269334403,2.20452523974226,2.24868371330681,2.38550137662415,Surged Maintain Status Quo,Iraq,IRQ,2020-06-17,v3
2020-02-20,cumulative_infections,237.85,349.5,416,418.2,488.5,590.025,Surged Relax Interventions 50%,Iraq,IRQ,2020-06-17,v3
2020-02-20,deaths,0,0,0,0.045,0,1,Surged Relax Interventions 50%,Iraq,IRQ,2020-06-17,v3
2020-02-20,hospital_demand,0,2,3,3.295,4,8,Surged Relax Interventions 50%,Iraq,IRQ,2020-06-17,v3
2020-02-20,ICU_demand,0,0,1,0.915,1.25,3,Surged Relax Interventions 50%,Iraq,IRQ,2020-06-17,v3
2020-02-20,infections,31.875,49,61,59.255,68.25,85.025,Surged Relax Interventions 50%,Iraq,IRQ,2020-06-17,v3
2020-02-20,Rt,2.0869720728976,2.15195918805922,2.18661269334403,2.20452523974226,2.24868371330681,2.38550137662415,Surged Relax Interventions 50%,Iraq,IRQ,2020-06-17,v3
2020-02-21,cumulative_infections,313.925,425.25,477.5,487.21,550.75,694.45,Additional 50% Reduction,Iraq,IRQ,2020-06-17,v3
2020-02-21,deaths,0,0,0,0.055,0,1,Additional 50% Reduction,Iraq,IRQ,2020-06-17,v3
2020-02-21,hospital_demand,1,2,3,4.11,6,9,Additional 50% Reduction,Iraq,IRQ,2020-06-17,v3
2020-02-21,ICU_demand,0,0,1,0.93,1,3,Additional 50% Reduction,Iraq,IRQ,2020-06-17,v3
2020-02-21,infections,43.95,58,69,69.41,79,94.05,Additional 50% Reduction,Iraq,IRQ,2020-06-17,v3
2020-02-21,Rt,2.16999598152011,2.26260621976746,2.31262421106587,2.32153499027248,2.36240578023416,2.5280001996202,Additional 50% Reduction,Iraq,IRQ,2020-06-17,v3
2020-02-21,cumulative_infections,313.925,425.25,477.5,487.21,550.75,694.45,Maintain Status Quo,Iraq,IRQ,2020-06-17,v3
2020-02-21,deaths,0,0,0,0.055,0,1,Maintain Status Quo,Iraq,IRQ,2020-06-17,v3
2020-02-21,hospital_demand,1,2,3,4.11,6,9,Maintain Status Quo,Iraq,IRQ,2020-06-17,v3
2020-02-21,ICU_demand,0,0,1,0.93,1,3,Maintain Status Quo,Iraq,IRQ,2020-06-17,v3
2020-02-21,infections,43.95,58,69,69.41,79,94.05,Maintain Status Quo,Iraq,IRQ,2020-06-17,v3
2020-02-21,Rt,2.16999598152011,2.26260621976746,2.31262421106587,2.32153499027248,2.36240578023416,2.5280001996202,Maintain Status Quo,Iraq,IRQ,2020-06-17,v3
2020-02-21,cumulative_infections,313.925,425.25,477.5,487.21,550.75,694.45,Relax Interventions 50%,Iraq,IRQ,2020-06-17,v3
2020-02-21,deaths,0,0,0,0.055,0,1,Relax Interventions 50%,Iraq,IRQ,2020-06-17,v3
2020-02-21,hospital_demand,1,2,3,4.11,6,9,Relax Interventions 50%,Iraq,IRQ,2020-06-17,v3
2020-02-21,ICU_demand,0,0,1,0.93,1,3,Relax Interventions 50%,Iraq,IRQ,2020-06-17,v3
2020-02-21,infections,43.95,58,69,69.41,79,94.05,Relax Interventions 50%,Iraq,IRQ,2020-06-17,v3
2020-02-21,Rt,2.16999598152011,2.26260621976746,2.31262421106587,2.32153499027248,2.36240578023416,2.5280001996202,Relax Interventions 50%,Iraq,IRQ,2020-06-17,v3
2020-02-21,cumulative_infections,281.85,409,489,486.975,564.5,682.15,Surged Additional 50% Reduction,Iraq,IRQ,2020-06-17,v3
2020-02-21,deaths,0,0,0,0.015,0,0,Surged Additional 50% Reduction,Iraq,IRQ,2020-06-17,v3
2020-02-21,hospital_demand,1,2,4,3.69,5,8,Surged Additional 50% Reduction,Iraq,IRQ,2020-06-17,v3
2020-02-21,ICU_demand,0,0,1,1.095,2,4,Surged Additional 50% Reduction,Iraq,IRQ,2020-06-17,v3
2020-02-21,infections,42.85,57,69,68.775,80.25,98.025,Surged Additional 50% Reduction,Iraq,IRQ,2020-06-17,v3
2020-02-21,Rt,2.18892059115035,2.26662737084327,2.30381782843158,2.32536840124488,2.37777884665053,2.53277343948511,Surged Additional 50% Reduction,Iraq,IRQ,2020-06-17,v3
2020-02-21,cumulative_infections,281.85,409,489,486.975,564.5,682.15,Surged Maintain Status Quo,Iraq,IRQ,2020-06-17,v3
2020-02-21,deaths,0,0,0,0.015,0,0,Surged Maintain Status Quo,Iraq,IRQ,2020-06-17,v3
2020-02-21,hospital_demand,1,2,4,3.69,5,8,Surged Maintain Status Quo,Iraq,IRQ,2020-06-17,v3
2020-02-21,ICU_demand,0,0,1,1.095,2,4,Surged Maintain Status Quo,Iraq,IRQ,2020-06-17,v3
2020-02-21,infections,42.85,57,69,68.775,80.25,98.025,Surged Maintain Status Quo,Iraq,IRQ,2020-06-17,v3
2020-02-21,Rt,2.18892059115035,2.26662737084327,2.30381782843158,2.32536840124488,2.37777884665053,2.53277343948511,Surged Maintain Status Quo,Iraq,IRQ,2020-06-17,v3
2020-02-21,cumulative_infections,281.85,409,489,486.975,564.5,682.15,Surged Relax Interventions 50%,Iraq,IRQ,2020-06-17,v3
2020-02-21,deaths,0,0,0,0.015,0,0,Surged Relax Interventions 50%,Iraq,IRQ,2020-06-17,v3
2020-02-21,hospital_demand,1,2,4,3.69,5,8,Surged Relax Interventions 50%,Iraq,IRQ,2020-06-17,v3
2020-02-21,ICU_demand,0,0,1,1.095,2,4,Surged Relax Interventions 50%,Iraq,IRQ,2020-06-17,v3
2020-02-21,infections,42.85,57,69,68.775,80.25,98.025,Surged Relax Interventions 50%,Iraq,IRQ,2020-06-17,v3
2020-02-21,Rt,2.18892059115035,2.26662737084327,2.30381782843158,2.32536840124488,2.37777884665053,2.53277343948511,Surged Relax Interventions 50%,Iraq,IRQ,2020-06-17,v3
2020-02-22,cumulative_infections,377.9,498.5,550.5,566.785,634.75,788.45,Additional 50% Reduction,Iraq,IRQ,2020-06-17,v3
2020-02-22,deaths,0,0,0,0.04,0,1,Additional 50% Reduction,Iraq,IRQ,2020-06-17,v3
2020-02-22,hospital_demand,1,3,4,4.835,6,10.025,Additional 50% Reduction,Iraq,IRQ,2020-06-17,v3
2020-02-22,ICU_demand,0,0,1,1.055,2,3,Additional 50% Reduction,Iraq,IRQ,2020-06-17,v3
2020-02-22,infections,50.925,68,78,79.575,89,113.1,Additional 50% Reduction,Iraq,IRQ,2020-06-17,v3
2020-02-22,Rt,2.17680254756695,2.26987435878422,2.32047145736632,2.32945973223194,2.3706627247104,2.53752422088292,Additional 50% Reduction,Iraq,IRQ,2020-06-17,v3
2020-02-22,cumulative_infections,377.9,498.5,550.5,566.785,634.75,788.45,Maintain Status Quo,Iraq,IRQ,2020-06-17,v3
2020-02-22,deaths,0,0,0,0.04,0,1,Maintain Status Quo,Iraq,IRQ,2020-06-17,v3
2020-02-22,hospital_demand,1,3,4,4.835,6,10.025,Maintain Status Quo,Iraq,IRQ,2020-06-17,v3
2020-02-22,ICU_demand,0,0,1,1.055,2,3,Maintain Status Quo,Iraq,IRQ,2020-06-17,v3
2020-02-22,infections,50.925,68,78,79.575,89,113.1,Maintain Status Quo,Iraq,IRQ,2020-06-17,v3
2020-02-22,Rt,2.17680254756695,2.26987435878422,2.32047145736632,2.32945973223194,2.3706627247104,2.53752422088292,Maintain Status Quo,Iraq,IRQ,2020-06-17,v3
2020-02-22,cumulative_infections,377.9,498.5,550.5,566.785,634.75,788.45,Relax Interventions 50%,Iraq,IRQ,2020-06-17,v3
2020-02-22,deaths,0,0,0,0.04,0,1,Relax Interventions 50%,Iraq,IRQ,2020-06-17,v3
2020-02-22,hospital_demand,1,3,4,4.835,6,10.025,Relax Interventions 50%,Iraq,IRQ,2020-06-17,v3
2020-02-22,ICU_demand,0,0,1,1.055,2,3,Relax Interventions 50%,Iraq,IRQ,2020-06-17,v3
2020-02-22,infections,50.925,68,78,79.575,89,113.1,Relax Interventions 50%,Iraq,IRQ,2020-06-17,v3
2020-02-22,Rt,2.17680254756695,2.26987435878422,2.32047145736632,2.32945973223194,2.3706627247104,2.53752422088292,Relax Interventions 50%,Iraq,IRQ,2020-06-17,v3
2020-02-22,cumulative_infections,334.8,479,575,567.425,656,797.05,Surged Additional 50% Reduction,Iraq,IRQ,2020-06-17,v3
2020-02-22,deaths,0,0,0,0.025,0,0.0250000000000057,Surged Additional 50% Reduction,Iraq,IRQ,2020-06-17,v3
2020-02-22,hospital_demand,1,3,4,4.445,6,9,Surged Additional 50% Reduction,Iraq,IRQ,2020-06-17,v3
2020-02-22,ICU_demand,0,0,1,1.245,2,4,Surged Additional 50% Reduction,Iraq,IRQ,2020-06-17,v3
2020-02-22,infections,47.975,67.75,82,80.45,93,113.05,Surged Additional 50% Reduction,Iraq,IRQ,2020-06-17,v3
2020-02-22,Rt,2.19564280093509,2.27404666367206,2.31165775538661,2.33331381606239,2.38615713828076,2.54241292127189,Surged Additional 50% Reduction,Iraq,IRQ,2020-06-17,v3
2020-02-22,cumulative_infections,334.8,479,575,567.425,656,797.05,Surged Maintain Status Quo,Iraq,IRQ,2020-06-17,v3
2020-02-22,deaths,0,0,0,0.025,0,0.0250000000000057,Surged Maintain Status Quo,Iraq,IRQ,2020-06-17,v3
2020-02-22,hospital_demand,1,3,4,4.445,6,9,Surged Maintain Status Quo,Iraq,IRQ,2020-06-17,v3
2020-02-22,ICU_demand,0,0,1,1.245,2,4,Surged Maintain Status Quo,Iraq,IRQ,2020-06-17,v3
2020-02-22,infections,47.975,67.75,82,80.45,93,113.05,Surged Maintain Status Quo,Iraq,IRQ,2020-06-17,v3
2020-02-22,Rt,2.19564280093509,2.27404666367206,2.31165775538661,2.33331381606239,2.38615713828076,2.54241292127189,Surged Maintain Status Quo,Iraq,IRQ,2020-06-17,v3
2020-02-22,cumulative_infections,334.8,479,575,567.425,656,797.05,Surged Relax Interventions 50%,Iraq,IRQ,2020-06-17,v3
2020-02-22,deaths,0,0,0,0.025,0,0.0250000000000057,Surged Relax Interventions 50%,Iraq,IRQ,2020-06-17,v3
2020-02-22,hospital_demand,1,3,4,4.445,6,9,Surged Relax Interventions 50%,Iraq,IRQ,2020-06-17,v3
2020-02-22,ICU_demand,0,0,1,1.245,2,4,Surged Relax Interventions 50%,Iraq,IRQ,2020-06-17,v3
2020-02-22,infections,47.975,67.75,82,80.45,93,113.05,Surged Relax Interventions 50%,Iraq,IRQ,2020-06-17,v3
2020-02-22,Rt,2.19564280093509,2.27404666367206,2.31165775538661,2.33331381606239,2.38615713828076,2.54241292127189,Surged Relax Interventions 50%,Iraq,IRQ,2020-06-17,v3
2020-02-23,cumulative_infections,434.975,578.75,649,657.25,746,891.05,Additional 50% Reduction,Iraq,IRQ,2020-06-17,v3
2020-02-23,deaths,0,0,0,0.105,0,1,Additional 50% Reduction,Iraq,IRQ,2020-06-17,v3
2020-02-23,hospital_demand,1,4,5,5.43,7,11.025,Additional 50% Reduction,Iraq,IRQ,2020-06-17,v3
2020-02-23,ICU_demand,0,0,1,1.255,2,3,Additional 50% Reduction,Iraq,IRQ,2020-06-17,v3
2020-02-23,infections,57.95,78,90,90.465,101.25,125,Additional 50% Reduction,Iraq,IRQ,2020-06-17,v3
2020-02-23,Rt,2.17680254756695,2.26987435878422,2.32047145736632,2.32945973223194,2.3706627247104,2.53752422088292,Additional 50% Reduction,Iraq,IRQ,2020-06-17,v3
2020-02-23,cumulative_infections,434.975,578.75,649,657.25,746,891.05,Maintain Status Quo,Iraq,IRQ,2020-06-17,v3
2020-02-23,deaths,0,0,0,0.105,0,1,Maintain Status Quo,Iraq,IRQ,2020-06-17,v3
2020-02-23,hospital_demand,1,4,5,5.43,7,11.025,Maintain Status Quo,Iraq,IRQ,2020-06-17,v3
2020-02-23,ICU_demand,0,0,1,1.255,2,3,Maintain Status Quo,Iraq,IRQ,2020-06-17,v3
2020-02-23,infections,57.95,78,90,90.465,101.25,125,Maintain Status Quo,Iraq,IRQ,2020-06-17,v3
2020-02-23,Rt,2.17680254756695,2.26987435878422,2.32047145736632,2.32945973223194,2.3706627247104,2.53752422088292,Maintain Status Quo,Iraq,IRQ,2020-06-17,v3
2020-02-23,cumulative_infections,434.975,578.75,649,657.25,746,891.05,Relax Interventions 50%,Iraq,IRQ,2020-06-17,v3
2020-02-23,deaths,0,0,0,0.105,0,1,Relax Interventions 50%,Iraq,IRQ,2020-06-17,v3
2020-02-23,hospital_demand,1,4,5,5.43,7,11.025,Relax Interventions 50%,Iraq,IRQ,2020-06-17,v3
2020-02-23,ICU_demand,0,0,1,1.255,2,3,Relax Interventions 50%,Iraq,IRQ,2020-06-17,v3
2020-02-23,infections,57.95,78,90,90.465,101.25,125,Relax Interventions 50%,Iraq,IRQ,2020-06-17,v3
2020-02-23,Rt,2.17680254756695,2.26987435878422,2.32047145736632,2.32945973223194,2.3706627247104,2.53752422088292,Relax Interventions 50%,Iraq,IRQ,2020-06-17,v3
2020-02-23,cumulative_infections,400.6,554.5,662,657.105,755,911.05,Surged Additional 50% Reduction,Iraq,IRQ,2020-06-17,v3
2020-02-23,deaths,0,0,0,0.075,0,1,Surged Additional 50% Reduction,Iraq,IRQ,2020-06-17,v3
2020-02-23,hospital_demand,1,3,5,5.205,7,10,Surged Additional 50% Reduction,Iraq,IRQ,2020-06-17,v3
2020-02-23,ICU_demand,0,0,1,1.4,2,4,Surged Additional 50% Reduction,Iraq,IRQ,2020-06-17,v3
2020-02-23,infections,58,75,90,89.68,104,125.025,Surged Additional 50% Reduction,Iraq,IRQ,2020-06-17,v3
2020-02-23,Rt,2.19564280093509,2.27404666367206,2.31165775538661,2.33331381606239,2.38615713828076,2.54241292127189,Surged Additional 50% Reduction,Iraq,IRQ,2020-06-17,v3
2020-02-23,cumulative_infections,400.6,554.5,662,657.105,755,911.05,Surged Maintain Status Quo,Iraq,IRQ,2020-06-17,v3
2020-02-23,deaths,0,0,0,0.075,0,1,Surged Maintain Status Quo,Iraq,IRQ,2020-06-17,v3
2020-02-23,hospital_demand,1,3,5,5.205,7,10,Surged Maintain Status Quo,Iraq,IRQ,2020-06-17,v3
2020-02-23,ICU_demand,0,0,1,1.4,2,4,Surged Maintain Status Quo,Iraq,IRQ,2020-06-17,v3
2020-02-23,infections,58,75,90,89.68,104,125.025,Surged Maintain Status Quo,Iraq,IRQ,2020-06-17,v3
2020-02-23,Rt,2.19564280093509,2.27404666367206,2.31165775538661,2.33331381606239,2.38615713828076,2.54241292127189,Surged Maintain Status Quo,Iraq,IRQ,2020-06-17,v3
2020-02-23,cumulative_infections,400.6,554.5,662,657.105,755,911.05,Surged Relax Interventions 50%,Iraq,IRQ,2020-06-17,v3
2020-02-23,deaths,0,0,0,0.075,0,1,Surged Relax Interventions 50%,Iraq,IRQ,2020-06-17,v3
2020-02-23,hospital_demand,1,3,5,5.205,7,10,Surged Relax Interventions 50%,Iraq,IRQ,2020-06-17,v3
2020-02-23,ICU_demand,0,0,1,1.4,2,4,Surged Relax Interventions 50%,Iraq,IRQ,2020-06-17,v3
2020-02-23,infections,58,75,90,89.68,104,125.025,Surged Relax Interventions 50%,Iraq,IRQ,2020-06-17,v3
2020-02-23,Rt,2.19564280093509,2.27404666367206,2.31165775538661,2.33331381606239,2.38615713828076,2.54241292127189,Surged Relax Interventions 50%,Iraq,IRQ,2020-06-17,v3
2020-02-24,cumulative_infections,515.875,670.75,749.5,762.335,860,1035.075,Additional 50% Reduction,Iraq,IRQ,2020-06-17,v3
2020-02-24,deaths,0,0,0,0.11,0,1,Additional 50% Reduction,Iraq,IRQ,2020-06-17,v3
2020-02-24,hospital_demand,1,4,6,6.225,8,12,Additional 50% Reduction,Iraq,IRQ,2020-06-17,v3
2020-02-24,ICU_demand,0,1,1,1.49,2,4,Additional 50% Reduction,Iraq,IRQ,2020-06-17,v3
2020-02-24,infections,68.975,91,104,105.085,116.25,145.1,Additional 50% Reduction,Iraq,IRQ,2020-06-17,v3
2020-02-24,Rt,2.14971410286584,2.24020012046065,2.28925447472511,2.29767185971915,2.33753774556489,2.49928990985565,Additional 50% Reduction,Iraq,IRQ,2020-06-17,v3
2020-02-24,cumulative_infections,515.875,670.75,749.5,762.335,860,1035.075,Maintain Status Quo,Iraq,IRQ,2020-06-17,v3
2020-02-24,deaths,0,0,0,0.11,0,1,Maintain Status Quo,Iraq,IRQ,2020-06-17,v3
2020-02-24,hospital_demand,1,4,6,6.225,8,12,Maintain Status Quo,Iraq,IRQ,2020-06-17,v3
2020-02-24,ICU_demand,0,1,1,1.49,2,4,Maintain Status Quo,Iraq,IRQ,2020-06-17,v3
2020-02-24,infections,68.975,91,104,105.085,116.25,145.1,Maintain Status Quo,Iraq,IRQ,2020-06-17,v3
2020-02-24,Rt,2.14971410286584,2.24020012046065,2.28925447472511,2.29767185971915,2.33753774556489,2.49928990985565,Maintain Status Quo,Iraq,IRQ,2020-06-17,v3
2020-02-24,cumulative_infections,515.875,670.75,749.5,762.335,860,1035.075,Relax Interventions 50%,Iraq,IRQ,2020-06-17,v3
2020-02-24,deaths,0,0,0,0.11,0,1,Relax Interventions 50%,Iraq,IRQ,2020-06-17,v3
2020-02-24,hospital_demand,1,4,6,6.225,8,12,Relax Interventions 50%,Iraq,IRQ,2020-06-17,v3
2020-02-24,ICU_demand,0,1,1,1.49,2,4,Relax Interventions 50%,Iraq,IRQ,2020-06-17,v3
2020-02-24,infections,68.975,91,104,105.085,116.25,145.1,Relax Interventions 50%,Iraq,IRQ,2020-06-17,v3
2020-02-24,Rt,2.14971410286584,2.24020012046065,2.28925447472511,2.29767185971915,2.33753774556489,2.49928990985565,Relax Interventions 50%,Iraq,IRQ,2020-06-17,v3
2020-02-24,cumulative_infections,469,639.25,764,762.305,871.25,1053.25,Surged Additional 50% Reduction,Iraq,IRQ,2020-06-17,v3
2020-02-24,deaths,0,0,0,0.105,0,1,Surged Additional 50% Reduction,Iraq,IRQ,2020-06-17,v3
2020-02-24,hospital_demand,1,4,6,5.94,7,12,Surged Additional 50% Reduction,Iraq,IRQ,2020-06-17,v3
2020-02-24,ICU_demand,0,1,1,1.595,2,5,Surged Additional 50% Reduction,Iraq,IRQ,2020-06-17,v3
2020-02-24,infections,67.95,89.75,104,105.2,120.25,149.05,Surged Additional 50% Reduction,Iraq,IRQ,2020-06-17,v3
2020-02-24,Rt,2.16869768194409,2.24431629853329,2.28023142256205,2.30144252906627,2.35239747720987,2.50371085146659,Surged Additional 50% Reduction,Iraq,IRQ,2020-06-17,v3
2020-02-24,cumulative_infections,469,639.25,764,762.305,871.25,1053.25,Surged Maintain Status Quo,Iraq,IRQ,2020-06-17,v3
2020-02-24,deaths,0,0,0,0.105,0,1,Surged Maintain Status Quo,Iraq,IRQ,2020-06-17,v3
2020-02-24,hospital_demand,1,4,6,5.94,7,12,Surged Maintain Status Quo,Iraq,IRQ,2020-06-17,v3
2020-02-24,ICU_demand,0,1,1,1.595,2,5,Surged Maintain Status Quo,Iraq,IRQ,2020-06-17,v3
2020-02-24,infections,67.95,89.75,104,105.2,120.25,149.05,Surged Maintain Status Quo,Iraq,IRQ,2020-06-17,v3
2020-02-24,Rt,2.16869768194409,2.24431629853329,2.28023142256205,2.30144252906627,2.35239747720987,2.50371085146659,Surged Maintain Status Quo,Iraq,IRQ,2020-06-17,v3
2020-02-24,cumulative_infections,469,639.25,764,762.305,871.25,1053.25,Surged Relax Interventions 50%,Iraq,IRQ,2020-06-17,v3
2020-02-24,deaths,0,0,0,0.105,0,1,Surged Relax Interventions 50%,Iraq,IRQ,2020-06-17,v3
2020-02-24,hospital_demand,1,4,6,5.94,7,12,Surged Relax Interventions 50%,Iraq,IRQ,2020-06-17,v3
2020-02-24,ICU_demand,0,1,1,1.595,2,5,Surged Relax Interventions 50%,Iraq,IRQ,2020-06-17,v3
2020-02-24,infections,67.95,89.75,104,105.2,120.25,149.05,Surged Relax Interventions 50%,Iraq,IRQ,2020-06-17,v3
2020-02-24,Rt,2.16869768194409,2.24431629853329,2.28023142256205,2.30144252906627,2.35239747720987,2.50371085146659,Surged Relax Interventions 50%,Iraq,IRQ,2020-06-17,v3
2020-02-25,cumulative_infections,603.875,778,866.5,883.055,993.5,1185,Additional 50% Reduction,Iraq,IRQ,2020-06-17,v3
2020-02-25,deaths,0,0,0,0.1,0,1,Additional 50% Reduction,Iraq,IRQ,2020-06-17,v3
2020-02-25,hospital_demand,2,5,7,7.14,9,13,Additional 50% Reduction,Iraq,IRQ,2020-06-17,v3
2020-02-25,ICU_demand,0,1,2,1.725,2,4,Additional 50% Reduction,Iraq,IRQ,2020-06-17,v3
2020-02-25,infections,81.85,104.75,121,120.72,135,162.1,Additional 50% Reduction,Iraq,IRQ,2020-06-17,v3
2020-02-25,Rt,1.95403424565605,2.01550611759887,2.05817986963322,2.0615385843444,2.09345332338859,2.22342470340608,Additional 50% Reduction,Iraq,IRQ,2020-06-17,v3
2020-02-25,cumulative_infections,603.875,778,866.5,883.055,993.5,1185,Maintain Status Quo,Iraq,IRQ,2020-06-17,v3
2020-02-25,deaths,0,0,0,0.1,0,1,Maintain Status Quo,Iraq,IRQ,2020-06-17,v3
2020-02-25,hospital_demand,2,5,7,7.14,9,13,Maintain Status Quo,Iraq,IRQ,2020-06-17,v3
2020-02-25,ICU_demand,0,1,2,1.725,2,4,Maintain Status Quo,Iraq,IRQ,2020-06-17,v3
2020-02-25,infections,81.85,104.75,121,120.72,135,162.1,Maintain Status Quo,Iraq,IRQ,2020-06-17,v3
2020-02-25,Rt,1.95403424565605,2.01550611759887,2.05817986963322,2.0615385843444,2.09345332338859,2.22342470340608,Maintain Status Quo,Iraq,IRQ,2020-06-17,v3
2020-02-25,cumulative_infections,603.875,778,866.5,883.055,993.5,1185,Relax Interventions 50%,Iraq,IRQ,2020-06-17,v3
2020-02-25,deaths,0,0,0,0.1,0,1,Relax Interventions 50%,Iraq,IRQ,2020-06-17,v3
2020-02-25,hospital_demand,2,5,7,7.14,9,13,Relax Interventions 50%,Iraq,IRQ,2020-06-17,v3
2020-02-25,ICU_demand,0,1,2,1.725,2,4,Relax Interventions 50%,Iraq,IRQ,2020-06-17,v3
2020-02-25,infections,81.85,104.75,121,120.72,135,162.1,Relax Interventions 50%,Iraq,IRQ,2020-06-17,v3
2020-02-25,Rt,1.95403424565605,2.01550611759887,2.05817986963322,2.0615385843444,2.09345332338859,2.22342470340608,Relax Interventions 50%,Iraq,IRQ,2020-06-17,v3
2020-02-25,cumulative_infections,554.85,746.75,884.5,882.29,1000.5,1210.2,Surged Additional 50% Reduction,Iraq,IRQ,2020-06-17,v3
2020-02-25,deaths,0,0,0,0.115,0,1,Surged Additional 50% Reduction,Iraq,IRQ,2020-06-17,v3
2020-02-25,hospital_demand,2,5,6,6.755,9,13,Surged Additional 50% Reduction,Iraq,IRQ,2020-06-17,v3
2020-02-25,ICU_demand,0,1,2,1.75,2.25,5,Surged Additional 50% Reduction,Iraq,IRQ,2020-06-17,v3
2020-02-25,infections,78.925,104.75,117.5,119.985,136.25,167,Surged Additional 50% Reduction,Iraq,IRQ,2020-06-17,v3
2020-02-25,Rt,1.96702572093755,2.01971128059897,2.05077959219572,2.06465727793691,2.09875929744064,2.21948412659756,Surged Additional 50% Reduction,Iraq,IRQ,2020-06-17,v3
2020-02-25,cumulative_infections,554.85,746.75,884.5,882.29,1000.5,1210.2,Surged Maintain Status Quo,Iraq,IRQ,2020-06-17,v3
2020-02-25,deaths,0,0,0,0.115,0,1,Surged Maintain Status Quo,Iraq,IRQ,2020-06-17,v3
2020-02-25,hospital_demand,2,5,6,6.755,9,13,Surged Maintain Status Quo,Iraq,IRQ,2020-06-17,v3
2020-02-25,ICU_demand,0,1,2,1.75,2.25,5,Surged Maintain Status Quo,Iraq,IRQ,2020-06-17,v3
2020-02-25,infections,78.925,104.75,117.5,119.985,136.25,167,Surged Maintain Status Quo,Iraq,IRQ,2020-06-17,v3
2020-02-25,Rt,1.96702572093755,2.01971128059897,2.05077959219572,2.06465727793691,2.09875929744064,2.21948412659756,Surged Maintain Status Quo,Iraq,IRQ,2020-06-17,v3
2020-02-25,cumulative_infections,554.85,746.75,884.5,882.29,1000.5,1210.2,Surged Relax Interventions 50%,Iraq,IRQ,2020-06-17,v3
2020-02-25,deaths,0,0,0,0.115,0,1,Surged Relax Interventions 50%,Iraq,IRQ,2020-06-17,v3
2020-02-25,hospital_demand,2,5,6,6.755,9,13,Surged Relax Interventions 50%,Iraq,IRQ,2020-06-17,v3
2020-02-25,ICU_demand,0,1,2,1.75,2.25,5,Surged Relax Interventions 50%,Iraq,IRQ,2020-06-17,v3
2020-02-25,infections,78.925,104.75,117.5,119.985,136.25,167,Surged Relax Interventions 50%,Iraq,IRQ,2020-06-17,v3
2020-02-25,Rt,1.96702572093755,2.01971128059897,2.05077959219572,2.06465727793691,2.09875929744064,2.21948412659756,Surged Relax Interventions 50%,Iraq,IRQ,2020-06-17,v3
2020-02-26,cumulative_infections,694.775,901,1000.5,1022.885,1145.5,1374.7,Additional 50% Reduction,Iraq,IRQ,2020-06-17,v3
2020-02-26,deaths,0,0,0,0.11,0,1,Additional 50% Reduction,Iraq,IRQ,2020-06-17,v3
2020-02-26,hospital_demand,3,6,8,8.27,10,15,Additional 50% Reduction,Iraq,IRQ,2020-06-17,v3
2020-02-26,ICU_demand,0,1,2,2.04,3,5,Additional 50% Reduction,Iraq,IRQ,2020-06-17,v3
2020-02-26,infections,94.9,123,140,139.83,156.25,190.05,Additional 50% Reduction,Iraq,IRQ,2020-06-17,v3
2020-02-26,Rt,1.95403424565605,2.01550611759887,2.05817986963322,2.0615385843444,2.09345332338859,2.22342470340608,Additional 50% Reduction,Iraq,IRQ,2020-06-17,v3
2020-02-26,cumulative_infections,694.775,901,1000.5,1022.885,1145.5,1374.7,Maintain Status Quo,Iraq,IRQ,2020-06-17,v3
2020-02-26,deaths,0,0,0,0.11,0,1,Maintain Status Quo,Iraq,IRQ,2020-06-17,v3
2020-02-26,hospital_demand,3,6,8,8.27,10,15,Maintain Status Quo,Iraq,IRQ,2020-06-17,v3
2020-02-26,ICU_demand,0,1,2,2.04,3,5,Maintain Status Quo,Iraq,IRQ,2020-06-17,v3
2020-02-26,infections,94.9,123,140,139.83,156.25,190.05,Maintain Status Quo,Iraq,IRQ,2020-06-17,v3
2020-02-26,Rt,1.95403424565605,2.01550611759887,2.05817986963322,2.0615385843444,2.09345332338859,2.22342470340608,Maintain Status Quo,Iraq,IRQ,2020-06-17,v3
2020-02-26,cumulative_infections,694.775,901,1000.5,1022.885,1145.5,1374.7,Relax Interventions 50%,Iraq,IRQ,2020-06-17,v3
2020-02-26,deaths,0,0,0,0.11,0,1,Relax Interventions 50%,Iraq,IRQ,2020-06-17,v3
2020-02-26,hospital_demand,3,6,8,8.27,10,15,Relax Interventions 50%,Iraq,IRQ,2020-06-17,v3
2020-02-26,ICU_demand,0,1,2,2.04,3,5,Relax Interventions 50%,Iraq,IRQ,2020-06-17,v3
2020-02-26,infections,94.9,123,140,139.83,156.25,190.05,Relax Interventions 50%,Iraq,IRQ,2020-06-17,v3
2020-02-26,Rt,1.95403424565605,2.01550611759887,2.05817986963322,2.0615385843444,2.09345332338859,2.22342470340608,Relax Interventions 50%,Iraq,IRQ,2020-06-17,v3
2020-02-26,cumulative_infections,661.8,868.5,1024.5,1021.465,1154,1385.25,Surged Additional 50% Reduction,Iraq,IRQ,2020-06-17,v3
2020-02-26,deaths,0,0,0,0.065,0,1,Surged Additional 50% Reduction,Iraq,IRQ,2020-06-17,v3
2020-02-26,hospital_demand,2,6,7.5,7.86,10,14.025,Surged Additional 50% Reduction,Iraq,IRQ,2020-06-17,v3
2020-02-26,ICU_demand,0,1,2,2.07,3,6,Surged Additional 50% Reduction,Iraq,IRQ,2020-06-17,v3
2020-02-26,infections,89.925,119.75,137.5,139.175,159,189.05,Surged Additional 50% Reduction,Iraq,IRQ,2020-06-17,v3
2020-02-26,Rt,1.96702572093755,2.01971128059897,2.05077959219572,2.06465727793691,2.09875929744064,2.21948412659756,Surged Additional 50% Reduction,Iraq,IRQ,2020-06-17,v3
2020-02-26,cumulative_infections,661.8,868.5,1024.5,1021.465,1154,1385.25,Surged Maintain Status Quo,Iraq,IRQ,2020-06-17,v3
2020-02-26,deaths,0,0,0,0.065,0,1,Surged Maintain Status Quo,Iraq,IRQ,2020-06-17,v3
2020-02-26,hospital_demand,2,6,7.5,7.86,10,14.025,Surged Maintain Status Quo,Iraq,IRQ,2020-06-17,v3
2020-02-26,ICU_demand,0,1,2,2.07,3,6,Surged Maintain Status Quo,Iraq,IRQ,2020-06-17,v3
2020-02-26,infections,89.925,119.75,137.5,139.175,159,189.05,Surged Maintain Status Quo,Iraq,IRQ,2020-06-17,v3
2020-02-26,Rt,1.96702572093755,2.01971128059897,2.05077959219572,2.06465727793691,2.09875929744064,2.21948412659756,Surged Maintain Status Quo,Iraq,IRQ,2020-06-17,v3
2020-02-26,cumulative_infections,661.8,868.5,1024.5,1021.465,1154,1385.25,Surged Relax Interventions 50%,Iraq,IRQ,2020-06-17,v3
2020-02-26,deaths,0,0,0,0.065,0,1,Surged Relax Interventions 50%,Iraq,IRQ,2020-06-17,v3
2020-02-26,hospital_demand,2,6,7.5,7.86,10,14.025,Surged Relax Interventions 50%,Iraq,IRQ,2020-06-17,v3
2020-02-26,ICU_demand,0,1,2,2.07,3,6,Surged Relax Interventions 50%,Iraq,IRQ,2020-06-17,v3
2020-02-26,infections,89.925,119.75,137.5,139.175,159,189.05,Surged Relax Interventions 50%,Iraq,IRQ,2020-06-17,v3
2020-02-26,Rt,1.96702572093755,2.01971128059897,2.05077959219572,2.06465727793691,2.09875929744064,2.21948412659756,Surged Relax Interventions 50%,Iraq,IRQ,2020-06-17,v3
2020-02-27,cumulative_infections,813.9,1048.75,1162,1181.515,1317.25,1569.775,Additional 50% Reduction,Iraq,IRQ,2020-06-17,v3
2020-02-27,deaths,0,0,0,0.135,0,1,Additional 50% Reduction,Iraq,IRQ,2020-06-17,v3
2020-02-27,hospital_demand,3,7,9,9.28,12,16,Additional 50% Reduction,Iraq,IRQ,2020-06-17,v3
2020-02-27,ICU_demand,0,1,2,2.425,3,6,Additional 50% Reduction,Iraq,IRQ,2020-06-17,v3
2020-02-27,infections,104.9,136,159,158.63,178.25,220.025,Additional 50% Reduction,Iraq,IRQ,2020-06-17,v3
2020-02-27,Rt,2.035553119631,2.10847079006076,2.15706252436896,2.1602528983328,2.19460899609594,2.3368883605381,Additional 50% Reduction,Iraq,IRQ,2020-06-17,v3
2020-02-27,cumulative_infections,813.9,1048.75,1162,1181.515,1317.25,1569.775,Maintain Status Quo,Iraq,IRQ,2020-06-17,v3
2020-02-27,deaths,0,0,0,0.135,0,1,Maintain Status Quo,Iraq,IRQ,2020-06-17,v3
2020-02-27,hospital_demand,3,7,9,9.28,12,16,Maintain Status Quo,Iraq,IRQ,2020-06-17,v3
2020-02-27,ICU_demand,0,1,2,2.425,3,6,Maintain Status Quo,Iraq,IRQ,2020-06-17,v3
2020-02-27,infections,104.9,136,159,158.63,178.25,220.025,Maintain Status Quo,Iraq,IRQ,2020-06-17,v3
2020-02-27,Rt,2.035553119631,2.10847079006076,2.15706252436896,2.1602528983328,2.19460899609594,2.3368883605381,Maintain Status Quo,Iraq,IRQ,2020-06-17,v3
2020-02-27,cumulative_infections,813.9,1048.75,1162,1181.515,1317.25,1569.775,Relax Interventions 50%,Iraq,IRQ,2020-06-17,v3
2020-02-27,deaths,0,0,0,0.135,0,1,Relax Interventions 50%,Iraq,IRQ,2020-06-17,v3
2020-02-27,hospital_demand,3,7,9,9.28,12,16,Relax Interventions 50%,Iraq,IRQ,2020-06-17,v3
2020-02-27,ICU_demand,0,1,2,2.425,3,6,Relax Interventions 50%,Iraq,IRQ,2020-06-17,v3
2020-02-27,infections,104.9,136,159,158.63,178.25,220.025,Relax Interventions 50%,Iraq,IRQ,2020-06-17,v3
2020-02-27,Rt,2.035553119631,2.10847079006076,2.15706252436896,2.1602528983328,2.19460899609594,2.3368883605381,Relax Interventions 50%,Iraq,IRQ,2020-06-17,v3
2020-02-27,cumulative_infections,781.875,1013.25,1180.5,1178.62,1331.5,1591.025,Surged Additional 50% Reduction,Iraq,IRQ,2020-06-17,v3
2020-02-27,deaths,0,0,0,0.16,0,1,Surged Additional 50% Reduction,Iraq,IRQ,2020-06-17,v3
2020-02-27,hospital_demand,3,7,9,9.01,11,16.025,Surged Additional 50% Reduction,Iraq,IRQ,2020-06-17,v3
2020-02-27,ICU_demand,0,1,2,2.325,3,5.02500000000001,Surged Additional 50% Reduction,Iraq,IRQ,2020-06-17,v3
2020-02-27,infections,103.975,132,155,157.155,178.25,218.15,Surged Additional 50% Reduction,Iraq,IRQ,2020-06-17,v3
2020-02-27,Rt,2.05258410446844,2.11270375313558,2.14692559699131,2.16364986868639,2.20495024355572,2.33544815551867,Surged Additional 50% Reduction,Iraq,IRQ,2020-06-17,v3
2020-02-27,cumulative_infections,781.875,1013.25,1180.5,1178.62,1331.5,1591.025,Surged Maintain Status Quo,Iraq,IRQ,2020-06-17,v3
2020-02-27,deaths,0,0,0,0.16,0,1,Surged Maintain Status Quo,Iraq,IRQ,2020-06-17,v3
2020-02-27,hospital_demand,3,7,9,9.01,11,16.025,Surged Maintain Status Quo,Iraq,IRQ,2020-06-17,v3
2020-02-27,ICU_demand,0,1,2,2.325,3,5.02500000000001,Surged Maintain Status Quo,Iraq,IRQ,2020-06-17,v3
2020-02-27,infections,103.975,132,155,157.155,178.25,218.15,Surged Maintain Status Quo,Iraq,IRQ,2020-06-17,v3
2020-02-27,Rt,2.05258410446844,2.11270375313558,2.14692559699131,2.16364986868639,2.20495024355572,2.33544815551867,Surged Maintain Status Quo,Iraq,IRQ,2020-06-17,v3
2020-02-27,cumulative_infections,781.875,1013.25,1180.5,1178.62,1331.5,1591.025,Surged Relax Interventions 50%,Iraq,IRQ,2020-06-17,v3
2020-02-27,deaths,0,0,0,0.16,0,1,Surged Relax Interventions 50%,Iraq,IRQ,2020-06-17,v3
2020-02-27,hospital_demand,3,7,9,9.01,11,16.025,Surged Relax Interventions 50%,Iraq,IRQ,2020-06-17,v3
2020-02-27,ICU_demand,0,1,2,2.325,3,5.02500000000001,Surged Relax Interventions 50%,Iraq,IRQ,2020-06-17,v3
2020-02-27,infections,103.975,132,155,157.155,178.25,218.15,Surged Relax Interventions 50%,Iraq,IRQ,2020-06-17,v3
2020-02-27,Rt,2.05258410446844,2.11270375313558,2.14692559699131,2.16364986868639,2.20495024355572,2.33544815551867,Surged Relax Interventions 50%,Iraq,IRQ,2020-06-17,v3
2020-02-28,cumulative_infections,960.775,1213.5,1339.5,1363.2,1508,1818.775,Additional 50% Reduction,Iraq,IRQ,2020-06-17,v3
2020-02-28,deaths,0,0,0,0.195,0,1,Additional 50% Reduction,Iraq,IRQ,2020-06-17,v3
2020-02-28,hospital_demand,4.975,8,11,10.895,13,18,Additional 50% Reduction,Iraq,IRQ,2020-06-17,v3
2020-02-28,ICU_demand,0,2,3,2.75,4,7,Additional 50% Reduction,Iraq,IRQ,2020-06-17,v3
2020-02-28,infections,131,158,182,181.685,200,249,Additional 50% Reduction,Iraq,IRQ,2020-06-17,v3
2020-02-28,Rt,2.035553119631,2.10847079006076,2.15706252436896,2.1602528983328,2.19460899609594,2.3368883605381,Additional 50% Reduction,Iraq,IRQ,2020-06-17,v3
2020-02-28,cumulative_infections,960.775,1213.5,1339.5,1363.2,1508,1818.775,Maintain Status Quo,Iraq,IRQ,2020-06-17,v3
2020-02-28,deaths,0,0,0,0.195,0,1,Maintain Status Quo,Iraq,IRQ,2020-06-17,v3
2020-02-28,hospital_demand,4.975,8,11,10.895,13,18,Maintain Status Quo,Iraq,IRQ,2020-06-17,v3
2020-02-28,ICU_demand,0,2,3,2.75,4,7,Maintain Status Quo,Iraq,IRQ,2020-06-17,v3
2020-02-28,infections,131,158,182,181.685,200,249,Maintain Status Quo,Iraq,IRQ,2020-06-17,v3
2020-02-28,Rt,2.035553119631,2.10847079006076,2.15706252436896,2.1602528983328,2.19460899609594,2.3368883605381,Maintain Status Quo,Iraq,IRQ,2020-06-17,v3
2020-02-28,cumulative_infections,960.775,1213.5,1339.5,1363.2,1508,1818.775,Relax Interventions 50%,Iraq,IRQ,2020-06-17,v3
2020-02-28,deaths,0,0,0,0.195,0,1,Relax Interventions 50%,Iraq,IRQ,2020-06-17,v3
2020-02-28,hospital_demand,4.975,8,11,10.895,13,18,Relax Interventions 50%,Iraq,IRQ,2020-06-17,v3
2020-02-28,ICU_demand,0,2,3,2.75,4,7,Relax Interventions 50%,Iraq,IRQ,2020-06-17,v3
2020-02-28,infections,131,158,182,181.685,200,249,Relax Interventions 50%,Iraq,IRQ,2020-06-17,v3
2020-02-28,Rt,2.035553119631,2.10847079006076,2.15706252436896,2.1602528983328,2.19460899609594,2.3368883605381,Relax Interventions 50%,Iraq,IRQ,2020-06-17,v3
2020-02-28,cumulative_infections,900,1161.25,1372,1359.23,1536.5,1820.075,Surged Additional 50% Reduction,Iraq,IRQ,2020-06-17,v3
2020-02-28,deaths,0,0,0,0.135,0,1,Surged Additional 50% Reduction,Iraq,IRQ,2020-06-17,v3
2020-02-28,hospital_demand,3.975,8,10,10.55,13,18,Surged Additional 50% Reduction,Iraq,IRQ,2020-06-17,v3
2020-02-28,ICU_demand,0,2,2,2.59,3.25,6,Surged Additional 50% Reduction,Iraq,IRQ,2020-06-17,v3
2020-02-28,infections,115.95,157,181.5,180.61,205,242.075,Surged Additional 50% Reduction,Iraq,IRQ,2020-06-17,v3
2020-02-28,Rt,2.05258410446844,2.11270375313558,2.14692559699131,2.16364986868639,2.20495024355572,2.33544815551867,Surged Additional 50% Reduction,Iraq,IRQ,2020-06-17,v3
2020-02-28,cumulative_infections,900,1161.25,1372,1359.23,1536.5,1820.075,Surged Maintain Status Quo,Iraq,IRQ,2020-06-17,v3
2020-02-28,deaths,0,0,0,0.135,0,1,Surged Maintain Status Quo,Iraq,IRQ,2020-06-17,v3
2020-02-28,hospital_demand,3.975,8,10,10.55,13,18,Surged Maintain Status Quo,Iraq,IRQ,2020-06-17,v3
2020-02-28,ICU_demand,0,2,2,2.59,3.25,6,Surged Maintain Status Quo,Iraq,IRQ,2020-06-17,v3
2020-02-28,infections,115.95,157,181.5,180.61,205,242.075,Surged Maintain Status Quo,Iraq,IRQ,2020-06-17,v3
2020-02-28,Rt,2.05258410446844,2.11270375313558,2.14692559699131,2.16364986868639,2.20495024355572,2.33544815551867,Surged Maintain Status Quo,Iraq,IRQ,2020-06-17,v3
2020-02-28,cumulative_infections,900,1161.25,1372,1359.23,1536.5,1820.075,Surged Relax Interventions 50%,Iraq,IRQ,2020-06-17,v3
2020-02-28,deaths,0,0,0,0.135,0,1,Surged Relax Interventions 50%,Iraq,IRQ,2020-06-17,v3
2020-02-28,hospital_demand,3.975,8,10,10.55,13,18,Surged Relax Interventions 50%,Iraq,IRQ,2020-06-17,v3
2020-02-28,ICU_demand,0,2,2,2.59,3.25,6,Surged Relax Interventions 50%,Iraq,IRQ,2020-06-17,v3
2020-02-28,infections,115.95,157,181.5,180.61,205,242.075,Surged Relax Interventions 50%,Iraq,IRQ,2020-06-17,v3
2020-02-28,Rt,2.05258410446844,2.11270375313558,2.14692559699131,2.16364986868639,2.20495024355572,2.33544815551867,Surged Relax Interventions 50%,Iraq,IRQ,2020-06-17,v3
2020-02-29,cumulative_infections,1099.975,1391,1552.5,1570.705,1730.75,2114.025,Additional 50% Reduction,Iraq,IRQ,2020-06-17,v3
2020-02-29,deaths,0,0,0,0.19,0,1,Additional 50% Reduction,Iraq,IRQ,2020-06-17,v3
2020-02-29,hospital_demand,5,9,12,12.355,15,20.025,Additional 50% Reduction,Iraq,IRQ,2020-06-17,v3
2020-02-29,ICU_demand,0,2,3,3.26,4,7.02500000000001,Additional 50% Reduction,Iraq,IRQ,2020-06-17,v3
2020-02-29,infections,138.95,181.75,208,207.505,229,285.225,Additional 50% Reduction,Iraq,IRQ,2020-06-17,v3
2020-02-29,Rt,2.18359878223097,2.27709310323844,2.32833785688701,2.33736922115387,2.3789029947544,2.54702455412566,Additional 50% Reduction,Iraq,IRQ,2020-06-17,v3
2020-02-29,cumulative_infections,1099.975,1391,1552.5,1570.705,1730.75,2114.025,Maintain Status Quo,Iraq,IRQ,2020-06-17,v3
2020-02-29,deaths,0,0,0,0.19,0,1,Maintain Status Quo,Iraq,IRQ,2020-06-17,v3
2020-02-29,hospital_demand,5,9,12,12.355,15,20.025,Maintain Status Quo,Iraq,IRQ,2020-06-17,v3
2020-02-29,ICU_demand,0,2,3,3.26,4,7.02500000000001,Maintain Status Quo,Iraq,IRQ,2020-06-17,v3
2020-02-29,infections,138.95,181.75,208,207.505,229,285.225,Maintain Status Quo,Iraq,IRQ,2020-06-17,v3
2020-02-29,Rt,2.18359878223097,2.27709310323844,2.32833785688701,2.33736922115387,2.3789029947544,2.54702455412566,Maintain Status Quo,Iraq,IRQ,2020-06-17,v3
2020-02-29,cumulative_infections,1099.975,1391,1552.5,1570.705,1730.75,2114.025,Relax Interventions 50%,Iraq,IRQ,2020-06-17,v3
2020-02-29,deaths,0,0,0,0.19,0,1,Relax Interventions 50%,Iraq,IRQ,2020-06-17,v3
2020-02-29,hospital_demand,5,9,12,12.355,15,20.025,Relax Interventions 50%,Iraq,IRQ,2020-06-17,v3
2020-02-29,ICU_demand,0,2,3,3.26,4,7.02500000000001,Relax Interventions 50%,Iraq,IRQ,2020-06-17,v3
2020-02-29,infections,138.95,181.75,208,207.505,229,285.225,Relax Interventions 50%,Iraq,IRQ,2020-06-17,v3
2020-02-29,Rt,2.18359878223097,2.27709310323844,2.32833785688701,2.33736922115387,2.3789029947544,2.54702455412566,Relax Interventions 50%,Iraq,IRQ,2020-06-17,v3
2020-02-29,cumulative_infections,1044.95,1342.25,1570.5,1565.375,1761,2092.425,Surged Additional 50% Reduction,Iraq,IRQ,2020-06-17,v3
2020-02-29,deaths,0,0,0,0.15,0,1,Surged Additional 50% Reduction,Iraq,IRQ,2020-06-17,v3
2020-02-29,hospital_demand,4,9,12,12.115,15,20,Surged Additional 50% Reduction,Iraq,IRQ,2020-06-17,v3
2020-02-29,ICU_demand,0,2,3,3.01,4,6.02500000000001,Surged Additional 50% Reduction,Iraq,IRQ,2020-06-17,v3
2020-02-29,infections,143,181.75,206,206.145,229,280.15,Surged Additional 50% Reduction,Iraq,IRQ,2020-06-17,v3
2020-02-29,Rt,2.20235534400242,2.28151581490403,2.31948291741225,2.34124385439762,2.39446290978607,2.55202770518968,Surged Additional 50% Reduction,Iraq,IRQ,2020-06-17,v3
2020-02-29,cumulative_infections,1044.95,1342.25,1570.5,1565.375,1761,2092.425,Surged Maintain Status Quo,Iraq,IRQ,2020-06-17,v3
2020-02-29,deaths,0,0,0,0.15,0,1,Surged Maintain Status Quo,Iraq,IRQ,2020-06-17,v3
2020-02-29,hospital_demand,4,9,12,12.115,15,20,Surged Maintain Status Quo,Iraq,IRQ,2020-06-17,v3
2020-02-29,ICU_demand,0,2,3,3.01,4,6.02500000000001,Surged Maintain Status Quo,Iraq,IRQ,2020-06-17,v3
2020-02-29,infections,143,181.75,206,206.145,229,280.15,Surged Maintain Status Quo,Iraq,IRQ,2020-06-17,v3
2020-02-29,Rt,2.20235534400242,2.28151581490403,2.31948291741225,2.34124385439762,2.39446290978607,2.55202770518968,Surged Maintain Status Quo,Iraq,IRQ,2020-06-17,v3
2020-02-29,cumulative_infections,1044.95,1342.25,1570.5,1565.375,1761,2092.425,Surged Relax Interventions 50%,Iraq,IRQ,2020-06-17,v3
2020-02-29,deaths,0,0,0,0.15,0,1,Surged Relax Interventions 50%,Iraq,IRQ,2020-06-17,v3
2020-02-29,hospital_demand,4,9,12,12.115,15,20,Surged Relax Interventions 50%,Iraq,IRQ,2020-06-17,v3
2020-02-29,ICU_demand,0,2,3,3.01,4,6.02500000000001,Surged Relax Interventions 50%,Iraq,IRQ,2020-06-17,v3
2020-02-29,infections,143,181.75,206,206.145,229,280.15,Surged Relax Interventions 50%,Iraq,IRQ,2020-06-17,v3
2020-02-29,Rt,2.20235534400242,2.28151581490403,2.31948291741225,2.34124385439762,2.39446290978607,2.55202770518968,Surged Relax Interventions 50%,Iraq,IRQ,2020-06-17,v3
2020-03-01,cumulative_infections,1272.675,1599.25,1792.5,1809.195,1994,2440.125,Additional 50% Reduction,Iraq,IRQ,2020-06-17,v3
2020-03-01,deaths,0,0,0,0.175,0,1,Additional 50% Reduction,Iraq,IRQ,2020-06-17,v3
2020-03-01,hospital_demand,5.975,11,14,14.415,17,23.025,Additional 50% Reduction,Iraq,IRQ,2020-06-17,v3
2020-03-01,ICU_demand,0,2,4,3.79,5,9,Additional 50% Reduction,Iraq,IRQ,2020-06-17,v3
2020-03-01,infections,164.95,206.75,237,238.49,267,324.175,Additional 50% Reduction,Iraq,IRQ,2020-06-17,v3
2020-03-01,Rt,2.04231474757647,2.11597017066511,2.16492154929417,2.16842534646809,2.203084730073,2.3463224606276,Additional 50% Reduction,Iraq,IRQ,2020-06-17,v3
2020-03-01,cumulative_infections,1272.675,1599.25,1792.5,1809.195,1994,2440.125,Maintain Status Quo,Iraq,IRQ,2020-06-17,v3
2020-03-01,deaths,0,0,0,0.175,0,1,Maintain Status Quo,Iraq,IRQ,2020-06-17,v3
2020-03-01,hospital_demand,5.975,11,14,14.415,17,23.025,Maintain Status Quo,Iraq,IRQ,2020-06-17,v3
2020-03-01,ICU_demand,0,2,4,3.79,5,9,Maintain Status Quo,Iraq,IRQ,2020-06-17,v3
2020-03-01,infections,164.95,206.75,237,238.49,267,324.175,Maintain Status Quo,Iraq,IRQ,2020-06-17,v3
2020-03-01,Rt,2.04231474757647,2.11597017066511,2.16492154929417,2.16842534646809,2.203084730073,2.3463224606276,Maintain Status Quo,Iraq,IRQ,2020-06-17,v3
2020-03-01,cumulative_infections,1272.675,1599.25,1792.5,1809.195,1994,2440.125,Relax Interventions 50%,Iraq,IRQ,2020-06-17,v3
2020-03-01,deaths,0,0,0,0.175,0,1,Relax Interventions 50%,Iraq,IRQ,2020-06-17,v3
2020-03-01,hospital_demand,5.975,11,14,14.415,17,23.025,Relax Interventions 50%,Iraq,IRQ,2020-06-17,v3
2020-03-01,ICU_demand,0,2,4,3.79,5,9,Relax Interventions 50%,Iraq,IRQ,2020-06-17,v3
2020-03-01,infections,164.95,206.75,237,238.49,267,324.175,Relax Interventions 50%,Iraq,IRQ,2020-06-17,v3
2020-03-01,Rt,2.04231474757647,2.11597017066511,2.16492154929417,2.16842534646809,2.203084730073,2.3463224606276,Relax Interventions 50%,Iraq,IRQ,2020-06-17,v3
2020-03-01,cumulative_infections,1205.7,1539.5,1800,1802.815,2032,2387.275,Surged Additional 50% Reduction,Iraq,IRQ,2020-06-17,v3
2020-03-01,deaths,0,0,0,0.165,0,1,Surged Additional 50% Reduction,Iraq,IRQ,2020-06-17,v3
2020-03-01,hospital_demand,5.975,11,14,14.17,17,24,Surged Additional 50% Reduction,Iraq,IRQ,2020-06-17,v3
2020-03-01,ICU_demand,1,2,3,3.48,5,7,Surged Additional 50% Reduction,Iraq,IRQ,2020-06-17,v3
2020-03-01,infections,161,206.75,238,237.44,269.25,318.075,Surged Additional 50% Reduction,Iraq,IRQ,2020-06-17,v3
2020-03-01,Rt,2.05947426493141,2.12057307774273,2.15501574547361,2.17184504665145,2.21375414610632,2.34549148342371,Surged Additional 50% Reduction,Iraq,IRQ,2020-06-17,v3
2020-03-01,cumulative_infections,1205.7,1539.5,1800,1802.815,2032,2387.275,Surged Maintain Status Quo,Iraq,IRQ,2020-06-17,v3
2020-03-01,deaths,0,0,0,0.165,0,1,Surged Maintain Status Quo,Iraq,IRQ,2020-06-17,v3
2020-03-01,hospital_demand,5.975,11,14,14.17,17,24,Surged Maintain Status Quo,Iraq,IRQ,2020-06-17,v3
2020-03-01,ICU_demand,1,2,3,3.48,5,7,Surged Maintain Status Quo,Iraq,IRQ,2020-06-17,v3
2020-03-01,infections,161,206.75,238,237.44,269.25,318.075,Surged Maintain Status Quo,Iraq,IRQ,2020-06-17,v3
2020-03-01,Rt,2.05947426493141,2.12057307774273,2.15501574547361,2.17184504665145,2.21375414610632,2.34549148342371,Surged Maintain Status Quo,Iraq,IRQ,2020-06-17,v3
2020-03-01,cumulative_infections,1205.7,1539.5,1800,1802.815,2032,2387.275,Surged Relax Interventions 50%,Iraq,IRQ,2020-06-17,v3
2020-03-01,deaths,0,0,0,0.165,0,1,Surged Relax Interventions 50%,Iraq,IRQ,2020-06-17,v3
2020-03-01,hospital_demand,5.975,11,14,14.17,17,24,Surged Relax Interventions 50%,Iraq,IRQ,2020-06-17,v3
2020-03-01,ICU_demand,1,2,3,3.48,5,7,Surged Relax Interventions 50%,Iraq,IRQ,2020-06-17,v3
2020-03-01,infections,161,206.75,238,237.44,269.25,318.075,Surged Relax Interventions 50%,Iraq,IRQ,2020-06-17,v3
2020-03-01,Rt,2.05947426493141,2.12057307774273,2.15501574547361,2.17184504665145,2.21375414610632,2.34549148342371,Surged Relax Interventions 50%,Iraq,IRQ,2020-06-17,v3
2020-03-02,cumulative_infections,1478.3,1849.5,2080,2084.425,2300.75,2776.1,Additional 50% Reduction,Iraq,IRQ,2020-06-17,v3
2020-03-02,deaths,0,0,0,0.25,0,1.02500000000001,Additional 50% Reduction,Iraq,IRQ,2020-06-17,v3
2020-03-02,hospital_demand,8,13,16.5,16.68,20,26.025,Additional 50% Reduction,Iraq,IRQ,2020-06-17,v3
2020-03-02,ICU_demand,1,3,4,4.38,6,9.02500000000001,Additional 50% Reduction,Iraq,IRQ,2020-06-17,v3
2020-03-02,infections,191.975,240,276.5,275.23,307.25,361.125,Additional 50% Reduction,Iraq,IRQ,2020-06-17,v3
2020-03-02,Rt,2.11053170137601,2.1939573904396,2.24316376819422,2.24956957492751,2.28722023208016,2.44128345467819,Additional 50% Reduction,Iraq,IRQ,2020-06-17,v3
2020-03-02,cumulative_infections,1478.3,1849.5,2080,2084.425,2300.75,2776.1,Maintain Status Quo,Iraq,IRQ,2020-06-17,v3
2020-03-02,deaths,0,0,0,0.25,0,1.02500000000001,Maintain Status Quo,Iraq,IRQ,2020-06-17,v3
2020-03-02,hospital_demand,8,13,16.5,16.68,20,26.025,Maintain Status Quo,Iraq,IRQ,2020-06-17,v3
2020-03-02,ICU_demand,1,3,4,4.38,6,9.02500000000001,Maintain Status Quo,Iraq,IRQ,2020-06-17,v3
2020-03-02,infections,191.975,240,276.5,275.23,307.25,361.125,Maintain Status Quo,Iraq,IRQ,2020-06-17,v3
2020-03-02,Rt,2.11053170137601,2.1939573904396,2.24316376819422,2.24956957492751,2.28722023208016,2.44128345467819,Maintain Status Quo,Iraq,IRQ,2020-06-17,v3
2020-03-02,cumulative_infections,1478.3,1849.5,2080,2084.425,2300.75,2776.1,Relax Interventions 50%,Iraq,IRQ,2020-06-17,v3
2020-03-02,deaths,0,0,0,0.25,0,1.02500000000001,Relax Interventions 50%,Iraq,IRQ,2020-06-17,v3
2020-03-02,hospital_demand,8,13,16.5,16.68,20,26.025,Relax Interventions 50%,Iraq,IRQ,2020-06-17,v3
2020-03-02,ICU_demand,1,3,4,4.38,6,9.02500000000001,Relax Interventions 50%,Iraq,IRQ,2020-06-17,v3
2020-03-02,infections,191.975,240,276.5,275.23,307.25,361.125,Relax Interventions 50%,Iraq,IRQ,2020-06-17,v3
2020-03-02,Rt,2.11053170137601,2.1939573904396,2.24316376819422,2.24956957492751,2.28722023208016,2.44128345467819,Relax Interventions 50%,Iraq,IRQ,2020-06-17,v3
2020-03-02,cumulative_infections,1391.5,1774.25,2067,2077.86,2346.25,2738.575,Surged Additional 50% Reduction,Iraq,IRQ,2020-06-17,v3
2020-03-02,deaths,0,0,0,0.24,0,1,Surged Additional 50% Reduction,Iraq,IRQ,2020-06-17,v3
2020-03-02,hospital_demand,6.975,13,16,16.22,19,26,Surged Additional 50% Reduction,Iraq,IRQ,2020-06-17,v3
2020-03-02,ICU_demand,1,3,4,4.045,5,8,Surged Additional 50% Reduction,Iraq,IRQ,2020-06-17,v3
2020-03-02,infections,187.95,235,274,275.045,311.25,381.175,Surged Additional 50% Reduction,Iraq,IRQ,2020-06-17,v3
2020-03-02,Rt,2.12869872568042,2.19859256340782,2.23446539913899,2.25321167467025,2.29987768180648,2.44497453081337,Surged Additional 50% Reduction,Iraq,IRQ,2020-06-17,v3
2020-03-02,cumulative_infections,1391.5,1774.25,2067,2077.86,2346.25,2738.575,Surged Maintain Status Quo,Iraq,IRQ,2020-06-17,v3
2020-03-02,deaths,0,0,0,0.24,0,1,Surged Maintain Status Quo,Iraq,IRQ,2020-06-17,v3
2020-03-02,hospital_demand,6.975,13,16,16.22,19,26,Surged Maintain Status Quo,Iraq,IRQ,2020-06-17,v3
2020-03-02,ICU_demand,1,3,4,4.045,5,8,Surged Maintain Status Quo,Iraq,IRQ,2020-06-17,v3
2020-03-02,infections,187.95,235,274,275.045,311.25,381.175,Surged Maintain Status Quo,Iraq,IRQ,2020-06-17,v3
2020-03-02,Rt,2.12869872568042,2.19859256340782,2.23446539913899,2.25321167467025,2.29987768180648,2.44497453081337,Surged Maintain Status Quo,Iraq,IRQ,2020-06-17,v3
2020-03-02,cumulative_infections,1391.5,1774.25,2067,2077.86,2346.25,2738.575,Surged Relax Interventions 50%,Iraq,IRQ,2020-06-17,v3
2020-03-02,deaths,0,0,0,0.24,0,1,Surged Relax Interventions 50%,Iraq,IRQ,2020-06-17,v3
2020-03-02,hospital_demand,6.975,13,16,16.22,19,26,Surged Relax Interventions 50%,Iraq,IRQ,2020-06-17,v3
2020-03-02,ICU_demand,1,3,4,4.045,5,8,Surged Relax Interventions 50%,Iraq,IRQ,2020-06-17,v3
2020-03-02,infections,187.95,235,274,275.045,311.25,381.175,Surged Relax Interventions 50%,Iraq,IRQ,2020-06-17,v3
2020-03-02,Rt,2.12869872568042,2.19859256340782,2.23446539913899,2.25321167467025,2.29987768180648,2.44497453081337,Surged Relax Interventions 50%,Iraq,IRQ,2020-06-17,v3
2020-03-03,cumulative_infections,1679.675,2127.5,2395.5,2400.025,2658.75,3165.55,Additional 50% Reduction,Iraq,IRQ,2020-06-17,v3
2020-03-03,deaths,0,0,0,0.245,0,1.02500000000001,Additional 50% Reduction,Iraq,IRQ,2020-06-17,v3
2020-03-03,hospital_demand,10,15,19,19.13,22.25,28.025,Additional 50% Reduction,Iraq,IRQ,2020-06-17,v3
2020-03-03,ICU_demand,1,3,5,5.015,6,10.025,Additional 50% Reduction,Iraq,IRQ,2020-06-17,v3
2020-03-03,infections,226.9,275.75,316,315.6,347.25,412.175,Additional 50% Reduction,Iraq,IRQ,2020-06-17,v3
2020-03-03,Rt,2.07605632216028,2.15488166549414,2.20410700337765,2.20913660982465,2.24522069778699,2.39329311551541,Additional 50% Reduction,Iraq,IRQ,2020-06-17,v3
2020-03-03,cumulative_infections,1679.675,2127.5,2395.5,2400.025,2658.75,3165.55,Maintain Status Quo,Iraq,IRQ,2020-06-17,v3
2020-03-03,deaths,0,0,0,0.245,0,1.02500000000001,Maintain Status Quo,Iraq,IRQ,2020-06-17,v3
2020-03-03,hospital_demand,10,15,19,19.13,22.25,28.025,Maintain Status Quo,Iraq,IRQ,2020-06-17,v3
2020-03-03,ICU_demand,1,3,5,5.015,6,10.025,Maintain Status Quo,Iraq,IRQ,2020-06-17,v3
2020-03-03,infections,226.9,275.75,316,315.6,347.25,412.175,Maintain Status Quo,Iraq,IRQ,2020-06-17,v3
2020-03-03,Rt,2.07605632216028,2.15488166549414,2.20410700337765,2.20913660982465,2.24522069778699,2.39329311551541,Maintain Status Quo,Iraq,IRQ,2020-06-17,v3
2020-03-03,cumulative_infections,1679.675,2127.5,2395.5,2400.025,2658.75,3165.55,Relax Interventions 50%,Iraq,IRQ,2020-06-17,v3
2020-03-03,deaths,0,0,0,0.245,0,1.02500000000001,Relax Interventions 50%,Iraq,IRQ,2020-06-17,v3
2020-03-03,hospital_demand,10,15,19,19.13,22.25,28.025,Relax Interventions 50%,Iraq,IRQ,2020-06-17,v3
2020-03-03,ICU_demand,1,3,5,5.015,6,10.025,Relax Interventions 50%,Iraq,IRQ,2020-06-17,v3
2020-03-03,infections,226.9,275.75,316,315.6,347.25,412.175,Relax Interventions 50%,Iraq,IRQ,2020-06-17,v3
2020-03-03,Rt,2.07605632216028,2.15488166549414,2.20410700337765,2.20913660982465,2.24522069778699,2.39329311551541,Relax Interventions 50%,Iraq,IRQ,2020-06-17,v3
2020-03-03,cumulative_infections,1621.85,2040.75,2401,2392.27,2671.5,3157.725,Surged Additional 50% Reduction,Iraq,IRQ,2020-06-17,v3
2020-03-03,deaths,0,0,0,0.24,0,1.02500000000001,Surged Additional 50% Reduction,Iraq,IRQ,2020-06-17,v3
2020-03-03,hospital_demand,9,15.75,19,18.915,23,29.025,Surged Additional 50% Reduction,Iraq,IRQ,2020-06-17,v3
2020-03-03,ICU_demand,1.975,3,5,4.705,6,9.02500000000001,Surged Additional 50% Reduction,Iraq,IRQ,2020-06-17,v3
2020-03-03,infections,208.95,273,310,314.41,352.25,432.35,Surged Additional 50% Reduction,Iraq,IRQ,2020-06-17,v3
2020-03-03,Rt,2.09388326888262,2.15978157093866,2.19440511873035,2.21266867988404,2.2570957456714,2.39546063600669,Surged Additional 50% Reduction,Iraq,IRQ,2020-06-17,v3
2020-03-03,cumulative_infections,1621.85,2040.75,2401,2392.27,2671.5,3157.725,Surged Maintain Status Quo,Iraq,IRQ,2020-06-17,v3
2020-03-03,deaths,0,0,0,0.24,0,1.02500000000001,Surged Maintain Status Quo,Iraq,IRQ,2020-06-17,v3
2020-03-03,hospital_demand,9,15.75,19,18.915,23,29.025,Surged Maintain Status Quo,Iraq,IRQ,2020-06-17,v3
2020-03-03,ICU_demand,1.975,3,5,4.705,6,9.02500000000001,Surged Maintain Status Quo,Iraq,IRQ,2020-06-17,v3
2020-03-03,infections,208.95,273,310,314.41,352.25,432.35,Surged Maintain Status Quo,Iraq,IRQ,2020-06-17,v3
2020-03-03,Rt,2.09388326888262,2.15978157093866,2.19440511873035,2.21266867988404,2.2570957456714,2.39546063600669,Surged Maintain Status Quo,Iraq,IRQ,2020-06-17,v3
2020-03-03,cumulative_infections,1621.85,2040.75,2401,2392.27,2671.5,3157.725,Surged Relax Interventions 50%,Iraq,IRQ,2020-06-17,v3
2020-03-03,deaths,0,0,0,0.24,0,1.02500000000001,Surged Relax Interventions 50%,Iraq,IRQ,2020-06-17,v3
2020-03-03,hospital_demand,9,15.75,19,18.915,23,29.025,Surged Relax Interventions 50%,Iraq,IRQ,2020-06-17,v3
2020-03-03,ICU_demand,1.975,3,5,4.705,6,9.02500000000001,Surged Relax Interventions 50%,Iraq,IRQ,2020-06-17,v3
2020-03-03,infections,208.95,273,310,314.41,352.25,432.35,Surged Relax Interventions 50%,Iraq,IRQ,2020-06-17,v3
2020-03-03,Rt,2.09388326888262,2.15978157093866,2.19440511873035,2.21266867988404,2.2570957456714,2.39546063600669,Surged Relax Interventions 50%,Iraq,IRQ,2020-06-17,v3
2020-03-04,cumulative_infections,1931.725,2430.75,2761,2760.13,3049,3641.2,Additional 50% Reduction,Iraq,IRQ,2020-06-17,v3
2020-03-04,deaths,0,0,0,0.325,1,1.02500000000001,Additional 50% Reduction,Iraq,IRQ,2020-06-17,v3
2020-03-04,hospital_demand,12,19,21.5,21.87,26,31.025,Additional 50% Reduction,Iraq,IRQ,2020-06-17,v3
2020-03-04,ICU_demand,1.975,4,5,5.54,7,11,Additional 50% Reduction,Iraq,IRQ,2020-06-17,v3
2020-03-04,infections,259.9,311.75,363,360.105,404.5,481.15,Additional 50% Reduction,Iraq,IRQ,2020-06-17,v3
2020-03-04,Rt,2.07605632216028,2.15488166549414,2.20410700337765,2.20913660982465,2.24522069778699,2.39329311551541,Additional 50% Reduction,Iraq,IRQ,2020-06-17,v3
2020-03-04,cumulative_infections,1931.725,2430.75,2761,2760.13,3049,3641.2,Maintain Status Quo,Iraq,IRQ,2020-06-17,v3
2020-03-04,deaths,0,0,0,0.325,1,1.02500000000001,Maintain Status Quo,Iraq,IRQ,2020-06-17,v3
2020-03-04,hospital_demand,12,19,21.5,21.87,26,31.025,Maintain Status Quo,Iraq,IRQ,2020-06-17,v3
2020-03-04,ICU_demand,1.975,4,5,5.54,7,11,Maintain Status Quo,Iraq,IRQ,2020-06-17,v3
2020-03-04,infections,259.9,311.75,363,360.105,404.5,481.15,Maintain Status Quo,Iraq,IRQ,2020-06-17,v3
2020-03-04,Rt,2.07605632216028,2.15488166549414,2.20410700337765,2.20913660982465,2.24522069778699,2.39329311551541,Maintain Status Quo,Iraq,IRQ,2020-06-17,v3
2020-03-04,cumulative_infections,1931.725,2430.75,2761,2760.13,3049,3641.2,Relax Interventions 50%,Iraq,IRQ,2020-06-17,v3
2020-03-04,deaths,0,0,0,0.325,1,1.02500000000001,Relax Interventions 50%,Iraq,IRQ,2020-06-17,v3
2020-03-04,hospital_demand,12,19,21.5,21.87,26,31.025,Relax Interventions 50%,Iraq,IRQ,2020-06-17,v3
2020-03-04,ICU_demand,1.975,4,5,5.54,7,11,Relax Interventions 50%,Iraq,IRQ,2020-06-17,v3
2020-03-04,infections,259.9,311.75,363,360.105,404.5,481.15,Relax Interventions 50%,Iraq,IRQ,2020-06-17,v3
2020-03-04,Rt,2.07605632216028,2.15488166549414,2.20410700337765,2.20913660982465,2.24522069778699,2.39329311551541,Relax Interventions 50%,Iraq,IRQ,2020-06-17,v3
2020-03-04,cumulative_infections,1904.8,2347.25,2756.5,2752.045,3059,3653,Surged Additional 50% Reduction,Iraq,IRQ,2020-06-17,v3
2020-03-04,deaths,0,0,0,0.24,0,2,Surged Additional 50% Reduction,Iraq,IRQ,2020-06-17,v3
2020-03-04,hospital_demand,11.95,18,22,21.715,26,34.025,Surged Additional 50% Reduction,Iraq,IRQ,2020-06-17,v3
2020-03-04,ICU_demand,2,4,5,5.495,7,10.025,Surged Additional 50% Reduction,Iraq,IRQ,2020-06-17,v3
2020-03-04,infections,240.925,314.75,353.5,359.775,409.25,486.025,Surged Additional 50% Reduction,Iraq,IRQ,2020-06-17,v3
2020-03-04,Rt,2.09388326888262,2.15978157093866,2.19440511873035,2.21266867988404,2.2570957456714,2.39546063600669,Surged Additional 50% Reduction,Iraq,IRQ,2020-06-17,v3
2020-03-04,cumulative_infections,1904.8,2347.25,2756.5,2752.045,3059,3653,Surged Maintain Status Quo,Iraq,IRQ,2020-06-17,v3
2020-03-04,deaths,0,0,0,0.24,0,2,Surged Maintain Status Quo,Iraq,IRQ,2020-06-17,v3
2020-03-04,hospital_demand,11.95,18,22,21.715,26,34.025,Surged Maintain Status Quo,Iraq,IRQ,2020-06-17,v3
2020-03-04,ICU_demand,2,4,5,5.495,7,10.025,Surged Maintain Status Quo,Iraq,IRQ,2020-06-17,v3
2020-03-04,infections,240.925,314.75,353.5,359.775,409.25,486.025,Surged Maintain Status Quo,Iraq,IRQ,2020-06-17,v3
2020-03-04,Rt,2.09388326888262,2.15978157093866,2.19440511873035,2.21266867988404,2.2570957456714,2.39546063600669,Surged Maintain Status Quo,Iraq,IRQ,2020-06-17,v3
2020-03-04,cumulative_infections,1904.8,2347.25,2756.5,2752.045,3059,3653,Surged Relax Interventions 50%,Iraq,IRQ,2020-06-17,v3
2020-03-04,deaths,0,0,0,0.24,0,2,Surged Relax Interventions 50%,Iraq,IRQ,2020-06-17,v3
2020-03-04,hospital_demand,11.95,18,22,21.715,26,34.025,Surged Relax Interventions 50%,Iraq,IRQ,2020-06-17,v3
2020-03-04,ICU_demand,2,4,5,5.495,7,10.025,Surged Relax Interventions 50%,Iraq,IRQ,2020-06-17,v3
2020-03-04,infections,240.925,314.75,353.5,359.775,409.25,486.025,Surged Relax Interventions 50%,Iraq,IRQ,2020-06-17,v3
2020-03-04,Rt,2.09388326888262,2.15978157093866,2.19440511873035,2.21266867988404,2.2570957456714,2.39546063600669,Surged Relax Interventions 50%,Iraq,IRQ,2020-06-17,v3
2020-03-05,cumulative_infections,2248.05,2784,3191,3171.525,3493,4186.025,Additional 50% Reduction,Iraq,IRQ,2020-06-17,v3
2020-03-05,deaths,0,0,0,0.26,0,2,Additional 50% Reduction,Iraq,IRQ,2020-06-17,v3
2020-03-05,hospital_demand,14,21,25,24.795,29,36.025,Additional 50% Reduction,Iraq,IRQ,2020-06-17,v3
2020-03-05,ICU_demand,2,4,6,6.365,8,11.025,Additional 50% Reduction,Iraq,IRQ,2020-06-17,v3
2020-03-05,infections,292.775,354,415.5,411.395,456.5,543.075,Additional 50% Reduction,Iraq,IRQ,2020-06-17,v3
2020-03-05,Rt,1.87588557145957,1.92907279979825,1.96570555413834,1.97031623067368,1.99803124215092,2.11949155211777,Additional 50% Reduction,Iraq,IRQ,2020-06-17,v3
2020-03-05,cumulative_infections,2248.05,2784,3191,3171.525,3493,4186.025,Maintain Status Quo,Iraq,IRQ,2020-06-17,v3
2020-03-05,deaths,0,0,0,0.26,0,2,Maintain Status Quo,Iraq,IRQ,2020-06-17,v3
2020-03-05,hospital_demand,14,21,25,24.795,29,36.025,Maintain Status Quo,Iraq,IRQ,2020-06-17,v3
2020-03-05,ICU_demand,2,4,6,6.365,8,11.025,Maintain Status Quo,Iraq,IRQ,2020-06-17,v3
2020-03-05,infections,292.775,354,415.5,411.395,456.5,543.075,Maintain Status Quo,Iraq,IRQ,2020-06-17,v3
2020-03-05,Rt,1.87588557145957,1.92907279979825,1.96570555413834,1.97031623067368,1.99803124215092,2.11949155211777,Maintain Status Quo,Iraq,IRQ,2020-06-17,v3
2020-03-05,cumulative_infections,2248.05,2784,3191,3171.525,3493,4186.025,Relax Interventions 50%,Iraq,IRQ,2020-06-17,v3
2020-03-05,deaths,0,0,0,0.26,0,2,Relax Interventions 50%,Iraq,IRQ,2020-06-17,v3
2020-03-05,hospital_demand,14,21,25,24.795,29,36.025,Relax Interventions 50%,Iraq,IRQ,2020-06-17,v3
2020-03-05,ICU_demand,2,4,6,6.365,8,11.025,Relax Interventions 50%,Iraq,IRQ,2020-06-17,v3
2020-03-05,infections,292.775,354,415.5,411.395,456.5,543.075,Relax Interventions 50%,Iraq,IRQ,2020-06-17,v3
2020-03-05,Rt,1.87588557145957,1.92907279979825,1.96570555413834,1.97031623067368,1.99803124215092,2.11949155211777,Relax Interventions 50%,Iraq,IRQ,2020-06-17,v3
2020-03-05,cumulative_infections,2176.8,2699,3168,3161.58,3520.75,4199.275,Surged Additional 50% Reduction,Iraq,IRQ,2020-06-17,v3
2020-03-05,deaths,0,0,0,0.225,0,1,Surged Additional 50% Reduction,Iraq,IRQ,2020-06-17,v3
2020-03-05,hospital_demand,12.975,20,25,24.695,29.25,38.025,Surged Additional 50% Reduction,Iraq,IRQ,2020-06-17,v3
2020-03-05,ICU_demand,2,4,6,6.395,8,12,Surged Additional 50% Reduction,Iraq,IRQ,2020-06-17,v3
2020-03-05,infections,271.625,358,402,409.535,464.25,566.1,Surged Additional 50% Reduction,Iraq,IRQ,2020-06-17,v3
2020-03-05,Rt,1.88886801040222,1.9342351716029,1.95943522441585,1.97317349495058,2.00193535189357,2.11230715983345,Surged Additional 50% Reduction,Iraq,IRQ,2020-06-17,v3
2020-03-05,cumulative_infections,2176.8,2699,3168,3161.58,3520.75,4199.275,Surged Maintain Status Quo,Iraq,IRQ,2020-06-17,v3
2020-03-05,deaths,0,0,0,0.225,0,1,Surged Maintain Status Quo,Iraq,IRQ,2020-06-17,v3
2020-03-05,hospital_demand,12.975,20,25,24.695,29.25,38.025,Surged Maintain Status Quo,Iraq,IRQ,2020-06-17,v3
2020-03-05,ICU_demand,2,4,6,6.395,8,12,Surged Maintain Status Quo,Iraq,IRQ,2020-06-17,v3
2020-03-05,infections,271.625,358,402,409.535,464.25,566.1,Surged Maintain Status Quo,Iraq,IRQ,2020-06-17,v3
2020-03-05,Rt,1.88886801040222,1.9342351716029,1.95943522441585,1.97317349495058,2.00193535189357,2.11230715983345,Surged Maintain Status Quo,Iraq,IRQ,2020-06-17,v3
2020-03-05,cumulative_infections,2176.8,2699,3168,3161.58,3520.75,4199.275,Surged Relax Interventions 50%,Iraq,IRQ,2020-06-17,v3
2020-03-05,deaths,0,0,0,0.225,0,1,Surged Relax Interventions 50%,Iraq,IRQ,2020-06-17,v3
2020-03-05,hospital_demand,12.975,20,25,24.695,29.25,38.025,Surged Relax Interventions 50%,Iraq,IRQ,2020-06-17,v3
2020-03-05,ICU_demand,2,4,6,6.395,8,12,Surged Relax Interventions 50%,Iraq,IRQ,2020-06-17,v3
2020-03-05,infections,271.625,358,402,409.535,464.25,566.1,Surged Relax Interventions 50%,Iraq,IRQ,2020-06-17,v3
2020-03-05,Rt,1.88886801040222,1.9342351716029,1.95943522441585,1.97317349495058,2.00193535189357,2.11230715983345,Surged Relax Interventions 50%,Iraq,IRQ,2020-06-17,v3
2020-03-06,cumulative_infections,2645.775,3195,3674,3641.57,4015,4785.225,Additional 50% Reduction,Iraq,IRQ,2020-06-17,v3
2020-03-06,deaths,0,0,1,0.635,1,2,Additional 50% Reduction,Iraq,IRQ,2020-06-17,v3
2020-03-06,hospital_demand,16,24,28,28.515,33,40.025,Additional 50% Reduction,Iraq,IRQ,2020-06-17,v3
2020-03-06,ICU_demand,2,5,7,7.275,9,13,Additional 50% Reduction,Iraq,IRQ,2020-06-17,v3
2020-03-06,infections,330.775,411.75,466,470.045,521.75,605.5,Additional 50% Reduction,Iraq,IRQ,2020-06-17,v3
2020-03-06,Rt,1.91230513783348,1.96826020702993,2.0085504518196,2.01183986677103,2.04038444294608,2.16691178616673,Additional 50% Reduction,Iraq,IRQ,2020-06-17,v3
2020-03-06,cumulative_infections,2645.775,3195,3674,3641.57,4015,4785.225,Maintain Status Quo,Iraq,IRQ,2020-06-17,v3
2020-03-06,deaths,0,0,1,0.635,1,2,Maintain Status Quo,Iraq,IRQ,2020-06-17,v3
2020-03-06,hospital_demand,16,24,28,28.515,33,40.025,Maintain Status Quo,Iraq,IRQ,2020-06-17,v3
2020-03-06,ICU_demand,2,5,7,7.275,9,13,Maintain Status Quo,Iraq,IRQ,2020-06-17,v3
2020-03-06,infections,330.775,411.75,466,470.045,521.75,605.5,Maintain Status Quo,Iraq,IRQ,2020-06-17,v3
2020-03-06,Rt,1.91230513783348,1.96826020702993,2.0085504518196,2.01183986677103,2.04038444294608,2.16691178616673,Maintain Status Quo,Iraq,IRQ,2020-06-17,v3
2020-03-06,cumulative_infections,2645.775,3195,3674,3641.57,4015,4785.225,Relax Interventions 50%,Iraq,IRQ,2020-06-17,v3
2020-03-06,deaths,0,0,1,0.635,1,2,Relax Interventions 50%,Iraq,IRQ,2020-06-17,v3
2020-03-06,hospital_demand,16,24,28,28.515,33,40.025,Relax Interventions 50%,Iraq,IRQ,2020-06-17,v3
2020-03-06,ICU_demand,2,5,7,7.275,9,13,Relax Interventions 50%,Iraq,IRQ,2020-06-17,v3
2020-03-06,infections,330.775,411.75,466,470.045,521.75,605.5,Relax Interventions 50%,Iraq,IRQ,2020-06-17,v3
2020-03-06,Rt,1.91230513783348,1.96826020702993,2.0085504518196,2.01183986677103,2.04038444294608,2.16691178616673,Relax Interventions 50%,Iraq,IRQ,2020-06-17,v3
2020-03-06,cumulative_infections,2459.275,3138.25,3631,3629.545,4081.25,4827.55,Surged Additional 50% Reduction,Iraq,IRQ,2020-06-17,v3
2020-03-06,deaths,0,0,1,0.705,1,2,Surged Additional 50% Reduction,Iraq,IRQ,2020-06-17,v3
2020-03-06,hospital_demand,16,23,28,28.04,32,42,Surged Additional 50% Reduction,Iraq,IRQ,2020-06-17,v3
2020-03-06,ICU_demand,2,5,7,6.845,9,13,Surged Additional 50% Reduction,Iraq,IRQ,2020-06-17,v3
2020-03-06,infections,300.95,404.25,468,467.965,529.5,639.25,Surged Additional 50% Reduction,Iraq,IRQ,2020-06-17,v3
2020-03-06,Rt,1.92376482724456,1.97350357350554,2.00198633669302,2.01481647513769,2.04626792110295,2.16110640737992,Surged Additional 50% Reduction,Iraq,IRQ,2020-06-17,v3
2020-03-06,cumulative_infections,2459.275,3138.25,3631,3629.545,4081.25,4827.55,Surged Maintain Status Quo,Iraq,IRQ,2020-06-17,v3
2020-03-06,deaths,0,0,1,0.705,1,2,Surged Maintain Status Quo,Iraq,IRQ,2020-06-17,v3
2020-03-06,hospital_demand,16,23,28,28.04,32,42,Surged Maintain Status Quo,Iraq,IRQ,2020-06-17,v3
2020-03-06,ICU_demand,2,5,7,6.845,9,13,Surged Maintain Status Quo,Iraq,IRQ,2020-06-17,v3
2020-03-06,infections,300.95,404.25,468,467.965,529.5,639.25,Surged Maintain Status Quo,Iraq,IRQ,2020-06-17,v3
2020-03-06,Rt,1.92376482724456,1.97350357350554,2.00198633669302,2.01481647513769,2.04626792110295,2.16110640737992,Surged Maintain Status Quo,Iraq,IRQ,2020-06-17,v3
2020-03-06,cumulative_infections,2459.275,3138.25,3631,3629.545,4081.25,4827.55,Surged Relax Interventions 50%,Iraq,IRQ,2020-06-17,v3
2020-03-06,deaths,0,0,1,0.705,1,2,Surged Relax Interventions 50%,Iraq,IRQ,2020-06-17,v3
2020-03-06,hospital_demand,16,23,28,28.04,32,42,Surged Relax Interventions 50%,Iraq,IRQ,2020-06-17,v3
2020-03-06,ICU_demand,2,5,7,6.845,9,13,Surged Relax Interventions 50%,Iraq,IRQ,2020-06-17,v3
2020-03-06,infections,300.95,404.25,468,467.965,529.5,639.25,Surged Relax Interventions 50%,Iraq,IRQ,2020-06-17,v3
2020-03-06,Rt,1.92376482724456,1.97350357350554,2.00198633669302,2.01481647513769,2.04626792110295,2.16110640737992,Surged Relax Interventions 50%,Iraq,IRQ,2020-06-17,v3
2020-03-07,cumulative_infections,3040.55,3673.5,4220.5,4171.65,4609.75,5490.125,Additional 50% Reduction,Iraq,IRQ,2020-06-17,v3
2020-03-07,deaths,0,0,1,0.88,1,2,Additional 50% Reduction,Iraq,IRQ,2020-06-17,v3
2020-03-07,hospital_demand,19,28,32.5,32.57,38,46,Additional 50% Reduction,Iraq,IRQ,2020-06-17,v3
2020-03-07,ICU_demand,2.975,6,8,7.985,10,14,Additional 50% Reduction,Iraq,IRQ,2020-06-17,v3
2020-03-07,infections,382.975,461,527.5,530.08,586.75,714.175,Additional 50% Reduction,Iraq,IRQ,2020-06-17,v3
2020-03-07,Rt,1.98807899663869,2.05523034044976,2.09954502101203,2.10280006987868,2.13474154173087,2.27052417423049,Additional 50% Reduction,Iraq,IRQ,2020-06-17,v3
2020-03-07,cumulative_infections,3040.55,3673.5,4220.5,4171.65,4609.75,5490.125,Maintain Status Quo,Iraq,IRQ,2020-06-17,v3
2020-03-07,deaths,0,0,1,0.88,1,2,Maintain Status Quo,Iraq,IRQ,2020-06-17,v3
2020-03-07,hospital_demand,19,28,32.5,32.57,38,46,Maintain Status Quo,Iraq,IRQ,2020-06-17,v3
2020-03-07,ICU_demand,2.975,6,8,7.985,10,14,Maintain Status Quo,Iraq,IRQ,2020-06-17,v3
2020-03-07,infections,382.975,461,527.5,530.08,586.75,714.175,Maintain Status Quo,Iraq,IRQ,2020-06-17,v3
2020-03-07,Rt,1.98807899663869,2.05523034044976,2.09954502101203,2.10280006987868,2.13474154173087,2.27052417423049,Maintain Status Quo,Iraq,IRQ,2020-06-17,v3
2020-03-07,cumulative_infections,3040.55,3673.5,4220.5,4171.65,4609.75,5490.125,Relax Interventions 50%,Iraq,IRQ,2020-06-17,v3
2020-03-07,deaths,0,0,1,0.88,1,2,Relax Interventions 50%,Iraq,IRQ,2020-06-17,v3
2020-03-07,hospital_demand,19,28,32.5,32.57,38,46,Relax Interventions 50%,Iraq,IRQ,2020-06-17,v3
2020-03-07,ICU_demand,2.975,6,8,7.985,10,14,Relax Interventions 50%,Iraq,IRQ,2020-06-17,v3
2020-03-07,infections,382.975,461,527.5,530.08,586.75,714.175,Relax Interventions 50%,Iraq,IRQ,2020-06-17,v3
2020-03-07,Rt,1.98807899663869,2.05523034044976,2.09954502101203,2.10280006987868,2.13474154173087,2.27052417423049,Relax Interventions 50%,Iraq,IRQ,2020-06-17,v3
2020-03-07,cumulative_infections,2811.85,3618.5,4163,4154.935,4727,5564.5,Surged Additional 50% Reduction,Iraq,IRQ,2020-06-17,v3
2020-03-07,deaths,0,0,1,0.75,1,2,Surged Additional 50% Reduction,Iraq,IRQ,2020-06-17,v3
2020-03-07,hospital_demand,18.975,26,31.5,31.985,37,47,Surged Additional 50% Reduction,Iraq,IRQ,2020-06-17,v3
2020-03-07,ICU_demand,2.975,6,8,7.7,9.25,14,Surged Additional 50% Reduction,Iraq,IRQ,2020-06-17,v3
2020-03-07,infections,364.975,458.5,515.5,525.39,593.5,726.275,Surged Additional 50% Reduction,Iraq,IRQ,2020-06-17,v3
2020-03-07,Rt,2.00247373871295,2.05810285971711,2.09008243553572,2.10603583367019,2.14302703693598,2.26790089078777,Surged Additional 50% Reduction,Iraq,IRQ,2020-06-17,v3
2020-03-07,cumulative_infections,2811.85,3618.5,4163,4154.935,4727,5564.5,Surged Maintain Status Quo,Iraq,IRQ,2020-06-17,v3
2020-03-07,deaths,0,0,1,0.75,1,2,Surged Maintain Status Quo,Iraq,IRQ,2020-06-17,v3
2020-03-07,hospital_demand,18.975,26,31.5,31.985,37,47,Surged Maintain Status Quo,Iraq,IRQ,2020-06-17,v3
2020-03-07,ICU_demand,2.975,6,8,7.7,9.25,14,Surged Maintain Status Quo,Iraq,IRQ,2020-06-17,v3
2020-03-07,infections,364.975,458.5,515.5,525.39,593.5,726.275,Surged Maintain Status Quo,Iraq,IRQ,2020-06-17,v3
2020-03-07,Rt,2.00247373871295,2.05810285971711,2.09008243553572,2.10603583367019,2.14302703693598,2.26790089078777,Surged Maintain Status Quo,Iraq,IRQ,2020-06-17,v3
2020-03-07,cumulative_infections,2811.85,3618.5,4163,4154.935,4727,5564.5,Surged Relax Interventions 50%,Iraq,IRQ,2020-06-17,v3
2020-03-07,deaths,0,0,1,0.75,1,2,Surged Relax Interventions 50%,Iraq,IRQ,2020-06-17,v3
2020-03-07,hospital_demand,18.975,26,31.5,31.985,37,47,Surged Relax Interventions 50%,Iraq,IRQ,2020-06-17,v3
2020-03-07,ICU_demand,2.975,6,8,7.7,9.25,14,Surged Relax Interventions 50%,Iraq,IRQ,2020-06-17,v3
2020-03-07,infections,364.975,458.5,515.5,525.39,593.5,726.275,Surged Relax Interventions 50%,Iraq,IRQ,2020-06-17,v3
2020-03-07,Rt,2.00247373871295,2.05810285971711,2.09008243553572,2.10603583367019,2.14302703693598,2.26790089078777,Surged Relax Interventions 50%,Iraq,IRQ,2020-06-17,v3
2020-03-08,cumulative_infections,3463.8,4188.5,4798.5,4765.045,5262,6259.375,Additional 50% Reduction,Iraq,IRQ,2020-06-17,v3
2020-03-08,deaths,0,0,0,0.195,0,2,Additional 50% Reduction,Iraq,IRQ,2020-06-17,v3
2020-03-08,hospital_demand,22,30,36,36.86,43,53,Additional 50% Reduction,Iraq,IRQ,2020-06-17,v3
2020-03-08,ICU_demand,3,7,9,9.27,11,17,Additional 50% Reduction,Iraq,IRQ,2020-06-17,v3
2020-03-08,infections,416.8,512,591.5,593.395,662.5,784.4,Additional 50% Reduction,Iraq,IRQ,2020-06-17,v3
2020-03-08,Rt,1.94721425392627,2.00757792555602,2.0498991192153,2.05326791379214,2.08493404742295,2.21400518073286,Additional 50% Reduction,Iraq,IRQ,2020-06-17,v3
2020-03-08,cumulative_infections,3463.8,4188.5,4798.5,4765.045,5262,6259.375,Maintain Status Quo,Iraq,IRQ,2020-06-17,v3
2020-03-08,deaths,0,0,0,0.195,0,2,Maintain Status Quo,Iraq,IRQ,2020-06-17,v3
2020-03-08,hospital_demand,22,30,36,36.86,43,53,Maintain Status Quo,Iraq,IRQ,2020-06-17,v3
2020-03-08,ICU_demand,3,7,9,9.27,11,17,Maintain Status Quo,Iraq,IRQ,2020-06-17,v3
2020-03-08,infections,416.8,512,591.5,593.395,662.5,784.4,Maintain Status Quo,Iraq,IRQ,2020-06-17,v3
2020-03-08,Rt,1.94721425392627,2.00757792555602,2.0498991192153,2.05326791379214,2.08493404742295,2.21400518073286,Maintain Status Quo,Iraq,IRQ,2020-06-17,v3
2020-03-08,cumulative_infections,3463.8,4188.5,4798.5,4765.045,5262,6259.375,Relax Interventions 50%,Iraq,IRQ,2020-06-17,v3
2020-03-08,deaths,0,0,0,0.195,0,2,Relax Interventions 50%,Iraq,IRQ,2020-06-17,v3
2020-03-08,hospital_demand,22,30,36,36.86,43,53,Relax Interventions 50%,Iraq,IRQ,2020-06-17,v3
2020-03-08,ICU_demand,3,7,9,9.27,11,17,Relax Interventions 50%,Iraq,IRQ,2020-06-17,v3
2020-03-08,infections,416.8,512,591.5,593.395,662.5,784.4,Relax Interventions 50%,Iraq,IRQ,2020-06-17,v3
2020-03-08,Rt,1.94721425392627,2.00757792555602,2.0498991192153,2.05326791379214,2.08493404742295,2.21400518073286,Relax Interventions 50%,Iraq,IRQ,2020-06-17,v3
2020-03-08,cumulative_infections,3279.05,4146.5,4760.5,4744.125,5387.75,6416.15,Surged Additional 50% Reduction,Iraq,IRQ,2020-06-17,v3
2020-03-08,deaths,0,0,0,0.235,0,1,Surged Additional 50% Reduction,Iraq,IRQ,2020-06-17,v3
2020-03-08,hospital_demand,22,30,36,36.32,43,53,Surged Additional 50% Reduction,Iraq,IRQ,2020-06-17,v3
2020-03-08,ICU_demand,3,7,9,8.82,11,15,Surged Additional 50% Reduction,Iraq,IRQ,2020-06-17,v3
2020-03-08,infections,406.775,512.5,578,589.19,661.5,801.525,Surged Additional 50% Reduction,Iraq,IRQ,2020-06-17,v3
2020-03-08,Rt,1.95992374629827,2.01212393183016,2.04283210660196,2.05636303453037,2.09009963597315,2.20977191697683,Surged Additional 50% Reduction,Iraq,IRQ,2020-06-17,v3
2020-03-08,cumulative_infections,3279.05,4146.5,4760.5,4744.125,5387.75,6416.15,Surged Maintain Status Quo,Iraq,IRQ,2020-06-17,v3
2020-03-08,deaths,0,0,0,0.235,0,1,Surged Maintain Status Quo,Iraq,IRQ,2020-06-17,v3
2020-03-08,hospital_demand,22,30,36,36.32,43,53,Surged Maintain Status Quo,Iraq,IRQ,2020-06-17,v3
2020-03-08,ICU_demand,3,7,9,8.82,11,15,Surged Maintain Status Quo,Iraq,IRQ,2020-06-17,v3
2020-03-08,infections,406.775,512.5,578,589.19,661.5,801.525,Surged Maintain Status Quo,Iraq,IRQ,2020-06-17,v3
2020-03-08,Rt,1.95992374629827,2.01212393183016,2.04283210660196,2.05636303453037,2.09009963597315,2.20977191697683,Surged Maintain Status Quo,Iraq,IRQ,2020-06-17,v3
2020-03-08,cumulative_infections,3279.05,4146.5,4760.5,4744.125,5387.75,6416.15,Surged Relax Interventions 50%,Iraq,IRQ,2020-06-17,v3
2020-03-08,deaths,0,0,0,0.235,0,1,Surged Relax Interventions 50%,Iraq,IRQ,2020-06-17,v3
2020-03-08,hospital_demand,22,30,36,36.32,43,53,Surged Relax Interventions 50%,Iraq,IRQ,2020-06-17,v3
2020-03-08,ICU_demand,3,7,9,8.82,11,15,Surged Relax Interventions 50%,Iraq,IRQ,2020-06-17,v3
2020-03-08,infections,406.775,512.5,578,589.19,661.5,801.525,Surged Relax Interventions 50%,Iraq,IRQ,2020-06-17,v3
2020-03-08,Rt,1.95992374629827,2.01212393183016,2.04283210660196,2.05636303453037,2.09009963597315,2.20977191697683,Surged Relax Interventions 50%,Iraq,IRQ,2020-06-17,v3
2020-03-09,cumulative_infections,3990.3,4784.25,5457,5436.825,6016.75,7129.15,Additional 50% Reduction,Iraq,IRQ,2020-06-17,v3
2020-03-09,deaths,0,0,1,1.01,2,3,Additional 50% Reduction,Iraq,IRQ,2020-06-17,v3
2020-03-09,hospital_demand,25,35,42,42.26,50,61,Additional 50% Reduction,Iraq,IRQ,2020-06-17,v3
2020-03-09,ICU_demand,3,8,10,10.115,12.25,18,Additional 50% Reduction,Iraq,IRQ,2020-06-17,v3
2020-03-09,infections,479.775,584,673,671.78,746.75,914.025,Additional 50% Reduction,Iraq,IRQ,2020-06-17,v3
2020-03-09,Rt,1.90502587716438,1.96059305631467,2.00053230202925,2.0035415210001,2.03174542035192,2.15778849571957,Additional 50% Reduction,Iraq,IRQ,2020-06-17,v3
2020-03-09,cumulative_infections,3990.3,4784.25,5457,5436.825,6016.75,7129.15,Maintain Status Quo,Iraq,IRQ,2020-06-17,v3
2020-03-09,deaths,0,0,1,1.01,2,3,Maintain Status Quo,Iraq,IRQ,2020-06-17,v3
2020-03-09,hospital_demand,25,35,42,42.26,50,61,Maintain Status Quo,Iraq,IRQ,2020-06-17,v3
2020-03-09,ICU_demand,3,8,10,10.115,12.25,18,Maintain Status Quo,Iraq,IRQ,2020-06-17,v3
2020-03-09,infections,479.775,584,673,671.78,746.75,914.025,Maintain Status Quo,Iraq,IRQ,2020-06-17,v3
2020-03-09,Rt,1.90502587716438,1.96059305631467,2.00053230202925,2.0035415210001,2.03174542035192,2.15778849571957,Maintain Status Quo,Iraq,IRQ,2020-06-17,v3
2020-03-09,cumulative_infections,3990.3,4784.25,5457,5436.825,6016.75,7129.15,Relax Interventions 50%,Iraq,IRQ,2020-06-17,v3
2020-03-09,deaths,0,0,1,1.01,2,3,Relax Interventions 50%,Iraq,IRQ,2020-06-17,v3
2020-03-09,hospital_demand,25,35,42,42.26,50,61,Relax Interventions 50%,Iraq,IRQ,2020-06-17,v3
2020-03-09,ICU_demand,3,8,10,10.115,12.25,18,Relax Interventions 50%,Iraq,IRQ,2020-06-17,v3
2020-03-09,infections,479.775,584,673,671.78,746.75,914.025,Relax Interventions 50%,Iraq,IRQ,2020-06-17,v3
2020-03-09,Rt,1.90502587716438,1.96059305631467,2.00053230202925,2.0035415210001,2.03174542035192,2.15778849571957,Relax Interventions 50%,Iraq,IRQ,2020-06-17,v3
2020-03-09,cumulative_infections,3741.15,4740.25,5427,5410.585,6157.25,7315.6,Surged Additional 50% Reduction,Iraq,IRQ,2020-06-17,v3
2020-03-09,deaths,0,0,1,1.03,2,3,Surged Additional 50% Reduction,Iraq,IRQ,2020-06-17,v3
2020-03-09,hospital_demand,25,35,40,41.38,48,59.025,Surged Additional 50% Reduction,Iraq,IRQ,2020-06-17,v3
2020-03-09,ICU_demand,4,8,9.5,9.8,12,17,Surged Additional 50% Reduction,Iraq,IRQ,2020-06-17,v3
2020-03-09,infections,460.525,579.75,657,666.46,746.75,928.225,Surged Additional 50% Reduction,Iraq,IRQ,2020-06-17,v3
2020-03-09,Rt,1.91734321894455,1.96566536010769,1.99374723566148,2.00649431616104,2.03728070392696,2.15135548816305,Surged Additional 50% Reduction,Iraq,IRQ,2020-06-17,v3
2020-03-09,cumulative_infections,3741.15,4740.25,5427,5410.585,6157.25,7315.6,Surged Maintain Status Quo,Iraq,IRQ,2020-06-17,v3
2020-03-09,deaths,0,0,1,1.03,2,3,Surged Maintain Status Quo,Iraq,IRQ,2020-06-17,v3
2020-03-09,hospital_demand,25,35,40,41.38,48,59.025,Surged Maintain Status Quo,Iraq,IRQ,2020-06-17,v3
2020-03-09,ICU_demand,4,8,9.5,9.8,12,17,Surged Maintain Status Quo,Iraq,IRQ,2020-06-17,v3
2020-03-09,infections,460.525,579.75,657,666.46,746.75,928.225,Surged Maintain Status Quo,Iraq,IRQ,2020-06-17,v3
2020-03-09,Rt,1.91734321894455,1.96566536010769,1.99374723566148,2.00649431616104,2.03728070392696,2.15135548816305,Surged Maintain Status Quo,Iraq,IRQ,2020-06-17,v3
2020-03-09,cumulative_infections,3741.15,4740.25,5427,5410.585,6157.25,7315.6,Surged Relax Interventions 50%,Iraq,IRQ,2020-06-17,v3
2020-03-09,deaths,0,0,1,1.03,2,3,Surged Relax Interventions 50%,Iraq,IRQ,2020-06-17,v3
2020-03-09,hospital_demand,25,35,40,41.38,48,59.025,Surged Relax Interventions 50%,Iraq,IRQ,2020-06-17,v3
2020-03-09,ICU_demand,4,8,9.5,9.8,12,17,Surged Relax Interventions 50%,Iraq,IRQ,2020-06-17,v3
2020-03-09,infections,460.525,579.75,657,666.46,746.75,928.225,Surged Relax Interventions 50%,Iraq,IRQ,2020-06-17,v3
2020-03-09,Rt,1.91734321894455,1.96566536010769,1.99374723566148,2.00649431616104,2.03728070392696,2.15135548816305,Surged Relax Interventions 50%,Iraq,IRQ,2020-06-17,v3
2020-03-10,cumulative_infections,4521.3,5439.75,6205,6188.62,6845.5,8144.025,Additional 50% Reduction,Iraq,IRQ,2020-06-17,v3
2020-03-10,deaths,0,0.75,1,1.135,2,3,Additional 50% Reduction,Iraq,IRQ,2020-06-17,v3
2020-03-10,hospital_demand,28,40,48,47.86,54,69.025,Additional 50% Reduction,Iraq,IRQ,2020-06-17,v3
2020-03-10,ICU_demand,5,8,11,11.19,13.25,19,Additional 50% Reduction,Iraq,IRQ,2020-06-17,v3
2020-03-10,infections,522.925,652.75,742.5,751.795,839.25,1043.45,Additional 50% Reduction,Iraq,IRQ,2020-06-17,v3
2020-03-10,Rt,1.88317367376289,1.93691484312513,1.97470883455945,1.97862670403319,2.00603794668241,2.12894567718999,Additional 50% Reduction,Iraq,IRQ,2020-06-17,v3
2020-03-10,cumulative_infections,4521.3,5439.75,6205,6188.62,6845.5,8144.025,Maintain Status Quo,Iraq,IRQ,2020-06-17,v3
2020-03-10,deaths,0,0.75,1,1.135,2,3,Maintain Status Quo,Iraq,IRQ,2020-06-17,v3
2020-03-10,hospital_demand,28,40,48,47.86,54,69.025,Maintain Status Quo,Iraq,IRQ,2020-06-17,v3
2020-03-10,ICU_demand,5,8,11,11.19,13.25,19,Maintain Status Quo,Iraq,IRQ,2020-06-17,v3
2020-03-10,infections,522.925,652.75,742.5,751.795,839.25,1043.45,Maintain Status Quo,Iraq,IRQ,2020-06-17,v3
2020-03-10,Rt,1.88317367376289,1.93691484312513,1.97470883455945,1.97862670403319,2.00603794668241,2.12894567718999,Maintain Status Quo,Iraq,IRQ,2020-06-17,v3
2020-03-10,cumulative_infections,4521.3,5439.75,6205,6188.62,6845.5,8144.025,Relax Interventions 50%,Iraq,IRQ,2020-06-17,v3
2020-03-10,deaths,0,0.75,1,1.135,2,3,Relax Interventions 50%,Iraq,IRQ,2020-06-17,v3
2020-03-10,hospital_demand,28,40,48,47.86,54,69.025,Relax Interventions 50%,Iraq,IRQ,2020-06-17,v3
2020-03-10,ICU_demand,5,8,11,11.19,13.25,19,Relax Interventions 50%,Iraq,IRQ,2020-06-17,v3
2020-03-10,infections,522.925,652.75,742.5,751.795,839.25,1043.45,Relax Interventions 50%,Iraq,IRQ,2020-06-17,v3
2020-03-10,Rt,1.88317367376289,1.93691484312513,1.97470883455945,1.97862670403319,2.00603794668241,2.12894567718999,Relax Interventions 50%,Iraq,IRQ,2020-06-17,v3
2020-03-10,cumulative_infections,4220.975,5402,6151.5,6163.635,6981.25,8303.075,Surged Additional 50% Reduction,Iraq,IRQ,2020-06-17,v3
2020-03-10,deaths,0,0,1,1.025,1,3,Surged Additional 50% Reduction,Iraq,IRQ,2020-06-17,v3
2020-03-10,hospital_demand,28.975,40,45,47.215,54,68.025,Surged Additional 50% Reduction,Iraq,IRQ,2020-06-17,v3
2020-03-10,ICU_demand,5,8,10,10.815,13,19,Surged Additional 50% Reduction,Iraq,IRQ,2020-06-17,v3
2020-03-10,infections,513.95,669.75,743,753.05,837.25,1020.35,Surged Additional 50% Reduction,Iraq,IRQ,2020-06-17,v3
2020-03-10,Rt,1.89599825076461,1.94216659432794,1.96808934203172,1.98150788723185,2.01029495914118,2.12207505123501,Surged Additional 50% Reduction,Iraq,IRQ,2020-06-17,v3
2020-03-10,cumulative_infections,4220.975,5402,6151.5,6163.635,6981.25,8303.075,Surged Maintain Status Quo,Iraq,IRQ,2020-06-17,v3
2020-03-10,deaths,0,0,1,1.025,1,3,Surged Maintain Status Quo,Iraq,IRQ,2020-06-17,v3
2020-03-10,hospital_demand,28.975,40,45,47.215,54,68.025,Surged Maintain Status Quo,Iraq,IRQ,2020-06-17,v3
2020-03-10,ICU_demand,5,8,10,10.815,13,19,Surged Maintain Status Quo,Iraq,IRQ,2020-06-17,v3
2020-03-10,infections,513.95,669.75,743,753.05,837.25,1020.35,Surged Maintain Status Quo,Iraq,IRQ,2020-06-17,v3
2020-03-10,Rt,1.89599825076461,1.94216659432794,1.96808934203172,1.98150788723185,2.01029495914118,2.12207505123501,Surged Maintain Status Quo,Iraq,IRQ,2020-06-17,v3
2020-03-10,cumulative_infections,4220.975,5402,6151.5,6163.635,6981.25,8303.075,Surged Relax Interventions 50%,Iraq,IRQ,2020-06-17,v3
2020-03-10,deaths,0,0,1,1.025,1,3,Surged Relax Interventions 50%,Iraq,IRQ,2020-06-17,v3
2020-03-10,hospital_demand,28.975,40,45,47.215,54,68.025,Surged Relax Interventions 50%,Iraq,IRQ,2020-06-17,v3
2020-03-10,ICU_demand,5,8,10,10.815,13,19,Surged Relax Interventions 50%,Iraq,IRQ,2020-06-17,v3
2020-03-10,infections,513.95,669.75,743,753.05,837.25,1020.35,Surged Relax Interventions 50%,Iraq,IRQ,2020-06-17,v3
2020-03-10,Rt,1.89599825076461,1.94216659432794,1.96808934203172,1.98150788723185,2.01029495914118,2.12207505123501,Surged Relax Interventions 50%,Iraq,IRQ,2020-06-17,v3
2020-03-11,cumulative_infections,5110.825,6165,7016,7036.62,7732.5,9304.425,Additional 50% Reduction,Iraq,IRQ,2020-06-17,v3
2020-03-11,deaths,0,0,0,0.305,1,1.02500000000001,Additional 50% Reduction,Iraq,IRQ,2020-06-17,v3
2020-03-11,hospital_demand,34,45,55,54.7,63,78,Additional 50% Reduction,Iraq,IRQ,2020-06-17,v3
2020-03-11,ICU_demand,6,10,12,12.835,15,22,Additional 50% Reduction,Iraq,IRQ,2020-06-17,v3
2020-03-11,infections,597.775,728.75,830.5,848,950.25,1161.3,Additional 50% Reduction,Iraq,IRQ,2020-06-17,v3
2020-03-11,Rt,1.81024721924456,1.85725014858312,1.89006864512738,1.89545963574714,1.92031965471458,2.03192125824122,Additional 50% Reduction,Iraq,IRQ,2020-06-17,v3
2020-03-11,cumulative_infections,5110.825,6165,7016,7036.62,7732.5,9304.425,Maintain Status Quo,Iraq,IRQ,2020-06-17,v3
2020-03-11,deaths,0,0,0,0.305,1,1.02500000000001,Maintain Status Quo,Iraq,IRQ,2020-06-17,v3
2020-03-11,hospital_demand,34,45,55,54.7,63,78,Maintain Status Quo,Iraq,IRQ,2020-06-17,v3
2020-03-11,ICU_demand,6,10,12,12.835,15,22,Maintain Status Quo,Iraq,IRQ,2020-06-17,v3
2020-03-11,infections,597.775,728.75,830.5,848,950.25,1161.3,Maintain Status Quo,Iraq,IRQ,2020-06-17,v3
2020-03-11,Rt,1.81024721924456,1.85725014858312,1.89006864512738,1.89545963574714,1.92031965471458,2.03192125824122,Maintain Status Quo,Iraq,IRQ,2020-06-17,v3
2020-03-11,cumulative_infections,5110.825,6165,7016,7036.62,7732.5,9304.425,Relax Interventions 50%,Iraq,IRQ,2020-06-17,v3
2020-03-11,deaths,0,0,0,0.305,1,1.02500000000001,Relax Interventions 50%,Iraq,IRQ,2020-06-17,v3
2020-03-11,hospital_demand,34,45,55,54.7,63,78,Relax Interventions 50%,Iraq,IRQ,2020-06-17,v3
2020-03-11,ICU_demand,6,10,12,12.835,15,22,Relax Interventions 50%,Iraq,IRQ,2020-06-17,v3
2020-03-11,infections,597.775,728.75,830.5,848,950.25,1161.3,Relax Interventions 50%,Iraq,IRQ,2020-06-17,v3
2020-03-11,Rt,1.81024721924456,1.85725014858312,1.89006864512738,1.89545963574714,1.92031965471458,2.03192125824122,Relax Interventions 50%,Iraq,IRQ,2020-06-17,v3
2020-03-11,cumulative_infections,4777.175,6147,7008.5,7006.82,7894.25,9390.025,Surged Additional 50% Reduction,Iraq,IRQ,2020-06-17,v3
2020-03-11,deaths,0,0,0,0.29,1,2,Surged Additional 50% Reduction,Iraq,IRQ,2020-06-17,v3
2020-03-11,hospital_demand,33.95,45,52.5,53.965,62.25,77,Surged Additional 50% Reduction,Iraq,IRQ,2020-06-17,v3
2020-03-11,ICU_demand,6,10,13,12.7,15,21,Surged Additional 50% Reduction,Iraq,IRQ,2020-06-17,v3
2020-03-11,infections,560.875,733.75,831.5,843.185,950.25,1127.65,Surged Additional 50% Reduction,Iraq,IRQ,2020-06-17,v3
2020-03-11,Rt,1.82331937635557,1.86179285353322,1.88634885473779,1.89810108535639,1.92559864940389,2.02430887823321,Surged Additional 50% Reduction,Iraq,IRQ,2020-06-17,v3
2020-03-11,cumulative_infections,4777.175,6147,7008.5,7006.82,7894.25,9390.025,Surged Maintain Status Quo,Iraq,IRQ,2020-06-17,v3
2020-03-11,deaths,0,0,0,0.29,1,2,Surged Maintain Status Quo,Iraq,IRQ,2020-06-17,v3
2020-03-11,hospital_demand,33.95,45,52.5,53.965,62.25,77,Surged Maintain Status Quo,Iraq,IRQ,2020-06-17,v3
2020-03-11,ICU_demand,6,10,13,12.7,15,21,Surged Maintain Status Quo,Iraq,IRQ,2020-06-17,v3
2020-03-11,infections,560.875,733.75,831.5,843.185,950.25,1127.65,Surged Maintain Status Quo,Iraq,IRQ,2020-06-17,v3
2020-03-11,Rt,1.82331937635557,1.86179285353322,1.88634885473779,1.89810108535639,1.92559864940389,2.02430887823321,Surged Maintain Status Quo,Iraq,IRQ,2020-06-17,v3
2020-03-11,cumulative_infections,4777.175,6147,7008.5,7006.82,7894.25,9390.025,Surged Relax Interventions 50%,Iraq,IRQ,2020-06-17,v3
2020-03-11,deaths,0,0,0,0.29,1,2,Surged Relax Interventions 50%,Iraq,IRQ,2020-06-17,v3
2020-03-11,hospital_demand,33.95,45,52.5,53.965,62.25,77,Surged Relax Interventions 50%,Iraq,IRQ,2020-06-17,v3
2020-03-11,ICU_demand,6,10,13,12.7,15,21,Surged Relax Interventions 50%,Iraq,IRQ,2020-06-17,v3
2020-03-11,infections,560.875,733.75,831.5,843.185,950.25,1127.65,Surged Relax Interventions 50%,Iraq,IRQ,2020-06-17,v3
2020-03-11,Rt,1.82331937635557,1.86179285353322,1.88634885473779,1.89810108535639,1.92559864940389,2.02430887823321,Surged Relax Interventions 50%,Iraq,IRQ,2020-06-17,v3
2020-03-12,cumulative_infections,5772.2,6964,7951.5,7988.37,8824.5,10555.75,Additional 50% Reduction,Iraq,IRQ,2020-06-17,v3
2020-03-12,deaths,1,1,1,1.64,2,4,Additional 50% Reduction,Iraq,IRQ,2020-06-17,v3
2020-03-12,hospital_demand,39,52,61,61.825,72,89.05,Additional 50% Reduction,Iraq,IRQ,2020-06-17,v3
2020-03-12,ICU_demand,6,11,14,13.97,17,24,Additional 50% Reduction,Iraq,IRQ,2020-06-17,v3
2020-03-12,infections,647.925,816.5,945,951.75,1077.5,1271.15,Additional 50% Reduction,Iraq,IRQ,2020-06-17,v3
2020-03-12,Rt,1.64214637860972,1.67553520623773,1.69779697197254,1.70494031029801,1.72608743132566,1.81100294453795,Additional 50% Reduction,Iraq,IRQ,2020-06-17,v3
2020-03-12,cumulative_infections,5772.2,6964,7951.5,7988.37,8824.5,10555.75,Maintain Status Quo,Iraq,IRQ,2020-06-17,v3
2020-03-12,deaths,1,1,1,1.64,2,4,Maintain Status Quo,Iraq,IRQ,2020-06-17,v3
2020-03-12,hospital_demand,39,52,61,61.825,72,89.05,Maintain Status Quo,Iraq,IRQ,2020-06-17,v3
2020-03-12,ICU_demand,6,11,14,13.97,17,24,Maintain Status Quo,Iraq,IRQ,2020-06-17,v3
2020-03-12,infections,647.925,816.5,945,951.75,1077.5,1271.15,Maintain Status Quo,Iraq,IRQ,2020-06-17,v3
2020-03-12,Rt,1.64214637860972,1.67553520623773,1.69779697197254,1.70494031029801,1.72608743132566,1.81100294453795,Maintain Status Quo,Iraq,IRQ,2020-06-17,v3
2020-03-12,cumulative_infections,5772.2,6964,7951.5,7988.37,8824.5,10555.75,Relax Interventions 50%,Iraq,IRQ,2020-06-17,v3
2020-03-12,deaths,1,1,1,1.64,2,4,Relax Interventions 50%,Iraq,IRQ,2020-06-17,v3
2020-03-12,hospital_demand,39,52,61,61.825,72,89.05,Relax Interventions 50%,Iraq,IRQ,2020-06-17,v3
2020-03-12,ICU_demand,6,11,14,13.97,17,24,Relax Interventions 50%,Iraq,IRQ,2020-06-17,v3
2020-03-12,infections,647.925,816.5,945,951.75,1077.5,1271.15,Relax Interventions 50%,Iraq,IRQ,2020-06-17,v3
2020-03-12,Rt,1.64214637860972,1.67553520623773,1.69779697197254,1.70494031029801,1.72608743132566,1.81100294453795,Relax Interventions 50%,Iraq,IRQ,2020-06-17,v3
2020-03-12,cumulative_infections,5413.25,6981,7868.5,7949.44,8925.75,10654.475,Surged Additional 50% Reduction,Iraq,IRQ,2020-06-17,v3
2020-03-12,deaths,1,1,1,1.515,2,3,Surged Additional 50% Reduction,Iraq,IRQ,2020-06-17,v3
2020-03-12,hospital_demand,37,51,60,60.775,71,85.05,Surged Additional 50% Reduction,Iraq,IRQ,2020-06-17,v3
2020-03-12,ICU_demand,7,11,13,13.705,16,22.05,Surged Additional 50% Reduction,Iraq,IRQ,2020-06-17,v3
2020-03-12,infections,634.375,824.25,941.5,942.62,1063,1295.6,Surged Additional 50% Reduction,Iraq,IRQ,2020-06-17,v3
2020-03-12,Rt,1.6525746454873,1.67771243479663,1.6995240865734,1.70703701954276,1.72873544153217,1.81128370919019,Surged Additional 50% Reduction,Iraq,IRQ,2020-06-17,v3
2020-03-12,cumulative_infections,5413.25,6981,7868.5,7949.44,8925.75,10654.475,Surged Maintain Status Quo,Iraq,IRQ,2020-06-17,v3
2020-03-12,deaths,1,1,1,1.515,2,3,Surged Maintain Status Quo,Iraq,IRQ,2020-06-17,v3
2020-03-12,hospital_demand,37,51,60,60.775,71,85.05,Surged Maintain Status Quo,Iraq,IRQ,2020-06-17,v3
2020-03-12,ICU_demand,7,11,13,13.705,16,22.05,Surged Maintain Status Quo,Iraq,IRQ,2020-06-17,v3
2020-03-12,infections,634.375,824.25,941.5,942.62,1063,1295.6,Surged Maintain Status Quo,Iraq,IRQ,2020-06-17,v3
2020-03-12,Rt,1.6525746454873,1.67771243479663,1.6995240865734,1.70703701954276,1.72873544153217,1.81128370919019,Surged Maintain Status Quo,Iraq,IRQ,2020-06-17,v3
2020-03-12,cumulative_infections,5413.25,6981,7868.5,7949.44,8925.75,10654.475,Surged Relax Interventions 50%,Iraq,IRQ,2020-06-17,v3
2020-03-12,deaths,1,1,1,1.515,2,3,Surged Relax Interventions 50%,Iraq,IRQ,2020-06-17,v3
2020-03-12,hospital_demand,37,51,60,60.775,71,85.05,Surged Relax Interventions 50%,Iraq,IRQ,2020-06-17,v3
2020-03-12,ICU_demand,7,11,13,13.705,16,22.05,Surged Relax Interventions 50%,Iraq,IRQ,2020-06-17,v3
2020-03-12,infections,634.375,824.25,941.5,942.62,1063,1295.6,Surged Relax Interventions 50%,Iraq,IRQ,2020-06-17,v3
2020-03-12,Rt,1.6525746454873,1.67771243479663,1.6995240865734,1.70703701954276,1.72873544153217,1.81128370919019,Surged Relax Interventions 50%,Iraq,IRQ,2020-06-17,v3
2020-03-13,cumulative_infections,6508.975,7852.75,8978.5,9039.73,9996,11987.725,Additional 50% Reduction,Iraq,IRQ,2020-06-17,v3
2020-03-13,deaths,0,0,0,0.515,1,3,Additional 50% Reduction,Iraq,IRQ,2020-06-17,v3
2020-03-13,hospital_demand,46,58.75,69,69.61,80,97.025,Additional 50% Reduction,Iraq,IRQ,2020-06-17,v3
2020-03-13,ICU_demand,8,13,16,16.175,19.25,27,Additional 50% Reduction,Iraq,IRQ,2020-06-17,v3
2020-03-13,infections,730.7,909.25,1040.5,1051.36,1167,1436.05,Additional 50% Reduction,Iraq,IRQ,2020-06-17,v3
2020-03-13,Rt,1.63521926475418,1.66742971119145,1.68917280762002,1.69672398542539,1.7178761169493,1.80139469710619,Additional 50% Reduction,Iraq,IRQ,2020-06-17,v3
2020-03-13,cumulative_infections,6508.975,7852.75,8978.5,9039.73,9996,11987.725,Maintain Status Quo,Iraq,IRQ,2020-06-17,v3
2020-03-13,deaths,0,0,0,0.515,1,3,Maintain Status Quo,Iraq,IRQ,2020-06-17,v3
2020-03-13,hospital_demand,46,58.75,69,69.61,80,97.025,Maintain Status Quo,Iraq,IRQ,2020-06-17,v3
2020-03-13,ICU_demand,8,13,16,16.175,19.25,27,Maintain Status Quo,Iraq,IRQ,2020-06-17,v3
2020-03-13,infections,730.7,909.25,1040.5,1051.36,1167,1436.05,Maintain Status Quo,Iraq,IRQ,2020-06-17,v3
2020-03-13,Rt,1.63521926475418,1.66742971119145,1.68917280762002,1.69672398542539,1.7178761169493,1.80139469710619,Maintain Status Quo,Iraq,IRQ,2020-06-17,v3
2020-03-13,cumulative_infections,6508.975,7852.75,8978.5,9039.73,9996,11987.725,Relax Interventions 50%,Iraq,IRQ,2020-06-17,v3
2020-03-13,deaths,0,0,0,0.515,1,3,Relax Interventions 50%,Iraq,IRQ,2020-06-17,v3
2020-03-13,hospital_demand,46,58.75,69,69.61,80,97.025,Relax Interventions 50%,Iraq,IRQ,2020-06-17,v3
2020-03-13,ICU_demand,8,13,16,16.175,19.25,27,Relax Interventions 50%,Iraq,IRQ,2020-06-17,v3
2020-03-13,infections,730.7,909.25,1040.5,1051.36,1167,1436.05,Relax Interventions 50%,Iraq,IRQ,2020-06-17,v3
2020-03-13,Rt,1.63521926475418,1.66742971119145,1.68917280762002,1.69672398542539,1.7178761169493,1.80139469710619,Relax Interventions 50%,Iraq,IRQ,2020-06-17,v3
2020-03-13,cumulative_infections,6137.325,7909.75,8900,8995.27,10067.75,12098.375,Surged Additional 50% Reduction,Iraq,IRQ,2020-06-17,v3
2020-03-13,deaths,0,0,0,0.485,1,2,Surged Additional 50% Reduction,Iraq,IRQ,2020-06-17,v3
2020-03-13,hospital_demand,45.925,59,67,68.97,77.25,99,Surged Additional 50% Reduction,Iraq,IRQ,2020-06-17,v3
2020-03-13,ICU_demand,8,12,16,15.68,18,26,Surged Additional 50% Reduction,Iraq,IRQ,2020-06-17,v3
2020-03-13,infections,713.9,913.75,1034,1045.83,1173.25,1423.6,Surged Additional 50% Reduction,Iraq,IRQ,2020-06-17,v3
2020-03-13,Rt,1.64477257361119,1.66973614795625,1.69139221356204,1.69879759018274,1.72014519343115,1.80220718874249,Surged Additional 50% Reduction,Iraq,IRQ,2020-06-17,v3
2020-03-13,cumulative_infections,6137.325,7909.75,8900,8995.27,10067.75,12098.375,Surged Maintain Status Quo,Iraq,IRQ,2020-06-17,v3
2020-03-13,deaths,0,0,0,0.485,1,2,Surged Maintain Status Quo,Iraq,IRQ,2020-06-17,v3
2020-03-13,hospital_demand,45.925,59,67,68.97,77.25,99,Surged Maintain Status Quo,Iraq,IRQ,2020-06-17,v3
2020-03-13,ICU_demand,8,12,16,15.68,18,26,Surged Maintain Status Quo,Iraq,IRQ,2020-06-17,v3
2020-03-13,infections,713.9,913.75,1034,1045.83,1173.25,1423.6,Surged Maintain Status Quo,Iraq,IRQ,2020-06-17,v3
2020-03-13,Rt,1.64477257361119,1.66973614795625,1.69139221356204,1.69879759018274,1.72014519343115,1.80220718874249,Surged Maintain Status Quo,Iraq,IRQ,2020-06-17,v3
2020-03-13,cumulative_infections,6137.325,7909.75,8900,8995.27,10067.75,12098.375,Surged Relax Interventions 50%,Iraq,IRQ,2020-06-17,v3
2020-03-13,deaths,0,0,0,0.485,1,2,Surged Relax Interventions 50%,Iraq,IRQ,2020-06-17,v3
2020-03-13,hospital_demand,45.925,59,67,68.97,77.25,99,Surged Relax Interventions 50%,Iraq,IRQ,2020-06-17,v3
2020-03-13,ICU_demand,8,12,16,15.68,18,26,Surged Relax Interventions 50%,Iraq,IRQ,2020-06-17,v3
2020-03-13,infections,713.9,913.75,1034,1045.83,1173.25,1423.6,Surged Relax Interventions 50%,Iraq,IRQ,2020-06-17,v3
2020-03-13,Rt,1.64477257361119,1.66973614795625,1.69139221356204,1.69879759018274,1.72014519343115,1.80220718874249,Surged Relax Interventions 50%,Iraq,IRQ,2020-06-17,v3
2020-03-14,cumulative_infections,7314.075,8878.25,10098.5,10184.645,11231.25,13517.675,Additional 50% Reduction,Iraq,IRQ,2020-06-17,v3
2020-03-14,deaths,1,1,1,1.515,2,4,Additional 50% Reduction,Iraq,IRQ,2020-06-17,v3
2020-03-14,hospital_demand,53.9,66,78,78.745,91,111.05,Additional 50% Reduction,Iraq,IRQ,2020-06-17,v3
2020-03-14,ICU_demand,9,14,18,17.9,21,28.025,Additional 50% Reduction,Iraq,IRQ,2020-06-17,v3
2020-03-14,infections,795.8,980.5,1129.5,1144.915,1268.5,1563.3,Additional 50% Reduction,Iraq,IRQ,2020-06-17,v3
2020-03-14,Rt,1.29014417709789,1.33511968132787,1.5533592076418,1.55682088967964,1.77084848950905,1.84167103332659,Additional 50% Reduction,Iraq,IRQ,2020-06-17,v3
2020-03-14,cumulative_infections,7314.075,8878.25,10098.5,10184.645,11231.25,13517.675,Maintain Status Quo,Iraq,IRQ,2020-06-17,v3
2020-03-14,deaths,1,1,1,1.515,2,4,Maintain Status Quo,Iraq,IRQ,2020-06-17,v3
2020-03-14,hospital_demand,53.9,66,78,78.745,91,111.05,Maintain Status Quo,Iraq,IRQ,2020-06-17,v3
2020-03-14,ICU_demand,9,14,18,17.9,21,28.025,Maintain Status Quo,Iraq,IRQ,2020-06-17,v3
2020-03-14,infections,795.8,980.5,1129.5,1144.915,1268.5,1563.3,Maintain Status Quo,Iraq,IRQ,2020-06-17,v3
2020-03-14,Rt,1.29014417709789,1.33511968132787,1.5533592076418,1.55682088967964,1.77084848950905,1.84167103332659,Maintain Status Quo,Iraq,IRQ,2020-06-17,v3
2020-03-14,cumulative_infections,7314.075,8878.25,10098.5,10184.645,11231.25,13517.675,Relax Interventions 50%,Iraq,IRQ,2020-06-17,v3
2020-03-14,deaths,1,1,1,1.515,2,4,Relax Interventions 50%,Iraq,IRQ,2020-06-17,v3
2020-03-14,hospital_demand,53.9,66,78,78.745,91,111.05,Relax Interventions 50%,Iraq,IRQ,2020-06-17,v3
2020-03-14,ICU_demand,9,14,18,17.9,21,28.025,Relax Interventions 50%,Iraq,IRQ,2020-06-17,v3
2020-03-14,infections,795.8,980.5,1129.5,1144.915,1268.5,1563.3,Relax Interventions 50%,Iraq,IRQ,2020-06-17,v3
2020-03-14,Rt,1.29014417709789,1.33511968132787,1.5533592076418,1.55682088967964,1.77084848950905,1.84167103332659,Relax Interventions 50%,Iraq,IRQ,2020-06-17,v3
2020-03-14,cumulative_infections,6932.7,8903.25,10097.5,10143.785,11347.25,13652.275,Surged Additional 50% Reduction,Iraq,IRQ,2020-06-17,v3
2020-03-14,deaths,1,1,1,1.51,2,3,Surged Additional 50% Reduction,Iraq,IRQ,2020-06-17,v3
2020-03-14,hospital_demand,52,66.75,76,77.46,86,110.025,Surged Additional 50% Reduction,Iraq,IRQ,2020-06-17,v3
2020-03-14,ICU_demand,9.975,14,17,17.555,21,28,Surged Additional 50% Reduction,Iraq,IRQ,2020-06-17,v3
2020-03-14,infections,781.825,999.25,1137,1148.515,1275,1550.85,Surged Additional 50% Reduction,Iraq,IRQ,2020-06-17,v3
2020-03-14,Rt,1.28872365174852,1.33634629095844,1.54448129619506,1.55696448654416,1.76683004924268,1.8428379914511,Surged Additional 50% Reduction,Iraq,IRQ,2020-06-17,v3
2020-03-14,cumulative_infections,6932.7,8903.25,10097.5,10143.785,11347.25,13652.275,Surged Maintain Status Quo,Iraq,IRQ,2020-06-17,v3
2020-03-14,deaths,1,1,1,1.51,2,3,Surged Maintain Status Quo,Iraq,IRQ,2020-06-17,v3
2020-03-14,hospital_demand,52,66.75,76,77.46,86,110.025,Surged Maintain Status Quo,Iraq,IRQ,2020-06-17,v3
2020-03-14,ICU_demand,9.975,14,17,17.555,21,28,Surged Maintain Status Quo,Iraq,IRQ,2020-06-17,v3
2020-03-14,infections,781.825,999.25,1137,1148.515,1275,1550.85,Surged Maintain Status Quo,Iraq,IRQ,2020-06-17,v3
2020-03-14,Rt,1.28872365174852,1.33634629095844,1.54448129619506,1.55696448654416,1.76683004924268,1.8428379914511,Surged Maintain Status Quo,Iraq,IRQ,2020-06-17,v3
2020-03-14,cumulative_infections,6932.7,8903.25,10097.5,10143.785,11347.25,13652.275,Surged Relax Interventions 50%,Iraq,IRQ,2020-06-17,v3
2020-03-14,deaths,1,1,1,1.51,2,3,Surged Relax Interventions 50%,Iraq,IRQ,2020-06-17,v3
2020-03-14,hospital_demand,52,66.75,76,77.46,86,110.025,Surged Relax Interventions 50%,Iraq,IRQ,2020-06-17,v3
2020-03-14,ICU_demand,9.975,14,17,17.555,21,28,Surged Relax Interventions 50%,Iraq,IRQ,2020-06-17,v3
2020-03-14,infections,781.825,999.25,1137,1148.515,1275,1550.85,Surged Relax Interventions 50%,Iraq,IRQ,2020-06-17,v3
2020-03-14,Rt,1.28872365174852,1.33634629095844,1.54448129619506,1.55696448654416,1.76683004924268,1.8428379914511,Surged Relax Interventions 50%,Iraq,IRQ,2020-06-17,v3
2020-03-15,cumulative_infections,8238.15,9939.5,11353,11421.935,12615.5,15202.9,Additional 50% Reduction,Iraq,IRQ,2020-06-17,v3
2020-03-15,deaths,0,0,0,0.615,1,3,Additional 50% Reduction,Iraq,IRQ,2020-06-17,v3
2020-03-15,hospital_demand,60.95,75.75,87,89.09,101.25,125.05,Additional 50% Reduction,Iraq,IRQ,2020-06-17,v3
2020-03-15,ICU_demand,12,17,21,20.77,25,31.025,Additional 50% Reduction,Iraq,IRQ,2020-06-17,v3
2020-03-15,infections,848.7,1060.25,1220.5,1237.29,1378.5,1684.475,Additional 50% Reduction,Iraq,IRQ,2020-06-17,v3
2020-03-15,Rt,1.32806669948203,1.36204374669804,1.37980061014129,1.3855060497149,1.40045685255175,1.45778852663941,Additional 50% Reduction,Iraq,IRQ,2020-06-17,v3
2020-03-15,cumulative_infections,8238.15,9939.5,11353,11421.935,12615.5,15202.9,Maintain Status Quo,Iraq,IRQ,2020-06-17,v3
2020-03-15,deaths,0,0,0,0.615,1,3,Maintain Status Quo,Iraq,IRQ,2020-06-17,v3
2020-03-15,hospital_demand,60.95,75.75,87,89.09,101.25,125.05,Maintain Status Quo,Iraq,IRQ,2020-06-17,v3
2020-03-15,ICU_demand,12,17,21,20.77,25,31.025,Maintain Status Quo,Iraq,IRQ,2020-06-17,v3
2020-03-15,infections,848.7,1060.25,1220.5,1237.29,1378.5,1684.475,Maintain Status Quo,Iraq,IRQ,2020-06-17,v3
2020-03-15,Rt,1.32806669948203,1.36204374669804,1.37980061014129,1.3855060497149,1.40045685255175,1.45778852663941,Maintain Status Quo,Iraq,IRQ,2020-06-17,v3
2020-03-15,cumulative_infections,8238.15,9939.5,11353,11421.935,12615.5,15202.9,Relax Interventions 50%,Iraq,IRQ,2020-06-17,v3
2020-03-15,deaths,0,0,0,0.615,1,3,Relax Interventions 50%,Iraq,IRQ,2020-06-17,v3
2020-03-15,hospital_demand,60.95,75.75,87,89.09,101.25,125.05,Relax Interventions 50%,Iraq,IRQ,2020-06-17,v3
2020-03-15,ICU_demand,12,17,21,20.77,25,31.025,Relax Interventions 50%,Iraq,IRQ,2020-06-17,v3
2020-03-15,infections,848.7,1060.25,1220.5,1237.29,1378.5,1684.475,Relax Interventions 50%,Iraq,IRQ,2020-06-17,v3
2020-03-15,Rt,1.32806669948203,1.36204374669804,1.37980061014129,1.3855060497149,1.40045685255175,1.45778852663941,Relax Interventions 50%,Iraq,IRQ,2020-06-17,v3
2020-03-15,cumulative_infections,7807.775,10013,11292.5,11376.92,12714.25,15220.575,Surged Additional 50% Reduction,Iraq,IRQ,2020-06-17,v3
2020-03-15,deaths,0,0,0,0.525,1,2,Surged Additional 50% Reduction,Iraq,IRQ,2020-06-17,v3
2020-03-15,hospital_demand,57.975,75,86,87.64,97,126,Surged Additional 50% Reduction,Iraq,IRQ,2020-06-17,v3
2020-03-15,ICU_demand,11.975,17,20,20.39,24,32.025,Surged Additional 50% Reduction,Iraq,IRQ,2020-06-17,v3
2020-03-15,infections,833.775,1086.75,1238,1233.135,1373.5,1661.9,Surged Additional 50% Reduction,Iraq,IRQ,2020-06-17,v3
2020-03-15,Rt,1.33212610892262,1.36298377620726,1.38312848275587,1.38675511497107,1.40337006343927,1.45941316098971,Surged Additional 50% Reduction,Iraq,IRQ,2020-06-17,v3
2020-03-15,cumulative_infections,7807.775,10013,11292.5,11376.92,12714.25,15220.575,Surged Maintain Status Quo,Iraq,IRQ,2020-06-17,v3
2020-03-15,deaths,0,0,0,0.525,1,2,Surged Maintain Status Quo,Iraq,IRQ,2020-06-17,v3
2020-03-15,hospital_demand,57.975,75,86,87.64,97,126,Surged Maintain Status Quo,Iraq,IRQ,2020-06-17,v3
2020-03-15,ICU_demand,11.975,17,20,20.39,24,32.025,Surged Maintain Status Quo,Iraq,IRQ,2020-06-17,v3
2020-03-15,infections,833.775,1086.75,1238,1233.135,1373.5,1661.9,Surged Maintain Status Quo,Iraq,IRQ,2020-06-17,v3
2020-03-15,Rt,1.33212610892262,1.36298377620726,1.38312848275587,1.38675511497107,1.40337006343927,1.45941316098971,Surged Maintain Status Quo,Iraq,IRQ,2020-06-17,v3
2020-03-15,cumulative_infections,7807.775,10013,11292.5,11376.92,12714.25,15220.575,Surged Relax Interventions 50%,Iraq,IRQ,2020-06-17,v3
2020-03-15,deaths,0,0,0,0.525,1,2,Surged Relax Interventions 50%,Iraq,IRQ,2020-06-17,v3
2020-03-15,hospital_demand,57.975,75,86,87.64,97,126,Surged Relax Interventions 50%,Iraq,IRQ,2020-06-17,v3
2020-03-15,ICU_demand,11.975,17,20,20.39,24,32.025,Surged Relax Interventions 50%,Iraq,IRQ,2020-06-17,v3
2020-03-15,infections,833.775,1086.75,1238,1233.135,1373.5,1661.9,Surged Relax Interventions 50%,Iraq,IRQ,2020-06-17,v3
2020-03-15,Rt,1.33212610892262,1.36298377620726,1.38312848275587,1.38675511497107,1.40337006343927,1.45941316098971,Surged Relax Interventions 50%,Iraq,IRQ,2020-06-17,v3
2020-03-16,cumulative_infections,9257.925,11048.5,12653.5,12730.025,14051.5,17006.125,Additional 50% Reduction,Iraq,IRQ,2020-06-17,v3
2020-03-16,deaths,0,0,0,0.74,1,3.02500000000001,Additional 50% Reduction,Iraq,IRQ,2020-06-17,v3
2020-03-16,hospital_demand,65.85,84,98,100.275,117.25,140.1,Additional 50% Reduction,Iraq,IRQ,2020-06-17,v3
2020-03-16,ICU_demand,13.975,20,23.5,24.045,28,35.05,Additional 50% Reduction,Iraq,IRQ,2020-06-17,v3
2020-03-16,infections,894,1115,1297.5,1308.09,1451.5,1778.75,Additional 50% Reduction,Iraq,IRQ,2020-06-17,v3
2020-03-16,Rt,1.27327657461121,1.30950853440306,1.32788711976822,1.33222074472839,1.34871768611862,1.41093550352253,Additional 50% Reduction,Iraq,IRQ,2020-06-17,v3
2020-03-16,cumulative_infections,9257.925,11048.5,12653.5,12730.025,14051.5,17006.125,Maintain Status Quo,Iraq,IRQ,2020-06-17,v3
2020-03-16,deaths,0,0,0,0.74,1,3.02500000000001,Maintain Status Quo,Iraq,IRQ,2020-06-17,v3
2020-03-16,hospital_demand,65.85,84,98,100.275,117.25,140.1,Maintain Status Quo,Iraq,IRQ,2020-06-17,v3
2020-03-16,ICU_demand,13.975,20,23.5,24.045,28,35.05,Maintain Status Quo,Iraq,IRQ,2020-06-17,v3
2020-03-16,infections,894,1115,1297.5,1308.09,1451.5,1778.75,Maintain Status Quo,Iraq,IRQ,2020-06-17,v3
2020-03-16,Rt,1.27327657461121,1.30950853440306,1.32788711976822,1.33222074472839,1.34871768611862,1.41093550352253,Maintain Status Quo,Iraq,IRQ,2020-06-17,v3
2020-03-16,cumulative_infections,9257.925,11048.5,12653.5,12730.025,14051.5,17006.125,Relax Interventions 50%,Iraq,IRQ,2020-06-17,v3
2020-03-16,deaths,0,0,0,0.74,1,3.02500000000001,Relax Interventions 50%,Iraq,IRQ,2020-06-17,v3
2020-03-16,hospital_demand,65.85,84,98,100.275,117.25,140.1,Relax Interventions 50%,Iraq,IRQ,2020-06-17,v3
2020-03-16,ICU_demand,13.975,20,23.5,24.045,28,35.05,Relax Interventions 50%,Iraq,IRQ,2020-06-17,v3
2020-03-16,infections,894,1115,1297.5,1308.09,1451.5,1778.75,Relax Interventions 50%,Iraq,IRQ,2020-06-17,v3
2020-03-16,Rt,1.27327657461121,1.30950853440306,1.32788711976822,1.33222074472839,1.34871768611862,1.41093550352253,Relax Interventions 50%,Iraq,IRQ,2020-06-17,v3
2020-03-16,cumulative_infections,8683.625,11199.75,12588,12678.165,14223.25,16910.5,Surged Additional 50% Reduction,Iraq,IRQ,2020-06-17,v3
2020-03-16,deaths,0,0,0,0.59,1,3,Surged Additional 50% Reduction,Iraq,IRQ,2020-06-17,v3
2020-03-16,hospital_demand,64.95,84.75,98,98.735,112,140,Surged Additional 50% Reduction,Iraq,IRQ,2020-06-17,v3
2020-03-16,ICU_demand,13,19,23,23.425,27,36,Surged Additional 50% Reduction,Iraq,IRQ,2020-06-17,v3
2020-03-16,infections,888.65,1140.5,1290.5,1301.245,1450.25,1795.225,Surged Additional 50% Reduction,Iraq,IRQ,2020-06-17,v3
2020-03-16,Rt,1.27573889406354,1.30873707328002,1.328027775008,1.33334228017207,1.35309626232796,1.40854688082112,Surged Additional 50% Reduction,Iraq,IRQ,2020-06-17,v3
2020-03-16,cumulative_infections,8683.625,11199.75,12588,12678.165,14223.25,16910.5,Surged Maintain Status Quo,Iraq,IRQ,2020-06-17,v3
2020-03-16,deaths,0,0,0,0.59,1,3,Surged Maintain Status Quo,Iraq,IRQ,2020-06-17,v3
2020-03-16,hospital_demand,64.95,84.75,98,98.735,112,140,Surged Maintain Status Quo,Iraq,IRQ,2020-06-17,v3
2020-03-16,ICU_demand,13,19,23,23.425,27,36,Surged Maintain Status Quo,Iraq,IRQ,2020-06-17,v3
2020-03-16,infections,888.65,1140.5,1290.5,1301.245,1450.25,1795.225,Surged Maintain Status Quo,Iraq,IRQ,2020-06-17,v3
2020-03-16,Rt,1.27573889406354,1.30873707328002,1.328027775008,1.33334228017207,1.35309626232796,1.40854688082112,Surged Maintain Status Quo,Iraq,IRQ,2020-06-17,v3
2020-03-16,cumulative_infections,8683.625,11199.75,12588,12678.165,14223.25,16910.5,Surged Relax Interventions 50%,Iraq,IRQ,2020-06-17,v3
2020-03-16,deaths,0,0,0,0.59,1,3,Surged Relax Interventions 50%,Iraq,IRQ,2020-06-17,v3
2020-03-16,hospital_demand,64.95,84.75,98,98.735,112,140,Surged Relax Interventions 50%,Iraq,IRQ,2020-06-17,v3
2020-03-16,ICU_demand,13,19,23,23.425,27,36,Surged Relax Interventions 50%,Iraq,IRQ,2020-06-17,v3
2020-03-16,infections,888.65,1140.5,1290.5,1301.245,1450.25,1795.225,Surged Relax Interventions 50%,Iraq,IRQ,2020-06-17,v3
2020-03-16,Rt,1.27573889406354,1.30873707328002,1.328027775008,1.33334228017207,1.35309626232796,1.40854688082112,Surged Relax Interventions 50%,Iraq,IRQ,2020-06-17,v3
2020-03-17,cumulative_infections,10217.525,12223.75,14051.5,14094.41,15531.75,18901.675,Additional 50% Reduction,Iraq,IRQ,2020-06-17,v3
2020-03-17,deaths,0,0,0,0.72,1,3,Additional 50% Reduction,Iraq,IRQ,2020-06-17,v3
2020-03-17,hospital_demand,77,94,110.5,112.49,128.25,157,Additional 50% Reduction,Iraq,IRQ,2020-06-17,v3
2020-03-17,ICU_demand,15.975,23,27,27.21,31.25,38.025,Additional 50% Reduction,Iraq,IRQ,2020-06-17,v3
2020-03-17,infections,960.95,1169,1358.5,1364.385,1515.25,1869.625,Additional 50% Reduction,Iraq,IRQ,2020-06-17,v3
2020-03-17,Rt,1.11368384475574,1.16847828050238,1.43873426943704,1.45044045647808,1.72859110481303,1.80585900975982,Additional 50% Reduction,Iraq,IRQ,2020-06-17,v3
2020-03-17,cumulative_infections,10217.525,12223.75,14051.5,14094.41,15531.75,18901.675,Maintain Status Quo,Iraq,IRQ,2020-06-17,v3
2020-03-17,deaths,0,0,0,0.72,1,3,Maintain Status Quo,Iraq,IRQ,2020-06-17,v3
2020-03-17,hospital_demand,77,94,110.5,112.49,128.25,157,Maintain Status Quo,Iraq,IRQ,2020-06-17,v3
2020-03-17,ICU_demand,15.975,23,27,27.21,31.25,38.025,Maintain Status Quo,Iraq,IRQ,2020-06-17,v3
2020-03-17,infections,960.95,1169,1358.5,1364.385,1515.25,1869.625,Maintain Status Quo,Iraq,IRQ,2020-06-17,v3
2020-03-17,Rt,1.11368384475574,1.16847828050238,1.43873426943704,1.45044045647808,1.72859110481303,1.80585900975982,Maintain Status Quo,Iraq,IRQ,2020-06-17,v3
2020-03-17,cumulative_infections,10217.525,12223.75,14051.5,14094.41,15531.75,18901.675,Relax Interventions 50%,Iraq,IRQ,2020-06-17,v3
2020-03-17,deaths,0,0,0,0.72,1,3,Relax Interventions 50%,Iraq,IRQ,2020-06-17,v3
2020-03-17,hospital_demand,77,94,110.5,112.49,128.25,157,Relax Interventions 50%,Iraq,IRQ,2020-06-17,v3
2020-03-17,ICU_demand,15.975,23,27,27.21,31.25,38.025,Relax Interventions 50%,Iraq,IRQ,2020-06-17,v3
2020-03-17,infections,960.95,1169,1358.5,1364.385,1515.25,1869.625,Relax Interventions 50%,Iraq,IRQ,2020-06-17,v3
2020-03-17,Rt,1.11368384475574,1.16847828050238,1.43873426943704,1.45044045647808,1.72859110481303,1.80585900975982,Relax Interventions 50%,Iraq,IRQ,2020-06-17,v3
2020-03-17,cumulative_infections,9553.375,12344,14016.5,14041.285,15713.5,18735.125,Surged Additional 50% Reduction,Iraq,IRQ,2020-06-17,v3
2020-03-17,deaths,0,0,1,0.905,1,4,Surged Additional 50% Reduction,Iraq,IRQ,2020-06-17,v3
2020-03-17,hospital_demand,73,96,110.5,110.895,124,160.15,Surged Additional 50% Reduction,Iraq,IRQ,2020-06-17,v3
2020-03-17,ICU_demand,16,22,26,26.595,31,39.025,Surged Additional 50% Reduction,Iraq,IRQ,2020-06-17,v3
2020-03-17,infections,924.35,1177.25,1369.5,1363.12,1521.75,1858.75,Surged Additional 50% Reduction,Iraq,IRQ,2020-06-17,v3
2020-03-17,Rt,1.11647332310317,1.1650115583822,1.43549345080129,1.44983302102156,1.72259965773256,1.80427314193344,Surged Additional 50% Reduction,Iraq,IRQ,2020-06-17,v3
2020-03-17,cumulative_infections,9553.375,12344,14016.5,14041.285,15713.5,18735.125,Surged Maintain Status Quo,Iraq,IRQ,2020-06-17,v3
2020-03-17,deaths,0,0,1,0.905,1,4,Surged Maintain Status Quo,Iraq,IRQ,2020-06-17,v3
2020-03-17,hospital_demand,73,96,110.5,110.895,124,160.15,Surged Maintain Status Quo,Iraq,IRQ,2020-06-17,v3
2020-03-17,ICU_demand,16,22,26,26.595,31,39.025,Surged Maintain Status Quo,Iraq,IRQ,2020-06-17,v3
2020-03-17,infections,924.35,1177.25,1369.5,1363.12,1521.75,1858.75,Surged Maintain Status Quo,Iraq,IRQ,2020-06-17,v3
2020-03-17,Rt,1.11647332310317,1.1650115583822,1.43549345080129,1.44983302102156,1.72259965773256,1.80427314193344,Surged Maintain Status Quo,Iraq,IRQ,2020-06-17,v3
2020-03-17,cumulative_infections,9553.375,12344,14016.5,14041.285,15713.5,18735.125,Surged Relax Interventions 50%,Iraq,IRQ,2020-06-17,v3
2020-03-17,deaths,0,0,1,0.905,1,4,Surged Relax Interventions 50%,Iraq,IRQ,2020-06-17,v3
2020-03-17,hospital_demand,73,96,110.5,110.895,124,160.15,Surged Relax Interventions 50%,Iraq,IRQ,2020-06-17,v3
2020-03-17,ICU_demand,16,22,26,26.595,31,39.025,Surged Relax Interventions 50%,Iraq,IRQ,2020-06-17,v3
2020-03-17,infections,924.35,1177.25,1369.5,1363.12,1521.75,1858.75,Surged Relax Interventions 50%,Iraq,IRQ,2020-06-17,v3
2020-03-17,Rt,1.11647332310317,1.1650115583822,1.43549345080129,1.44983302102156,1.72259965773256,1.80427314193344,Surged Relax Interventions 50%,Iraq,IRQ,2020-06-17,v3
2020-03-18,cumulative_infections,11187.7,13495,15425,15510.56,17113,20815.85,Additional 50% Reduction,Iraq,IRQ,2020-06-17,v3
2020-03-18,deaths,1,1,2,2.035,3,4,Additional 50% Reduction,Iraq,IRQ,2020-06-17,v3
2020-03-18,hospital_demand,85.975,105,123,124.775,143,176.05,Additional 50% Reduction,Iraq,IRQ,2020-06-17,v3
2020-03-18,ICU_demand,17.975,25.75,30,30.26,35.25,44,Additional 50% Reduction,Iraq,IRQ,2020-06-17,v3
2020-03-18,infections,968.975,1222.5,1398.5,1416.15,1569,1958.15,Additional 50% Reduction,Iraq,IRQ,2020-06-17,v3
2020-03-18,Rt,0.489042895908602,0.551356193404409,0.582488488539779,0.58621624561781,0.623250258043355,0.683413377844097,Additional 50% Reduction,Iraq,IRQ,2020-06-17,v3
2020-03-18,cumulative_infections,11187.7,13495,15425,15510.56,17113,20815.85,Maintain Status Quo,Iraq,IRQ,2020-06-17,v3
2020-03-18,deaths,1,1,2,2.035,3,4,Maintain Status Quo,Iraq,IRQ,2020-06-17,v3
2020-03-18,hospital_demand,85.975,105,123,124.775,143,176.05,Maintain Status Quo,Iraq,IRQ,2020-06-17,v3
2020-03-18,ICU_demand,17.975,25.75,30,30.26,35.25,44,Maintain Status Quo,Iraq,IRQ,2020-06-17,v3
2020-03-18,infections,968.975,1222.5,1398.5,1416.15,1569,1958.15,Maintain Status Quo,Iraq,IRQ,2020-06-17,v3
2020-03-18,Rt,0.489042895908602,0.551356193404409,0.582488488539779,0.58621624561781,0.623250258043355,0.683413377844097,Maintain Status Quo,Iraq,IRQ,2020-06-17,v3
2020-03-18,cumulative_infections,11187.7,13495,15425,15510.56,17113,20815.85,Relax Interventions 50%,Iraq,IRQ,2020-06-17,v3
2020-03-18,deaths,1,1,2,2.035,3,4,Relax Interventions 50%,Iraq,IRQ,2020-06-17,v3
2020-03-18,hospital_demand,85.975,105,123,124.775,143,176.05,Relax Interventions 50%,Iraq,IRQ,2020-06-17,v3
2020-03-18,ICU_demand,17.975,25.75,30,30.26,35.25,44,Relax Interventions 50%,Iraq,IRQ,2020-06-17,v3
2020-03-18,infections,968.975,1222.5,1398.5,1416.15,1569,1958.15,Relax Interventions 50%,Iraq,IRQ,2020-06-17,v3
2020-03-18,Rt,0.489042895908602,0.551356193404409,0.582488488539779,0.58621624561781,0.623250258043355,0.683413377844097,Relax Interventions 50%,Iraq,IRQ,2020-06-17,v3
2020-03-18,cumulative_infections,10503.425,13495.75,15494.5,15453.005,17379.75,20606.825,Surged Additional 50% Reduction,Iraq,IRQ,2020-06-17,v3
2020-03-18,deaths,1,1,2,1.92,2,4,Surged Additional 50% Reduction,Iraq,IRQ,2020-06-17,v3
2020-03-18,hospital_demand,77.95,106,123,122.91,138,177.075,Surged Additional 50% Reduction,Iraq,IRQ,2020-06-17,v3
2020-03-18,ICU_demand,17.975,25,29,29.35,34,44,Surged Additional 50% Reduction,Iraq,IRQ,2020-06-17,v3
2020-03-18,infections,948.975,1254.5,1417.5,1411.72,1580.75,1917.375,Surged Additional 50% Reduction,Iraq,IRQ,2020-06-17,v3
2020-03-18,Rt,0.480510822693871,0.545338359629554,0.582988834302762,0.586275467995271,0.626147162740831,0.706436705747255,Surged Additional 50% Reduction,Iraq,IRQ,2020-06-17,v3
2020-03-18,cumulative_infections,10503.425,13495.75,15494.5,15453.005,17379.75,20606.825,Surged Maintain Status Quo,Iraq,IRQ,2020-06-17,v3
2020-03-18,deaths,1,1,2,1.92,2,4,Surged Maintain Status Quo,Iraq,IRQ,2020-06-17,v3
2020-03-18,hospital_demand,77.95,106,123,122.91,138,177.075,Surged Maintain Status Quo,Iraq,IRQ,2020-06-17,v3
2020-03-18,ICU_demand,17.975,25,29,29.35,34,44,Surged Maintain Status Quo,Iraq,IRQ,2020-06-17,v3
2020-03-18,infections,948.975,1254.5,1417.5,1411.72,1580.75,1917.375,Surged Maintain Status Quo,Iraq,IRQ,2020-06-17,v3
2020-03-18,Rt,0.480510822693871,0.545338359629554,0.582988834302762,0.586275467995271,0.626147162740831,0.706436705747255,Surged Maintain Status Quo,Iraq,IRQ,2020-06-17,v3
2020-03-18,cumulative_infections,10503.425,13495.75,15494.5,15453.005,17379.75,20606.825,Surged Relax Interventions 50%,Iraq,IRQ,2020-06-17,v3
2020-03-18,deaths,1,1,2,1.92,2,4,Surged Relax Interventions 50%,Iraq,IRQ,2020-06-17,v3
2020-03-18,hospital_demand,77.95,106,123,122.91,138,177.075,Surged Relax Interventions 50%,Iraq,IRQ,2020-06-17,v3
2020-03-18,ICU_demand,17.975,25,29,29.35,34,44,Surged Relax Interventions 50%,Iraq,IRQ,2020-06-17,v3
2020-03-18,infections,948.975,1254.5,1417.5,1411.72,1580.75,1917.375,Surged Relax Interventions 50%,Iraq,IRQ,2020-06-17,v3
2020-03-18,Rt,0.480510822693871,0.545338359629554,0.582988834302762,0.586275467995271,0.626147162740831,0.706436705747255,Surged Relax Interventions 50%,Iraq,IRQ,2020-06-17,v3
2020-03-19,cumulative_infections,12145.05,14749.5,16840.5,16950.445,18717,22852.325,Additional 50% Reduction,Iraq,IRQ,2020-06-17,v3
2020-03-19,deaths,1,1,2,2.125,3,5,Additional 50% Reduction,Iraq,IRQ,2020-06-17,v3
2020-03-19,hospital_demand,91.975,117,136,136.78,156,186.075,Additional 50% Reduction,Iraq,IRQ,2020-06-17,v3
2020-03-19,ICU_demand,18.975,27,33,33.045,38,51,Additional 50% Reduction,Iraq,IRQ,2020-06-17,v3
2020-03-19,infections,1025.05,1241.75,1430,1439.885,1601.75,2016.275,Additional 50% Reduction,Iraq,IRQ,2020-06-17,v3
2020-03-19,Rt,0.452640235033342,0.514179445832442,0.5449169025999,0.548694781726596,0.586197027712158,0.646757243379382,Additional 50% Reduction,Iraq,IRQ,2020-06-17,v3
2020-03-19,cumulative_infections,12145.05,14749.5,16840.5,16950.445,18717,22852.325,Maintain Status Quo,Iraq,IRQ,2020-06-17,v3
2020-03-19,deaths,1,1,2,2.125,3,5,Maintain Status Quo,Iraq,IRQ,2020-06-17,v3
2020-03-19,hospital_demand,91.975,117,136,136.78,156,186.075,Maintain Status Quo,Iraq,IRQ,2020-06-17,v3
2020-03-19,ICU_demand,18.975,27,33,33.045,38,51,Maintain Status Quo,Iraq,IRQ,2020-06-17,v3
2020-03-19,infections,1025.05,1241.75,1430,1439.885,1601.75,2016.275,Maintain Status Quo,Iraq,IRQ,2020-06-17,v3
2020-03-19,Rt,0.452640235033342,0.514179445832442,0.5449169025999,0.548694781726596,0.586197027712158,0.646757243379382,Maintain Status Quo,Iraq,IRQ,2020-06-17,v3
2020-03-19,cumulative_infections,12145.05,14749.5,16840.5,16950.445,18717,22852.325,Relax Interventions 50%,Iraq,IRQ,2020-06-17,v3
2020-03-19,deaths,1,1,2,2.125,3,5,Relax Interventions 50%,Iraq,IRQ,2020-06-17,v3
2020-03-19,hospital_demand,91.975,117,136,136.78,156,186.075,Relax Interventions 50%,Iraq,IRQ,2020-06-17,v3
2020-03-19,ICU_demand,18.975,27,33,33.045,38,51,Relax Interventions 50%,Iraq,IRQ,2020-06-17,v3
2020-03-19,infections,1025.05,1241.75,1430,1439.885,1601.75,2016.275,Relax Interventions 50%,Iraq,IRQ,2020-06-17,v3
2020-03-19,Rt,0.452640235033342,0.514179445832442,0.5449169025999,0.548694781726596,0.586197027712158,0.646757243379382,Relax Interventions 50%,Iraq,IRQ,2020-06-17,v3
2020-03-19,cumulative_infections,11446.3,14750.25,16948.5,16884.305,18987.25,22470.45,Surged Additional 50% Reduction,Iraq,IRQ,2020-06-17,v3
2020-03-19,deaths,1,1,1.5,1.805,2,4,Surged Additional 50% Reduction,Iraq,IRQ,2020-06-17,v3
2020-03-19,hospital_demand,87.95,119,134.5,135.88,151.25,189.075,Surged Additional 50% Reduction,Iraq,IRQ,2020-06-17,v3
2020-03-19,ICU_demand,18.975,27,32,32.515,37,47.025,Surged Additional 50% Reduction,Iraq,IRQ,2020-06-17,v3
2020-03-19,infections,969.6,1268.25,1425.5,1431.3,1571.75,1930.6,Surged Additional 50% Reduction,Iraq,IRQ,2020-06-17,v3
2020-03-19,Rt,0.444096573446608,0.508424844594346,0.545152383880095,0.548744701968566,0.588897634327399,0.667988249719941,Surged Additional 50% Reduction,Iraq,IRQ,2020-06-17,v3
2020-03-19,cumulative_infections,11446.3,14750.25,16948.5,16884.305,18987.25,22470.45,Surged Maintain Status Quo,Iraq,IRQ,2020-06-17,v3
2020-03-19,deaths,1,1,1.5,1.805,2,4,Surged Maintain Status Quo,Iraq,IRQ,2020-06-17,v3
2020-03-19,hospital_demand,87.95,119,134.5,135.88,151.25,189.075,Surged Maintain Status Quo,Iraq,IRQ,2020-06-17,v3
2020-03-19,ICU_demand,18.975,27,32,32.515,37,47.025,Surged Maintain Status Quo,Iraq,IRQ,2020-06-17,v3
2020-03-19,infections,969.6,1268.25,1425.5,1431.3,1571.75,1930.6,Surged Maintain Status Quo,Iraq,IRQ,2020-06-17,v3
2020-03-19,Rt,0.444096573446608,0.508424844594346,0.545152383880095,0.548744701968566,0.588897634327399,0.667988249719941,Surged Maintain Status Quo,Iraq,IRQ,2020-06-17,v3
2020-03-19,cumulative_infections,11446.3,14750.25,16948.5,16884.305,18987.25,22470.45,Surged Relax Interventions 50%,Iraq,IRQ,2020-06-17,v3
2020-03-19,deaths,1,1,1.5,1.805,2,4,Surged Relax Interventions 50%,Iraq,IRQ,2020-06-17,v3
2020-03-19,hospital_demand,87.95,119,134.5,135.88,151.25,189.075,Surged Relax Interventions 50%,Iraq,IRQ,2020-06-17,v3
2020-03-19,ICU_demand,18.975,27,32,32.515,37,47.025,Surged Relax Interventions 50%,Iraq,IRQ,2020-06-17,v3
2020-03-19,infections,969.6,1268.25,1425.5,1431.3,1571.75,1930.6,Surged Relax Interventions 50%,Iraq,IRQ,2020-06-17,v3
2020-03-19,Rt,0.444096573446608,0.508424844594346,0.545152383880095,0.548744701968566,0.588897634327399,0.667988249719941,Surged Relax Interventions 50%,Iraq,IRQ,2020-06-17,v3
2020-03-20,cumulative_infections,13073.75,15959.75,18223.5,18330.2,20227,24715.175,Additional 50% Reduction,Iraq,IRQ,2020-06-17,v3
2020-03-20,deaths,0,0,1,1.1,2,4,Additional 50% Reduction,Iraq,IRQ,2020-06-17,v3
2020-03-20,hospital_demand,101.95,129,150.5,150.585,170.25,209.1,Additional 50% Reduction,Iraq,IRQ,2020-06-17,v3
2020-03-20,ICU_demand,21,31,36,37.065,43.25,56,Additional 50% Reduction,Iraq,IRQ,2020-06-17,v3
2020-03-20,infections,971,1196,1371,1379.755,1540,1828.725,Additional 50% Reduction,Iraq,IRQ,2020-06-17,v3
2020-03-20,Rt,0.52827341635136,0.613124827314932,1.01233700212336,1.08198369337054,1.56169536243373,1.66763802046,Additional 50% Reduction,Iraq,IRQ,2020-06-17,v3
2020-03-20,cumulative_infections,13073.75,15959.75,18223.5,18330.2,20227,24715.175,Maintain Status Quo,Iraq,IRQ,2020-06-17,v3
2020-03-20,deaths,0,0,1,1.1,2,4,Maintain Status Quo,Iraq,IRQ,2020-06-17,v3
2020-03-20,hospital_demand,101.95,129,150.5,150.585,170.25,209.1,Maintain Status Quo,Iraq,IRQ,2020-06-17,v3
2020-03-20,ICU_demand,21,31,36,37.065,43.25,56,Maintain Status Quo,Iraq,IRQ,2020-06-17,v3
2020-03-20,infections,971,1196,1371,1379.755,1540,1828.725,Maintain Status Quo,Iraq,IRQ,2020-06-17,v3
2020-03-20,Rt,0.52827341635136,0.613124827314932,1.01233700212336,1.08198369337054,1.56169536243373,1.66763802046,Maintain Status Quo,Iraq,IRQ,2020-06-17,v3
2020-03-20,cumulative_infections,13073.75,15959.75,18223.5,18330.2,20227,24715.175,Relax Interventions 50%,Iraq,IRQ,2020-06-17,v3
2020-03-20,deaths,0,0,1,1.1,2,4,Relax Interventions 50%,Iraq,IRQ,2020-06-17,v3
2020-03-20,hospital_demand,101.95,129,150.5,150.585,170.25,209.1,Relax Interventions 50%,Iraq,IRQ,2020-06-17,v3
2020-03-20,ICU_demand,21,31,36,37.065,43.25,56,Relax Interventions 50%,Iraq,IRQ,2020-06-17,v3
2020-03-20,infections,971,1196,1371,1379.755,1540,1828.725,Relax Interventions 50%,Iraq,IRQ,2020-06-17,v3
2020-03-20,Rt,0.52827341635136,0.613124827314932,1.01233700212336,1.08198369337054,1.56169536243373,1.66763802046,Relax Interventions 50%,Iraq,IRQ,2020-06-17,v3
2020-03-20,cumulative_infections,12342.675,16067.5,18313.5,18252.34,20498.5,24250.05,Surged Additional 50% Reduction,Iraq,IRQ,2020-06-17,v3
2020-03-20,deaths,0,0,1,1.18,2,4,Surged Additional 50% Reduction,Iraq,IRQ,2020-06-17,v3
2020-03-20,hospital_demand,97.95,131.75,147,148.77,166,209.05,Surged Additional 50% Reduction,Iraq,IRQ,2020-06-17,v3
2020-03-20,ICU_demand,23.975,30.75,35.5,36.25,41,53.025,Surged Additional 50% Reduction,Iraq,IRQ,2020-06-17,v3
2020-03-20,infections,946.425,1197.75,1362,1368.035,1526,1803.075,Surged Additional 50% Reduction,Iraq,IRQ,2020-06-17,v3
2020-03-20,Rt,0.530706530286433,0.613762281951465,1.04384115472425,1.07874320643402,1.5471852065897,1.65882592372687,Surged Additional 50% Reduction,Iraq,IRQ,2020-06-17,v3
2020-03-20,cumulative_infections,12342.675,16067.5,18313.5,18252.34,20498.5,24250.05,Surged Maintain Status Quo,Iraq,IRQ,2020-06-17,v3
2020-03-20,deaths,0,0,1,1.18,2,4,Surged Maintain Status Quo,Iraq,IRQ,2020-06-17,v3
2020-03-20,hospital_demand,97.95,131.75,147,148.77,166,209.05,Surged Maintain Status Quo,Iraq,IRQ,2020-06-17,v3
2020-03-20,ICU_demand,23.975,30.75,35.5,36.25,41,53.025,Surged Maintain Status Quo,Iraq,IRQ,2020-06-17,v3
2020-03-20,infections,946.425,1197.75,1362,1368.035,1526,1803.075,Surged Maintain Status Quo,Iraq,IRQ,2020-06-17,v3
2020-03-20,Rt,0.530706530286433,0.613762281951465,1.04384115472425,1.07874320643402,1.5471852065897,1.65882592372687,Surged Maintain Status Quo,Iraq,IRQ,2020-06-17,v3
2020-03-20,cumulative_infections,12342.675,16067.5,18313.5,18252.34,20498.5,24250.05,Surged Relax Interventions 50%,Iraq,IRQ,2020-06-17,v3
2020-03-20,deaths,0,0,1,1.18,2,4,Surged Relax Interventions 50%,Iraq,IRQ,2020-06-17,v3
2020-03-20,hospital_demand,97.95,131.75,147,148.77,166,209.05,Surged Relax Interventions 50%,Iraq,IRQ,2020-06-17,v3
2020-03-20,ICU_demand,23.975,30.75,35.5,36.25,41,53.025,Surged Relax Interventions 50%,Iraq,IRQ,2020-06-17,v3
2020-03-20,infections,946.425,1197.75,1362,1368.035,1526,1803.075,Surged Relax Interventions 50%,Iraq,IRQ,2020-06-17,v3
2020-03-20,Rt,0.530706530286433,0.613762281951465,1.04384115472425,1.07874320643402,1.5471852065897,1.65882592372687,Surged Relax Interventions 50%,Iraq,IRQ,2020-06-17,v3
2020-03-21,cumulative_infections,13990.825,17037.75,19497.5,19608.545,21663,26511.725,Additional 50% Reduction,Iraq,IRQ,2020-06-17,v3
2020-03-21,deaths,1,2,2,2.53,3,5,Additional 50% Reduction,Iraq,IRQ,2020-06-17,v3
2020-03-21,hospital_demand,108.9,139,161,162.55,182.75,225.1,Additional 50% Reduction,Iraq,IRQ,2020-06-17,v3
2020-03-21,ICU_demand,24.975,34,40,40.055,45,58.05,Additional 50% Reduction,Iraq,IRQ,2020-06-17,v3
2020-03-21,infections,929.95,1119.75,1269,1278.345,1437.25,1721.775,Additional 50% Reduction,Iraq,IRQ,2020-06-17,v3
2020-03-21,Rt,0.378686756591032,0.438305015837975,0.468331132302184,0.472520120365937,0.51027834485848,0.569040905798225,Additional 50% Reduction,Iraq,IRQ,2020-06-17,v3
2020-03-21,cumulative_infections,13990.825,17037.75,19497.5,19608.545,21663,26511.725,Maintain Status Quo,Iraq,IRQ,2020-06-17,v3
2020-03-21,deaths,1,2,2,2.53,3,5,Maintain Status Quo,Iraq,IRQ,2020-06-17,v3
2020-03-21,hospital_demand,108.9,139,161,162.55,182.75,225.1,Maintain Status Quo,Iraq,IRQ,2020-06-17,v3
2020-03-21,ICU_demand,24.975,34,40,40.055,45,58.05,Maintain Status Quo,Iraq,IRQ,2020-06-17,v3
2020-03-21,infections,929.95,1119.75,1269,1278.345,1437.25,1721.775,Maintain Status Quo,Iraq,IRQ,2020-06-17,v3
2020-03-21,Rt,0.378686756591032,0.438305015837975,0.468331132302184,0.472520120365937,0.51027834485848,0.569040905798225,Maintain Status Quo,Iraq,IRQ,2020-06-17,v3
2020-03-21,cumulative_infections,13990.825,17037.75,19497.5,19608.545,21663,26511.725,Relax Interventions 50%,Iraq,IRQ,2020-06-17,v3
2020-03-21,deaths,1,2,2,2.53,3,5,Relax Interventions 50%,Iraq,IRQ,2020-06-17,v3
2020-03-21,hospital_demand,108.9,139,161,162.55,182.75,225.1,Relax Interventions 50%,Iraq,IRQ,2020-06-17,v3
2020-03-21,ICU_demand,24.975,34,40,40.055,45,58.05,Relax Interventions 50%,Iraq,IRQ,2020-06-17,v3
2020-03-21,infections,929.95,1119.75,1269,1278.345,1437.25,1721.775,Relax Interventions 50%,Iraq,IRQ,2020-06-17,v3
2020-03-21,Rt,0.378686756591032,0.438305015837975,0.468331132302184,0.472520120365937,0.51027834485848,0.569040905798225,Relax Interventions 50%,Iraq,IRQ,2020-06-17,v3
2020-03-21,cumulative_infections,13234.35,17198.25,19606.5,19524.395,21902,25913.725,Surged Additional 50% Reduction,Iraq,IRQ,2020-06-17,v3
2020-03-21,deaths,1,2,2,2.455,3,6,Surged Additional 50% Reduction,Iraq,IRQ,2020-06-17,v3
2020-03-21,hospital_demand,104.95,141,158,161.605,180,224,Surged Additional 50% Reduction,Iraq,IRQ,2020-06-17,v3
2020-03-21,ICU_demand,24.95,33,38,39.04,45,57.025,Surged Additional 50% Reduction,Iraq,IRQ,2020-06-17,v3
2020-03-21,infections,886.95,1137.5,1275,1272.055,1417.5,1673.65,Surged Additional 50% Reduction,Iraq,IRQ,2020-06-17,v3
2020-03-21,Rt,0.370603173728599,0.434118853734793,0.469072045234829,0.47256524311677,0.511345234545973,0.588493114870694,Surged Additional 50% Reduction,Iraq,IRQ,2020-06-17,v3
2020-03-21,cumulative_infections,13234.35,17198.25,19606.5,19524.395,21902,25913.725,Surged Maintain Status Quo,Iraq,IRQ,2020-06-17,v3
2020-03-21,deaths,1,2,2,2.455,3,6,Surged Maintain Status Quo,Iraq,IRQ,2020-06-17,v3
2020-03-21,hospital_demand,104.95,141,158,161.605,180,224,Surged Maintain Status Quo,Iraq,IRQ,2020-06-17,v3
2020-03-21,ICU_demand,24.95,33,38,39.04,45,57.025,Surged Maintain Status Quo,Iraq,IRQ,2020-06-17,v3
2020-03-21,infections,886.95,1137.5,1275,1272.055,1417.5,1673.65,Surged Maintain Status Quo,Iraq,IRQ,2020-06-17,v3
2020-03-21,Rt,0.370603173728599,0.434118853734793,0.469072045234829,0.47256524311677,0.511345234545973,0.588493114870694,Surged Maintain Status Quo,Iraq,IRQ,2020-06-17,v3
2020-03-21,cumulative_infections,13234.35,17198.25,19606.5,19524.395,21902,25913.725,Surged Relax Interventions 50%,Iraq,IRQ,2020-06-17,v3
2020-03-21,deaths,1,2,2,2.455,3,6,Surged Relax Interventions 50%,Iraq,IRQ,2020-06-17,v3
2020-03-21,hospital_demand,104.95,141,158,161.605,180,224,Surged Relax Interventions 50%,Iraq,IRQ,2020-06-17,v3
2020-03-21,ICU_demand,24.95,33,38,39.04,45,57.025,Surged Relax Interventions 50%,Iraq,IRQ,2020-06-17,v3
2020-03-21,infections,886.95,1137.5,1275,1272.055,1417.5,1673.65,Surged Relax Interventions 50%,Iraq,IRQ,2020-06-17,v3
2020-03-21,Rt,0.370603173728599,0.434118853734793,0.469072045234829,0.47256524311677,0.511345234545973,0.588493114870694,Surged Relax Interventions 50%,Iraq,IRQ,2020-06-17,v3
2020-03-22,cumulative_infections,14854,18055.75,20706,20785.8,23022.75,28091.65,Additional 50% Reduction,Iraq,IRQ,2020-06-17,v3
2020-03-22,deaths,1,2,3,2.78,3.25,6,Additional 50% Reduction,Iraq,IRQ,2020-06-17,v3
2020-03-22,hospital_demand,117,151.75,173.5,174.505,197,243.025,Additional 50% Reduction,Iraq,IRQ,2020-06-17,v3
2020-03-22,ICU_demand,27,36,42.5,43.285,49,61.05,Additional 50% Reduction,Iraq,IRQ,2020-06-17,v3
2020-03-22,infections,864.95,1022.5,1175.5,1177.255,1314,1557.225,Additional 50% Reduction,Iraq,IRQ,2020-06-17,v3
2020-03-22,Rt,0.375229967720424,0.434701808538248,0.46474596562999,0.468962892801692,0.506691565441178,0.565278731265901,Additional 50% Reduction,Iraq,IRQ,2020-06-17,v3
2020-03-22,cumulative_infections,14854,18055.75,20706,20785.8,23022.75,28091.65,Maintain Status Quo,Iraq,IRQ,2020-06-17,v3
2020-03-22,deaths,1,2,3,2.78,3.25,6,Maintain Status Quo,Iraq,IRQ,2020-06-17,v3
2020-03-22,hospital_demand,117,151.75,173.5,174.505,197,243.025,Maintain Status Quo,Iraq,IRQ,2020-06-17,v3
2020-03-22,ICU_demand,27,36,42.5,43.285,49,61.05,Maintain Status Quo,Iraq,IRQ,2020-06-17,v3
2020-03-22,infections,864.95,1022.5,1175.5,1177.255,1314,1557.225,Maintain Status Quo,Iraq,IRQ,2020-06-17,v3
2020-03-22,Rt,0.375229967720424,0.434701808538248,0.46474596562999,0.468962892801692,0.506691565441178,0.565278731265901,Maintain Status Quo,Iraq,IRQ,2020-06-17,v3
2020-03-22,cumulative_infections,14854,18055.75,20706,20785.8,23022.75,28091.65,Relax Interventions 50%,Iraq,IRQ,2020-06-17,v3
2020-03-22,deaths,1,2,3,2.78,3.25,6,Relax Interventions 50%,Iraq,IRQ,2020-06-17,v3
2020-03-22,hospital_demand,117,151.75,173.5,174.505,197,243.025,Relax Interventions 50%,Iraq,IRQ,2020-06-17,v3
2020-03-22,ICU_demand,27,36,42.5,43.285,49,61.05,Relax Interventions 50%,Iraq,IRQ,2020-06-17,v3
2020-03-22,infections,864.95,1022.5,1175.5,1177.255,1314,1557.225,Relax Interventions 50%,Iraq,IRQ,2020-06-17,v3
2020-03-22,Rt,0.375229967720424,0.434701808538248,0.46474596562999,0.468962892801692,0.506691565441178,0.565278731265901,Relax Interventions 50%,Iraq,IRQ,2020-06-17,v3
2020-03-22,cumulative_infections,14051.35,18190.25,20779.5,20694.86,23178.5,27486.1,Surged Additional 50% Reduction,Iraq,IRQ,2020-06-17,v3
2020-03-22,deaths,1,2,3,2.835,4,6,Surged Additional 50% Reduction,Iraq,IRQ,2020-06-17,v3
2020-03-22,hospital_demand,114.875,151.75,172,172.895,192.25,234.15,Surged Additional 50% Reduction,Iraq,IRQ,2020-06-17,v3
2020-03-22,ICU_demand,25.975,35.75,41,41.66,48,60.025,Surged Additional 50% Reduction,Iraq,IRQ,2020-06-17,v3
2020-03-22,infections,817.775,1046.75,1165.5,1170.465,1291.5,1573.025,Surged Additional 50% Reduction,Iraq,IRQ,2020-06-17,v3
2020-03-22,Rt,0.367270887581116,0.430674477837654,0.465552917422583,0.469008244810898,0.507609133200367,0.584729489166418,Surged Additional 50% Reduction,Iraq,IRQ,2020-06-17,v3
2020-03-22,cumulative_infections,14051.35,18190.25,20779.5,20694.86,23178.5,27486.1,Surged Maintain Status Quo,Iraq,IRQ,2020-06-17,v3
2020-03-22,deaths,1,2,3,2.835,4,6,Surged Maintain Status Quo,Iraq,IRQ,2020-06-17,v3
2020-03-22,hospital_demand,114.875,151.75,172,172.895,192.25,234.15,Surged Maintain Status Quo,Iraq,IRQ,2020-06-17,v3
2020-03-22,ICU_demand,25.975,35.75,41,41.66,48,60.025,Surged Maintain Status Quo,Iraq,IRQ,2020-06-17,v3
2020-03-22,infections,817.775,1046.75,1165.5,1170.465,1291.5,1573.025,Surged Maintain Status Quo,Iraq,IRQ,2020-06-17,v3
2020-03-22,Rt,0.367270887581116,0.430674477837654,0.465552917422583,0.469008244810898,0.507609133200367,0.584729489166418,Surged Maintain Status Quo,Iraq,IRQ,2020-06-17,v3
2020-03-22,cumulative_infections,14051.35,18190.25,20779.5,20694.86,23178.5,27486.1,Surged Relax Interventions 50%,Iraq,IRQ,2020-06-17,v3
2020-03-22,deaths,1,2,3,2.835,4,6,Surged Relax Interventions 50%,Iraq,IRQ,2020-06-17,v3
2020-03-22,hospital_demand,114.875,151.75,172,172.895,192.25,234.15,Surged Relax Interventions 50%,Iraq,IRQ,2020-06-17,v3
2020-03-22,ICU_demand,25.975,35.75,41,41.66,48,60.025,Surged Relax Interventions 50%,Iraq,IRQ,2020-06-17,v3
2020-03-22,infections,817.775,1046.75,1165.5,1170.465,1291.5,1573.025,Surged Relax Interventions 50%,Iraq,IRQ,2020-06-17,v3
2020-03-22,Rt,0.367270887581116,0.430674477837654,0.465552917422583,0.469008244810898,0.507609133200367,0.584729489166418,Surged Relax Interventions 50%,Iraq,IRQ,2020-06-17,v3
2020-03-23,cumulative_infections,15594.225,18994,21796,21854.195,24183.5,29476.9,Additional 50% Reduction,Iraq,IRQ,2020-06-17,v3
2020-03-23,deaths,1,2,3,3.09,4,6.02500000000001,Additional 50% Reduction,Iraq,IRQ,2020-06-17,v3
2020-03-23,hospital_demand,125.975,157.75,185,185.125,210.25,260.05,Additional 50% Reduction,Iraq,IRQ,2020-06-17,v3
2020-03-23,ICU_demand,28.975,38,45,45.865,52,66.05,Additional 50% Reduction,Iraq,IRQ,2020-06-17,v3
2020-03-23,infections,769.825,944.75,1065.5,1068.395,1178,1389.05,Additional 50% Reduction,Iraq,IRQ,2020-06-17,v3
2020-03-23,Rt,0.371801574248081,0.431164178906421,0.461184523933911,0.465428923911312,0.503117696308756,0.561537195622916,Additional 50% Reduction,Iraq,IRQ,2020-06-17,v3
2020-03-23,cumulative_infections,15594.225,18994,21796,21854.195,24183.5,29476.9,Maintain Status Quo,Iraq,IRQ,2020-06-17,v3
2020-03-23,deaths,1,2,3,3.09,4,6.02500000000001,Maintain Status Quo,Iraq,IRQ,2020-06-17,v3
2020-03-23,hospital_demand,125.975,157.75,185,185.125,210.25,260.05,Maintain Status Quo,Iraq,IRQ,2020-06-17,v3
2020-03-23,ICU_demand,28.975,38,45,45.865,52,66.05,Maintain Status Quo,Iraq,IRQ,2020-06-17,v3
2020-03-23,infections,769.825,944.75,1065.5,1068.395,1178,1389.05,Maintain Status Quo,Iraq,IRQ,2020-06-17,v3
2020-03-23,Rt,0.371801574248081,0.431164178906421,0.461184523933911,0.465428923911312,0.503117696308756,0.561537195622916,Maintain Status Quo,Iraq,IRQ,2020-06-17,v3
2020-03-23,cumulative_infections,15594.225,18994,21796,21854.195,24183.5,29476.9,Relax Interventions 50%,Iraq,IRQ,2020-06-17,v3
2020-03-23,deaths,1,2,3,3.09,4,6.02500000000001,Relax Interventions 50%,Iraq,IRQ,2020-06-17,v3
2020-03-23,hospital_demand,125.975,157.75,185,185.125,210.25,260.05,Relax Interventions 50%,Iraq,IRQ,2020-06-17,v3
2020-03-23,ICU_demand,28.975,38,45,45.865,52,66.05,Relax Interventions 50%,Iraq,IRQ,2020-06-17,v3
2020-03-23,infections,769.825,944.75,1065.5,1068.395,1178,1389.05,Relax Interventions 50%,Iraq,IRQ,2020-06-17,v3
2020-03-23,Rt,0.371801574248081,0.431164178906421,0.461184523933911,0.465428923911312,0.503117696308756,0.561537195622916,Relax Interventions 50%,Iraq,IRQ,2020-06-17,v3
2020-03-23,cumulative_infections,14773,19158.5,21870,21756.345,24337,28896.45,Surged Additional 50% Reduction,Iraq,IRQ,2020-06-17,v3
2020-03-23,deaths,1,2,3,3.01,4,6,Surged Additional 50% Reduction,Iraq,IRQ,2020-06-17,v3
2020-03-23,hospital_demand,125.75,161,178,182.225,202,250.025,Surged Additional 50% Reduction,Iraq,IRQ,2020-06-17,v3
2020-03-23,ICU_demand,27,37,44,44.21,50.25,65,Surged Additional 50% Reduction,Iraq,IRQ,2020-06-17,v3
2020-03-23,infections,747,953.75,1060.5,1061.485,1167,1403.25,Surged Additional 50% Reduction,Iraq,IRQ,2020-06-17,v3
2020-03-23,Rt,0.363965476406206,0.427253913999673,0.462056471214309,0.465474542983509,0.503896325243484,0.580985639635597,Surged Additional 50% Reduction,Iraq,IRQ,2020-06-17,v3
2020-03-23,cumulative_infections,14773,19158.5,21870,21756.345,24337,28896.45,Surged Maintain Status Quo,Iraq,IRQ,2020-06-17,v3
2020-03-23,deaths,1,2,3,3.01,4,6,Surged Maintain Status Quo,Iraq,IRQ,2020-06-17,v3
2020-03-23,hospital_demand,125.75,161,178,182.225,202,250.025,Surged Maintain Status Quo,Iraq,IRQ,2020-06-17,v3
2020-03-23,ICU_demand,27,37,44,44.21,50.25,65,Surged Maintain Status Quo,Iraq,IRQ,2020-06-17,v3
2020-03-23,infections,747,953.75,1060.5,1061.485,1167,1403.25,Surged Maintain Status Quo,Iraq,IRQ,2020-06-17,v3
2020-03-23,Rt,0.363965476406206,0.427253913999673,0.462056471214309,0.465474542983509,0.503896325243484,0.580985639635597,Surged Maintain Status Quo,Iraq,IRQ,2020-06-17,v3
2020-03-23,cumulative_infections,14773,19158.5,21870,21756.345,24337,28896.45,Surged Relax Interventions 50%,Iraq,IRQ,2020-06-17,v3
2020-03-23,deaths,1,2,3,3.01,4,6,Surged Relax Interventions 50%,Iraq,IRQ,2020-06-17,v3
2020-03-23,hospital_demand,125.75,161,178,182.225,202,250.025,Surged Relax Interventions 50%,Iraq,IRQ,2020-06-17,v3
2020-03-23,ICU_demand,27,37,44,44.21,50.25,65,Surged Relax Interventions 50%,Iraq,IRQ,2020-06-17,v3
2020-03-23,infections,747,953.75,1060.5,1061.485,1167,1403.25,Surged Relax Interventions 50%,Iraq,IRQ,2020-06-17,v3
2020-03-23,Rt,0.363965476406206,0.427253913999673,0.462056471214309,0.465474542983509,0.503896325243484,0.580985639635597,Surged Relax Interventions 50%,Iraq,IRQ,2020-06-17,v3
2020-03-24,cumulative_infections,16266.55,19873.75,22710,22813.665,25200.75,30739.775,Additional 50% Reduction,Iraq,IRQ,2020-06-17,v3
2020-03-24,deaths,1,2,3,3.535,4,7,Additional 50% Reduction,Iraq,IRQ,2020-06-17,v3
2020-03-24,hospital_demand,132,164,192,193.02,220.25,266,Additional 50% Reduction,Iraq,IRQ,2020-06-17,v3
2020-03-24,ICU_demand,29.975,39.75,47,47.235,53.25,68.025,Additional 50% Reduction,Iraq,IRQ,2020-06-17,v3
2020-03-24,infections,702.725,843,962,959.47,1072,1228.625,Additional 50% Reduction,Iraq,IRQ,2020-06-17,v3
2020-03-24,Rt,0.371801574248081,0.431164178906421,0.461184523933911,0.465428923911312,0.503117696308756,0.561537195622916,Additional 50% Reduction,Iraq,IRQ,2020-06-17,v3
2020-03-24,cumulative_infections,16266.55,19873.75,22710,22813.665,25200.75,30739.775,Maintain Status Quo,Iraq,IRQ,2020-06-17,v3
2020-03-24,deaths,1,2,3,3.535,4,7,Maintain Status Quo,Iraq,IRQ,2020-06-17,v3
2020-03-24,hospital_demand,132,164,192,193.02,220.25,266,Maintain Status Quo,Iraq,IRQ,2020-06-17,v3
2020-03-24,ICU_demand,29.975,39.75,47,47.235,53.25,68.025,Maintain Status Quo,Iraq,IRQ,2020-06-17,v3
2020-03-24,infections,702.725,843,962,959.47,1072,1228.625,Maintain Status Quo,Iraq,IRQ,2020-06-17,v3
2020-03-24,Rt,0.371801574248081,0.431164178906421,0.461184523933911,0.465428923911312,0.503117696308756,0.561537195622916,Maintain Status Quo,Iraq,IRQ,2020-06-17,v3
2020-03-24,cumulative_infections,16266.55,19873.75,22710,22813.665,25200.75,30739.775,Relax Interventions 50%,Iraq,IRQ,2020-06-17,v3
2020-03-24,deaths,1,2,3,3.535,4,7,Relax Interventions 50%,Iraq,IRQ,2020-06-17,v3
2020-03-24,hospital_demand,132,164,192,193.02,220.25,266,Relax Interventions 50%,Iraq,IRQ,2020-06-17,v3
2020-03-24,ICU_demand,29.975,39.75,47,47.235,53.25,68.025,Relax Interventions 50%,Iraq,IRQ,2020-06-17,v3
2020-03-24,infections,702.725,843,962,959.47,1072,1228.625,Relax Interventions 50%,Iraq,IRQ,2020-06-17,v3
2020-03-24,Rt,0.371801574248081,0.431164178906421,0.461184523933911,0.465428923911312,0.503117696308756,0.561537195622916,Relax Interventions 50%,Iraq,IRQ,2020-06-17,v3
2020-03-24,cumulative_infections,15457.1,20024,22881.5,22711.14,25423.5,30167.225,Surged Additional 50% Reduction,Iraq,IRQ,2020-06-17,v3
2020-03-24,deaths,1,2,3,3.1,4,7,Surged Additional 50% Reduction,Iraq,IRQ,2020-06-17,v3
2020-03-24,hospital_demand,128.975,165,190,190.36,214.25,268.05,Surged Additional 50% Reduction,Iraq,IRQ,2020-06-17,v3
2020-03-24,ICU_demand,27.975,38,46,46.17,53,67.075,Surged Additional 50% Reduction,Iraq,IRQ,2020-06-17,v3
2020-03-24,infections,682.875,851.75,952.5,954.795,1044.75,1267.15,Surged Additional 50% Reduction,Iraq,IRQ,2020-06-17,v3
2020-03-24,Rt,0.363965476406206,0.427253913999673,0.462056471214309,0.465474542983509,0.503896325243484,0.580985639635597,Surged Additional 50% Reduction,Iraq,IRQ,2020-06-17,v3
2020-03-24,cumulative_infections,15457.1,20024,22881.5,22711.14,25423.5,30167.225,Surged Maintain Status Quo,Iraq,IRQ,2020-06-17,v3
2020-03-24,deaths,1,2,3,3.1,4,7,Surged Maintain Status Quo,Iraq,IRQ,2020-06-17,v3
2020-03-24,hospital_demand,128.975,165,190,190.36,214.25,268.05,Surged Maintain Status Quo,Iraq,IRQ,2020-06-17,v3
2020-03-24,ICU_demand,27.975,38,46,46.17,53,67.075,Surged Maintain Status Quo,Iraq,IRQ,2020-06-17,v3
2020-03-24,infections,682.875,851.75,952.5,954.795,1044.75,1267.15,Surged Maintain Status Quo,Iraq,IRQ,2020-06-17,v3
2020-03-24,Rt,0.363965476406206,0.427253913999673,0.462056471214309,0.465474542983509,0.503896325243484,0.580985639635597,Surged Maintain Status Quo,Iraq,IRQ,2020-06-17,v3
2020-03-24,cumulative_infections,15457.1,20024,22881.5,22711.14,25423.5,30167.225,Surged Relax Interventions 50%,Iraq,IRQ,2020-06-17,v3
2020-03-24,deaths,1,2,3,3.1,4,7,Surged Relax Interventions 50%,Iraq,IRQ,2020-06-17,v3
2020-03-24,hospital_demand,128.975,165,190,190.36,214.25,268.05,Surged Relax Interventions 50%,Iraq,IRQ,2020-06-17,v3
2020-03-24,ICU_demand,27.975,38,46,46.17,53,67.075,Surged Relax Interventions 50%,Iraq,IRQ,2020-06-17,v3
2020-03-24,infections,682.875,851.75,952.5,954.795,1044.75,1267.15,Surged Relax Interventions 50%,Iraq,IRQ,2020-06-17,v3
2020-03-24,Rt,0.363965476406206,0.427253913999673,0.462056471214309,0.465474542983509,0.503896325243484,0.580985639635597,Surged Relax Interventions 50%,Iraq,IRQ,2020-06-17,v3
2020-03-25,cumulative_infections,16908.35,20630.75,23508.5,23675.64,26208.75,31814.95,Additional 50% Reduction,Iraq,IRQ,2020-06-17,v3
2020-03-25,deaths,1,3,3,3.56,4,7,Additional 50% Reduction,Iraq,IRQ,2020-06-17,v3
2020-03-25,hospital_demand,137,171,198,199.12,226.75,279.025,Additional 50% Reduction,Iraq,IRQ,2020-06-17,v3
2020-03-25,ICU_demand,30,40,48,48.16,55,70.05,Additional 50% Reduction,Iraq,IRQ,2020-06-17,v3
2020-03-25,infections,631.975,758.5,856.5,861.975,951.5,1118.075,Additional 50% Reduction,Iraq,IRQ,2020-06-17,v3
2020-03-25,Rt,0.371801574248081,0.431164178906421,0.461184523933911,0.465428923911312,0.503117696308756,0.561537195622916,Additional 50% Reduction,Iraq,IRQ,2020-06-17,v3
2020-03-25,cumulative_infections,16908.35,20630.75,23508.5,23675.64,26208.75,31814.95,Maintain Status Quo,Iraq,IRQ,2020-06-17,v3
2020-03-25,deaths,1,3,3,3.56,4,7,Maintain Status Quo,Iraq,IRQ,2020-06-17,v3
2020-03-25,hospital_demand,137,171,198,199.12,226.75,279.025,Maintain Status Quo,Iraq,IRQ,2020-06-17,v3
2020-03-25,ICU_demand,30,40,48,48.16,55,70.05,Maintain Status Quo,Iraq,IRQ,2020-06-17,v3
2020-03-25,infections,631.975,758.5,856.5,861.975,951.5,1118.075,Maintain Status Quo,Iraq,IRQ,2020-06-17,v3
2020-03-25,Rt,0.371801574248081,0.431164178906421,0.461184523933911,0.465428923911312,0.503117696308756,0.561537195622916,Maintain Status Quo,Iraq,IRQ,2020-06-17,v3
2020-03-25,cumulative_infections,16908.35,20630.75,23508.5,23675.64,26208.75,31814.95,Relax Interventions 50%,Iraq,IRQ,2020-06-17,v3
2020-03-25,deaths,1,3,3,3.56,4,7,Relax Interventions 50%,Iraq,IRQ,2020-06-17,v3
2020-03-25,hospital_demand,137,171,198,199.12,226.75,279.025,Relax Interventions 50%,Iraq,IRQ,2020-06-17,v3
2020-03-25,ICU_demand,30,40,48,48.16,55,70.05,Relax Interventions 50%,Iraq,IRQ,2020-06-17,v3
2020-03-25,infections,631.975,758.5,856.5,861.975,951.5,1118.075,Relax Interventions 50%,Iraq,IRQ,2020-06-17,v3
2020-03-25,Rt,0.371801574248081,0.431164178906421,0.461184523933911,0.465428923911312,0.503117696308756,0.561537195622916,Relax Interventions 50%,Iraq,IRQ,2020-06-17,v3
2020-03-25,cumulative_infections,16088.05,20800.25,23770.5,23566.63,26334.5,31274.125,Surged Additional 50% Reduction,Iraq,IRQ,2020-06-17,v3
2020-03-25,deaths,1,2,3,3.66,5,8.02500000000001,Surged Additional 50% Reduction,Iraq,IRQ,2020-06-17,v3
2020-03-25,hospital_demand,135.875,171.75,196.5,197.48,219,270.15,Surged Additional 50% Reduction,Iraq,IRQ,2020-06-17,v3
2020-03-25,ICU_demand,26,40,46,47.29,55,68.05,Surged Additional 50% Reduction,Iraq,IRQ,2020-06-17,v3
2020-03-25,infections,625.9,756.75,853.5,855.49,950.25,1117.025,Surged Additional 50% Reduction,Iraq,IRQ,2020-06-17,v3
2020-03-25,Rt,0.363965476406206,0.427253913999673,0.462056471214309,0.465474542983509,0.503896325243484,0.580985639635597,Surged Additional 50% Reduction,Iraq,IRQ,2020-06-17,v3
2020-03-25,cumulative_infections,16088.05,20800.25,23770.5,23566.63,26334.5,31274.125,Surged Maintain Status Quo,Iraq,IRQ,2020-06-17,v3
2020-03-25,deaths,1,2,3,3.66,5,8.02500000000001,Surged Maintain Status Quo,Iraq,IRQ,2020-06-17,v3
2020-03-25,hospital_demand,135.875,171.75,196.5,197.48,219,270.15,Surged Maintain Status Quo,Iraq,IRQ,2020-06-17,v3
2020-03-25,ICU_demand,26,40,46,47.29,55,68.05,Surged Maintain Status Quo,Iraq,IRQ,2020-06-17,v3
2020-03-25,infections,625.9,756.75,853.5,855.49,950.25,1117.025,Surged Maintain Status Quo,Iraq,IRQ,2020-06-17,v3
2020-03-25,Rt,0.363965476406206,0.427253913999673,0.462056471214309,0.465474542983509,0.503896325243484,0.580985639635597,Surged Maintain Status Quo,Iraq,IRQ,2020-06-17,v3
2020-03-25,cumulative_infections,16088.05,20800.25,23770.5,23566.63,26334.5,31274.125,Surged Relax Interventions 50%,Iraq,IRQ,2020-06-17,v3
2020-03-25,deaths,1,2,3,3.66,5,8.02500000000001,Surged Relax Interventions 50%,Iraq,IRQ,2020-06-17,v3
2020-03-25,hospital_demand,135.875,171.75,196.5,197.48,219,270.15,Surged Relax Interventions 50%,Iraq,IRQ,2020-06-17,v3
2020-03-25,ICU_demand,26,40,46,47.29,55,68.05,Surged Relax Interventions 50%,Iraq,IRQ,2020-06-17,v3
2020-03-25,infections,625.9,756.75,853.5,855.49,950.25,1117.025,Surged Relax Interventions 50%,Iraq,IRQ,2020-06-17,v3
2020-03-25,Rt,0.363965476406206,0.427253913999673,0.462056471214309,0.465474542983509,0.503896325243484,0.580985639635597,Surged Relax Interventions 50%,Iraq,IRQ,2020-06-17,v3
2020-03-26,cumulative_infections,17570.575,21343.75,24199,24451.5,27091.25,32718.875,Additional 50% Reduction,Iraq,IRQ,2020-06-17,v3
2020-03-26,deaths,1,2,3,2.995,4,7,Additional 50% Reduction,Iraq,IRQ,2020-06-17,v3
2020-03-26,hospital_demand,134.95,174,200.5,202.575,230,281.05,Additional 50% Reduction,Iraq,IRQ,2020-06-17,v3
2020-03-26,ICU_demand,31.975,43,49,49.54,57,71.025,Additional 50% Reduction,Iraq,IRQ,2020-06-17,v3
2020-03-26,infections,562.925,692.75,766,775.86,865.5,1002.15,Additional 50% Reduction,Iraq,IRQ,2020-06-17,v3
2020-03-26,Rt,0.358368440898793,0.417345182052659,0.44738986635517,0.451523674327363,0.489034751955748,0.546776287935437,Additional 50% Reduction,Iraq,IRQ,2020-06-17,v3
2020-03-26,cumulative_infections,17570.575,21343.75,24199,24451.5,27091.25,32718.875,Maintain Status Quo,Iraq,IRQ,2020-06-17,v3
2020-03-26,deaths,1,2,3,2.995,4,7,Maintain Status Quo,Iraq,IRQ,2020-06-17,v3
2020-03-26,hospital_demand,134.95,174,200.5,202.575,230,281.05,Maintain Status Quo,Iraq,IRQ,2020-06-17,v3
2020-03-26,ICU_demand,31.975,43,49,49.54,57,71.025,Maintain Status Quo,Iraq,IRQ,2020-06-17,v3
2020-03-26,infections,562.925,692.75,766,775.86,865.5,1002.15,Maintain Status Quo,Iraq,IRQ,2020-06-17,v3
2020-03-26,Rt,0.358368440898793,0.417345182052659,0.44738986635517,0.451523674327363,0.489034751955748,0.546776287935437,Maintain Status Quo,Iraq,IRQ,2020-06-17,v3
2020-03-26,cumulative_infections,17570.575,21343.75,24199,24451.5,27091.25,32718.875,Relax Interventions 50%,Iraq,IRQ,2020-06-17,v3
2020-03-26,deaths,1,2,3,2.995,4,7,Relax Interventions 50%,Iraq,IRQ,2020-06-17,v3
2020-03-26,hospital_demand,134.95,174,200.5,202.575,230,281.05,Relax Interventions 50%,Iraq,IRQ,2020-06-17,v3
2020-03-26,ICU_demand,31.975,43,49,49.54,57,71.025,Relax Interventions 50%,Iraq,IRQ,2020-06-17,v3
2020-03-26,infections,562.925,692.75,766,775.86,865.5,1002.15,Relax Interventions 50%,Iraq,IRQ,2020-06-17,v3
2020-03-26,Rt,0.358368440898793,0.417345182052659,0.44738986635517,0.451523674327363,0.489034751955748,0.546776287935437,Relax Interventions 50%,Iraq,IRQ,2020-06-17,v3
2020-03-26,cumulative_infections,16632.975,21521.25,24527,24339.715,27178.75,32334.425,Surged Additional 50% Reduction,Iraq,IRQ,2020-06-17,v3
2020-03-26,deaths,1,2,3,3.04,4,6,Surged Additional 50% Reduction,Iraq,IRQ,2020-06-17,v3
2020-03-26,hospital_demand,138.925,175.75,203,201.715,228,278.075,Surged Additional 50% Reduction,Iraq,IRQ,2020-06-17,v3
2020-03-26,ICU_demand,29.975,41,47,48.37,55.25,72.025,Surged Additional 50% Reduction,Iraq,IRQ,2020-06-17,v3
2020-03-26,infections,551.8,682,769.5,773.085,849,1006.325,Surged Additional 50% Reduction,Iraq,IRQ,2020-06-17,v3
2020-03-26,Rt,0.351009354065044,0.413807595251166,0.448295686535,0.451570722152817,0.489276284388198,0.566207013849614,Surged Additional 50% Reduction,Iraq,IRQ,2020-06-17,v3
2020-03-26,cumulative_infections,16632.975,21521.25,24527,24339.715,27178.75,32334.425,Surged Maintain Status Quo,Iraq,IRQ,2020-06-17,v3
2020-03-26,deaths,1,2,3,3.04,4,6,Surged Maintain Status Quo,Iraq,IRQ,2020-06-17,v3
2020-03-26,hospital_demand,138.925,175.75,203,201.715,228,278.075,Surged Maintain Status Quo,Iraq,IRQ,2020-06-17,v3
2020-03-26,ICU_demand,29.975,41,47,48.37,55.25,72.025,Surged Maintain Status Quo,Iraq,IRQ,2020-06-17,v3
2020-03-26,infections,551.8,682,769.5,773.085,849,1006.325,Surged Maintain Status Quo,Iraq,IRQ,2020-06-17,v3
2020-03-26,Rt,0.351009354065044,0.413807595251166,0.448295686535,0.451570722152817,0.489276284388198,0.566207013849614,Surged Maintain Status Quo,Iraq,IRQ,2020-06-17,v3
2020-03-26,cumulative_infections,16632.975,21521.25,24527,24339.715,27178.75,32334.425,Surged Relax Interventions 50%,Iraq,IRQ,2020-06-17,v3
2020-03-26,deaths,1,2,3,3.04,4,6,Surged Relax Interventions 50%,Iraq,IRQ,2020-06-17,v3
2020-03-26,hospital_demand,138.925,175.75,203,201.715,228,278.075,Surged Relax Interventions 50%,Iraq,IRQ,2020-06-17,v3
2020-03-26,ICU_demand,29.975,41,47,48.37,55.25,72.025,Surged Relax Interventions 50%,Iraq,IRQ,2020-06-17,v3
2020-03-26,infections,551.8,682,769.5,773.085,849,1006.325,Surged Relax Interventions 50%,Iraq,IRQ,2020-06-17,v3
2020-03-26,Rt,0.351009354065044,0.413807595251166,0.448295686535,0.451570722152817,0.489276284388198,0.566207013849614,Surged Relax Interventions 50%,Iraq,IRQ,2020-06-17,v3
2020-03-27,cumulative_infections,18198.7,22008,24874,25150.21,28002,33464.975,Additional 50% Reduction,Iraq,IRQ,2020-06-17,v3
2020-03-27,deaths,2,3,4,4.34,5,9,Additional 50% Reduction,Iraq,IRQ,2020-06-17,v3
2020-03-27,hospital_demand,136.95,175.75,202,203.975,230.25,275.15,Additional 50% Reduction,Iraq,IRQ,2020-06-17,v3
2020-03-27,ICU_demand,29,43,49,49.2,55,72,Additional 50% Reduction,Iraq,IRQ,2020-06-17,v3
2020-03-27,infections,508.95,624,695,698.71,773,886.55,Additional 50% Reduction,Iraq,IRQ,2020-06-17,v3
2020-03-27,Rt,0.4448766467906,0.506222101842689,0.536802644275128,0.540635715501218,0.578210299175222,0.638824475744705,Additional 50% Reduction,Iraq,IRQ,2020-06-17,v3
2020-03-27,cumulative_infections,18198.7,22008,24874,25150.21,28002,33464.975,Maintain Status Quo,Iraq,IRQ,2020-06-17,v3
2020-03-27,deaths,2,3,4,4.34,5,9,Maintain Status Quo,Iraq,IRQ,2020-06-17,v3
2020-03-27,hospital_demand,136.95,175.75,202,203.975,230.25,275.15,Maintain Status Quo,Iraq,IRQ,2020-06-17,v3
2020-03-27,ICU_demand,29,43,49,49.2,55,72,Maintain Status Quo,Iraq,IRQ,2020-06-17,v3
2020-03-27,infections,508.95,624,695,698.71,773,886.55,Maintain Status Quo,Iraq,IRQ,2020-06-17,v3
2020-03-27,Rt,0.4448766467906,0.506222101842689,0.536802644275128,0.540635715501218,0.578210299175222,0.638824475744705,Maintain Status Quo,Iraq,IRQ,2020-06-17,v3
2020-03-27,cumulative_infections,18198.7,22008,24874,25150.21,28002,33464.975,Relax Interventions 50%,Iraq,IRQ,2020-06-17,v3
2020-03-27,deaths,2,3,4,4.34,5,9,Relax Interventions 50%,Iraq,IRQ,2020-06-17,v3
2020-03-27,hospital_demand,136.95,175.75,202,203.975,230.25,275.15,Relax Interventions 50%,Iraq,IRQ,2020-06-17,v3
2020-03-27,ICU_demand,29,43,49,49.2,55,72,Relax Interventions 50%,Iraq,IRQ,2020-06-17,v3
2020-03-27,infections,508.95,624,695,698.71,773,886.55,Relax Interventions 50%,Iraq,IRQ,2020-06-17,v3
2020-03-27,Rt,0.4448766467906,0.506222101842689,0.536802644275128,0.540635715501218,0.578210299175222,0.638824475744705,Relax Interventions 50%,Iraq,IRQ,2020-06-17,v3
2020-03-27,cumulative_infections,17174.6,22145.25,25231,25038.65,27887,33300.15,Surged Additional 50% Reduction,Iraq,IRQ,2020-06-17,v3
2020-03-27,deaths,2,3,4,4.63,6,8.02500000000001,Surged Additional 50% Reduction,Iraq,IRQ,2020-06-17,v3
2020-03-27,hospital_demand,137.9,177,204,203.305,227.25,279.175,Surged Additional 50% Reduction,Iraq,IRQ,2020-06-17,v3
2020-03-27,ICU_demand,29,41,48,48.13,54,72.05,Surged Additional 50% Reduction,Iraq,IRQ,2020-06-17,v3
2020-03-27,infections,508.975,621.75,700,698.935,771.25,883.425,Surged Additional 50% Reduction,Iraq,IRQ,2020-06-17,v3
2020-03-27,Rt,0.436338020348535,0.500515877718858,0.537027897327832,0.540684239766348,0.580868766689413,0.659672046949063,Surged Additional 50% Reduction,Iraq,IRQ,2020-06-17,v3
2020-03-27,cumulative_infections,17174.6,22145.25,25231,25038.65,27887,33300.15,Surged Maintain Status Quo,Iraq,IRQ,2020-06-17,v3
2020-03-27,deaths,2,3,4,4.63,6,8.02500000000001,Surged Maintain Status Quo,Iraq,IRQ,2020-06-17,v3
2020-03-27,hospital_demand,137.9,177,204,203.305,227.25,279.175,Surged Maintain Status Quo,Iraq,IRQ,2020-06-17,v3
2020-03-27,ICU_demand,29,41,48,48.13,54,72.05,Surged Maintain Status Quo,Iraq,IRQ,2020-06-17,v3
2020-03-27,infections,508.975,621.75,700,698.935,771.25,883.425,Surged Maintain Status Quo,Iraq,IRQ,2020-06-17,v3
2020-03-27,Rt,0.436338020348535,0.500515877718858,0.537027897327832,0.540684239766348,0.580868766689413,0.659672046949063,Surged Maintain Status Quo,Iraq,IRQ,2020-06-17,v3
2020-03-27,cumulative_infections,17174.6,22145.25,25231,25038.65,27887,33300.15,Surged Relax Interventions 50%,Iraq,IRQ,2020-06-17,v3
2020-03-27,deaths,2,3,4,4.63,6,8.02500000000001,Surged Relax Interventions 50%,Iraq,IRQ,2020-06-17,v3
2020-03-27,hospital_demand,137.9,177,204,203.305,227.25,279.175,Surged Relax Interventions 50%,Iraq,IRQ,2020-06-17,v3
2020-03-27,ICU_demand,29,41,48,48.13,54,72.05,Surged Relax Interventions 50%,Iraq,IRQ,2020-06-17,v3
2020-03-27,infections,508.975,621.75,700,698.935,771.25,883.425,Surged Relax Interventions 50%,Iraq,IRQ,2020-06-17,v3
2020-03-27,Rt,0.436338020348535,0.500515877718858,0.537027897327832,0.540684239766348,0.580868766689413,0.659672046949063,Surged Relax Interventions 50%,Iraq,IRQ,2020-06-17,v3
2020-03-28,cumulative_infections,18683.85,22628,25442,25784.275,28747.5,34184.825,Additional 50% Reduction,Iraq,IRQ,2020-06-17,v3
2020-03-28,deaths,2,2,3,3.86,5,8,Additional 50% Reduction,Iraq,IRQ,2020-06-17,v3
2020-03-28,hospital_demand,138.95,176,201.5,204.025,232,281.225,Additional 50% Reduction,Iraq,IRQ,2020-06-17,v3
2020-03-28,ICU_demand,27.95,43,49,49.19,55.25,71.025,Additional 50% Reduction,Iraq,IRQ,2020-06-17,v3
2020-03-28,infections,469.825,561.75,622.5,634.065,705.25,812.8,Additional 50% Reduction,Iraq,IRQ,2020-06-17,v3
2020-03-28,Rt,0.382172116559004,0.441961355737756,0.471940123413328,0.476100703849995,0.513869222766823,0.572823775846298,Additional 50% Reduction,Iraq,IRQ,2020-06-17,v3
2020-03-28,cumulative_infections,18683.85,22628,25442,25784.275,28747.5,34184.825,Maintain Status Quo,Iraq,IRQ,2020-06-17,v3
2020-03-28,deaths,2,2,3,3.86,5,8,Maintain Status Quo,Iraq,IRQ,2020-06-17,v3
2020-03-28,hospital_demand,138.95,176,201.5,204.025,232,281.225,Maintain Status Quo,Iraq,IRQ,2020-06-17,v3
2020-03-28,ICU_demand,27.95,43,49,49.19,55.25,71.025,Maintain Status Quo,Iraq,IRQ,2020-06-17,v3
2020-03-28,infections,469.825,561.75,622.5,634.065,705.25,812.8,Maintain Status Quo,Iraq,IRQ,2020-06-17,v3
2020-03-28,Rt,0.382172116559004,0.441961355737756,0.471940123413328,0.476100703849995,0.513869222766823,0.572823775846298,Maintain Status Quo,Iraq,IRQ,2020-06-17,v3
2020-03-28,cumulative_infections,18683.85,22628,25442,25784.275,28747.5,34184.825,Relax Interventions 50%,Iraq,IRQ,2020-06-17,v3
2020-03-28,deaths,2,2,3,3.86,5,8,Relax Interventions 50%,Iraq,IRQ,2020-06-17,v3
2020-03-28,hospital_demand,138.95,176,201.5,204.025,232,281.225,Relax Interventions 50%,Iraq,IRQ,2020-06-17,v3
2020-03-28,ICU_demand,27.95,43,49,49.19,55.25,71.025,Relax Interventions 50%,Iraq,IRQ,2020-06-17,v3
2020-03-28,infections,469.825,561.75,622.5,634.065,705.25,812.8,Relax Interventions 50%,Iraq,IRQ,2020-06-17,v3
2020-03-28,Rt,0.382172116559004,0.441961355737756,0.471940123413328,0.476100703849995,0.513869222766823,0.572823775846298,Relax Interventions 50%,Iraq,IRQ,2020-06-17,v3
2020-03-28,cumulative_infections,17611.15,22692,25816,25670.75,28537,34181.3,Surged Additional 50% Reduction,Iraq,IRQ,2020-06-17,v3
2020-03-28,deaths,1,3,4,3.81,5,7,Surged Additional 50% Reduction,Iraq,IRQ,2020-06-17,v3
2020-03-28,hospital_demand,138,177,203,203.145,228,274.1,Surged Additional 50% Reduction,Iraq,IRQ,2020-06-17,v3
2020-03-28,ICU_demand,27.975,41,48,48.33,54,69.075,Surged Additional 50% Reduction,Iraq,IRQ,2020-06-17,v3
2020-03-28,infections,453.95,561.75,633.5,632.1,691.25,824.325,Surged Additional 50% Reduction,Iraq,IRQ,2020-06-17,v3
2020-03-28,Rt,0.37399119616757,0.437587150171314,0.47261394456484,0.476145636040821,0.515104715443368,0.592276565144054,Surged Additional 50% Reduction,Iraq,IRQ,2020-06-17,v3
2020-03-28,cumulative_infections,17611.15,22692,25816,25670.75,28537,34181.3,Surged Maintain Status Quo,Iraq,IRQ,2020-06-17,v3
2020-03-28,deaths,1,3,4,3.81,5,7,Surged Maintain Status Quo,Iraq,IRQ,2020-06-17,v3
2020-03-28,hospital_demand,138,177,203,203.145,228,274.1,Surged Maintain Status Quo,Iraq,IRQ,2020-06-17,v3
2020-03-28,ICU_demand,27.975,41,48,48.33,54,69.075,Surged Maintain Status Quo,Iraq,IRQ,2020-06-17,v3
2020-03-28,infections,453.95,561.75,633.5,632.1,691.25,824.325,Surged Maintain Status Quo,Iraq,IRQ,2020-06-17,v3
2020-03-28,Rt,0.37399119616757,0.437587150171314,0.47261394456484,0.476145636040821,0.515104715443368,0.592276565144054,Surged Maintain Status Quo,Iraq,IRQ,2020-06-17,v3
2020-03-28,cumulative_infections,17611.15,22692,25816,25670.75,28537,34181.3,Surged Relax Interventions 50%,Iraq,IRQ,2020-06-17,v3
2020-03-28,deaths,1,3,4,3.81,5,7,Surged Relax Interventions 50%,Iraq,IRQ,2020-06-17,v3
2020-03-28,hospital_demand,138,177,203,203.145,228,274.1,Surged Relax Interventions 50%,Iraq,IRQ,2020-06-17,v3
2020-03-28,ICU_demand,27.975,41,48,48.33,54,69.075,Surged Relax Interventions 50%,Iraq,IRQ,2020-06-17,v3
2020-03-28,infections,453.95,561.75,633.5,632.1,691.25,824.325,Surged Relax Interventions 50%,Iraq,IRQ,2020-06-17,v3
2020-03-28,Rt,0.37399119616757,0.437587150171314,0.47261394456484,0.476145636040821,0.515104715443368,0.592276565144054,Surged Relax Interventions 50%,Iraq,IRQ,2020-06-17,v3
2020-03-29,cumulative_infections,19190.4,23197,26027.5,26360.735,29375.5,34792.8,Additional 50% Reduction,Iraq,IRQ,2020-06-17,v3
2020-03-29,deaths,1,2,3,3.3,4,7,Additional 50% Reduction,Iraq,IRQ,2020-06-17,v3
2020-03-29,hospital_demand,139,176,200.5,202.895,227,278.075,Additional 50% Reduction,Iraq,IRQ,2020-06-17,v3
2020-03-29,ICU_demand,30.975,43,49,49.055,55.25,68,Additional 50% Reduction,Iraq,IRQ,2020-06-17,v3
2020-03-29,infections,417.95,514.75,574.5,576.46,644.5,751.075,Additional 50% Reduction,Iraq,IRQ,2020-06-17,v3
2020-03-29,Rt,0.392801379548476,0.453056966717908,0.482911030267614,0.486983554985632,0.524769299547703,0.584297115782678,Additional 50% Reduction,Iraq,IRQ,2020-06-17,v3
2020-03-29,cumulative_infections,19190.4,23197,26027.5,26360.735,29375.5,34792.8,Maintain Status Quo,Iraq,IRQ,2020-06-17,v3
2020-03-29,deaths,1,2,3,3.3,4,7,Maintain Status Quo,Iraq,IRQ,2020-06-17,v3
2020-03-29,hospital_demand,139,176,200.5,202.895,227,278.075,Maintain Status Quo,Iraq,IRQ,2020-06-17,v3
2020-03-29,ICU_demand,30.975,43,49,49.055,55.25,68,Maintain Status Quo,Iraq,IRQ,2020-06-17,v3
2020-03-29,infections,417.95,514.75,574.5,576.46,644.5,751.075,Maintain Status Quo,Iraq,IRQ,2020-06-17,v3
2020-03-29,Rt,0.392801379548476,0.453056966717908,0.482911030267614,0.486983554985632,0.524769299547703,0.584297115782678,Maintain Status Quo,Iraq,IRQ,2020-06-17,v3
2020-03-29,cumulative_infections,19190.4,23197,26027.5,26360.735,29375.5,34792.8,Relax Interventions 50%,Iraq,IRQ,2020-06-17,v3
2020-03-29,deaths,1,2,3,3.3,4,7,Relax Interventions 50%,Iraq,IRQ,2020-06-17,v3
2020-03-29,hospital_demand,139,176,200.5,202.895,227,278.075,Relax Interventions 50%,Iraq,IRQ,2020-06-17,v3
2020-03-29,ICU_demand,30.975,43,49,49.055,55.25,68,Relax Interventions 50%,Iraq,IRQ,2020-06-17,v3
2020-03-29,infections,417.95,514.75,574.5,576.46,644.5,751.075,Relax Interventions 50%,Iraq,IRQ,2020-06-17,v3
2020-03-29,Rt,0.392801379548476,0.453056966717908,0.482911030267614,0.486983554985632,0.524769299547703,0.584297115782678,Relax Interventions 50%,Iraq,IRQ,2020-06-17,v3
2020-03-29,cumulative_infections,18012.55,23237.5,26368.5,26245.455,29112.5,34796.975,Surged Additional 50% Reduction,Iraq,IRQ,2020-06-17,v3
2020-03-29,deaths,1,2,3,3.3,4,7.02500000000001,Surged Additional 50% Reduction,Iraq,IRQ,2020-06-17,v3
2020-03-29,hospital_demand,137.925,175.75,199.5,201.14,224.25,267.1,Surged Additional 50% Reduction,Iraq,IRQ,2020-06-17,v3
2020-03-29,ICU_demand,29.925,41,48,48.075,55,70.025,Surged Additional 50% Reduction,Iraq,IRQ,2020-06-17,v3
2020-03-29,infections,418.95,501.5,565.5,574.705,640,754.1,Surged Additional 50% Reduction,Iraq,IRQ,2020-06-17,v3
2020-03-29,Rt,0.384467563156258,0.448136640805655,0.483377162764316,0.487028156764572,0.526524288171481,0.603746337803719,Surged Additional 50% Reduction,Iraq,IRQ,2020-06-17,v3
2020-03-29,cumulative_infections,18012.55,23237.5,26368.5,26245.455,29112.5,34796.975,Surged Maintain Status Quo,Iraq,IRQ,2020-06-17,v3
2020-03-29,deaths,1,2,3,3.3,4,7.02500000000001,Surged Maintain Status Quo,Iraq,IRQ,2020-06-17,v3
2020-03-29,hospital_demand,137.925,175.75,199.5,201.14,224.25,267.1,Surged Maintain Status Quo,Iraq,IRQ,2020-06-17,v3
2020-03-29,ICU_demand,29.925,41,48,48.075,55,70.025,Surged Maintain Status Quo,Iraq,IRQ,2020-06-17,v3
2020-03-29,infections,418.95,501.5,565.5,574.705,640,754.1,Surged Maintain Status Quo,Iraq,IRQ,2020-06-17,v3
2020-03-29,Rt,0.384467563156258,0.448136640805655,0.483377162764316,0.487028156764572,0.526524288171481,0.603746337803719,Surged Maintain Status Quo,Iraq,IRQ,2020-06-17,v3
2020-03-29,cumulative_infections,18012.55,23237.5,26368.5,26245.455,29112.5,34796.975,Surged Relax Interventions 50%,Iraq,IRQ,2020-06-17,v3
2020-03-29,deaths,1,2,3,3.3,4,7.02500000000001,Surged Relax Interventions 50%,Iraq,IRQ,2020-06-17,v3
2020-03-29,hospital_demand,137.925,175.75,199.5,201.14,224.25,267.1,Surged Relax Interventions 50%,Iraq,IRQ,2020-06-17,v3
2020-03-29,ICU_demand,29.925,41,48,48.075,55,70.025,Surged Relax Interventions 50%,Iraq,IRQ,2020-06-17,v3
2020-03-29,infections,418.95,501.5,565.5,574.705,640,754.1,Surged Relax Interventions 50%,Iraq,IRQ,2020-06-17,v3
2020-03-29,Rt,0.384467563156258,0.448136640805655,0.483377162764316,0.487028156764572,0.526524288171481,0.603746337803719,Surged Relax Interventions 50%,Iraq,IRQ,2020-06-17,v3
2020-03-30,cumulative_infections,19711.4,23732,26587,26889.28,29968.25,35353.45,Additional 50% Reduction,Iraq,IRQ,2020-06-17,v3
2020-03-30,deaths,0,1,2,2.185,3,6,Additional 50% Reduction,Iraq,IRQ,2020-06-17,v3
2020-03-30,hospital_demand,139.925,173.75,197,199.805,222.5,278.125,Additional 50% Reduction,Iraq,IRQ,2020-06-17,v3
2020-03-30,ICU_demand,31,43,48.5,49.3,56,69,Additional 50% Reduction,Iraq,IRQ,2020-06-17,v3
2020-03-30,infections,394.975,471.75,518.5,528.545,578,700.075,Additional 50% Reduction,Iraq,IRQ,2020-06-17,v3
2020-03-30,Rt,0.392801379548476,0.453056966717908,0.482911030267614,0.486983554985632,0.524769299547703,0.584297115782678,Additional 50% Reduction,Iraq,IRQ,2020-06-17,v3
2020-03-30,cumulative_infections,19711.4,23732,26587,26889.28,29968.25,35353.45,Maintain Status Quo,Iraq,IRQ,2020-06-17,v3
2020-03-30,deaths,0,1,2,2.185,3,6,Maintain Status Quo,Iraq,IRQ,2020-06-17,v3
2020-03-30,hospital_demand,139.925,173.75,197,199.805,222.5,278.125,Maintain Status Quo,Iraq,IRQ,2020-06-17,v3
2020-03-30,ICU_demand,31,43,48.5,49.3,56,69,Maintain Status Quo,Iraq,IRQ,2020-06-17,v3
2020-03-30,infections,394.975,471.75,518.5,528.545,578,700.075,Maintain Status Quo,Iraq,IRQ,2020-06-17,v3
2020-03-30,Rt,0.392801379548476,0.453056966717908,0.482911030267614,0.486983554985632,0.524769299547703,0.584297115782678,Maintain Status Quo,Iraq,IRQ,2020-06-17,v3
2020-03-30,cumulative_infections,19711.4,23732,26587,26889.28,29968.25,35353.45,Relax Interventions 50%,Iraq,IRQ,2020-06-17,v3
2020-03-30,deaths,0,1,2,2.185,3,6,Relax Interventions 50%,Iraq,IRQ,2020-06-17,v3
2020-03-30,hospital_demand,139.925,173.75,197,199.805,222.5,278.125,Relax Interventions 50%,Iraq,IRQ,2020-06-17,v3
2020-03-30,ICU_demand,31,43,48.5,49.3,56,69,Relax Interventions 50%,Iraq,IRQ,2020-06-17,v3
2020-03-30,infections,394.975,471.75,518.5,528.545,578,700.075,Relax Interventions 50%,Iraq,IRQ,2020-06-17,v3
2020-03-30,Rt,0.392801379548476,0.453056966717908,0.482911030267614,0.486983554985632,0.524769299547703,0.584297115782678,Relax Interventions 50%,Iraq,IRQ,2020-06-17,v3
2020-03-30,cumulative_infections,18391.625,23767.25,26891,26769.875,29678.25,35384.275,Surged Additional 50% Reduction,Iraq,IRQ,2020-06-17,v3
2020-03-30,deaths,0,1,2,2.13,3,6,Surged Additional 50% Reduction,Iraq,IRQ,2020-06-17,v3
2020-03-30,hospital_demand,134.975,171,197,197.69,221,260.05,Surged Additional 50% Reduction,Iraq,IRQ,2020-06-17,v3
2020-03-30,ICU_demand,27.975,41,48,48.295,55,70,Surged Additional 50% Reduction,Iraq,IRQ,2020-06-17,v3
2020-03-30,infections,389.95,463,527,524.42,579.25,681.25,Surged Additional 50% Reduction,Iraq,IRQ,2020-06-17,v3
2020-03-30,Rt,0.384467563156258,0.448136640805655,0.483377162764316,0.487028156764572,0.526524288171481,0.603746337803719,Surged Additional 50% Reduction,Iraq,IRQ,2020-06-17,v3
2020-03-30,cumulative_infections,18391.625,23767.25,26891,26769.875,29678.25,35384.275,Surged Maintain Status Quo,Iraq,IRQ,2020-06-17,v3
2020-03-30,deaths,0,1,2,2.13,3,6,Surged Maintain Status Quo,Iraq,IRQ,2020-06-17,v3
2020-03-30,hospital_demand,134.975,171,197,197.69,221,260.05,Surged Maintain Status Quo,Iraq,IRQ,2020-06-17,v3
2020-03-30,ICU_demand,27.975,41,48,48.295,55,70,Surged Maintain Status Quo,Iraq,IRQ,2020-06-17,v3
2020-03-30,infections,389.95,463,527,524.42,579.25,681.25,Surged Maintain Status Quo,Iraq,IRQ,2020-06-17,v3
2020-03-30,Rt,0.384467563156258,0.448136640805655,0.483377162764316,0.487028156764572,0.526524288171481,0.603746337803719,Surged Maintain Status Quo,Iraq,IRQ,2020-06-17,v3
2020-03-30,cumulative_infections,18391.625,23767.25,26891,26769.875,29678.25,35384.275,Surged Relax Interventions 50%,Iraq,IRQ,2020-06-17,v3
2020-03-30,deaths,0,1,2,2.13,3,6,Surged Relax Interventions 50%,Iraq,IRQ,2020-06-17,v3
2020-03-30,hospital_demand,134.975,171,197,197.69,221,260.05,Surged Relax Interventions 50%,Iraq,IRQ,2020-06-17,v3
2020-03-30,ICU_demand,27.975,41,48,48.295,55,70,Surged Relax Interventions 50%,Iraq,IRQ,2020-06-17,v3
2020-03-30,infections,389.95,463,527,524.42,579.25,681.25,Surged Relax Interventions 50%,Iraq,IRQ,2020-06-17,v3
2020-03-30,Rt,0.384467563156258,0.448136640805655,0.483377162764316,0.487028156764572,0.526524288171481,0.603746337803719,Surged Relax Interventions 50%,Iraq,IRQ,2020-06-17,v3
2020-03-31,cumulative_infections,20121.85,24157,27110,27371.115,30484.25,35867.725,Additional 50% Reduction,Iraq,IRQ,2020-06-17,v3
2020-03-31,deaths,1,3,4,3.915,5,8,Additional 50% Reduction,Iraq,IRQ,2020-06-17,v3
2020-03-31,hospital_demand,135.975,168.75,195,194.965,215,270.025,Additional 50% Reduction,Iraq,IRQ,2020-06-17,v3
2020-03-31,ICU_demand,31.975,41,47,48.14,55,67,Additional 50% Reduction,Iraq,IRQ,2020-06-17,v3
2020-03-31,infections,359.95,425,479,481.835,529,637.025,Additional 50% Reduction,Iraq,IRQ,2020-06-17,v3
2020-03-31,Rt,0.433448514246617,0.494639116377379,0.524821311851064,0.528734452944293,0.566396962384164,0.627069589424043,Additional 50% Reduction,Iraq,IRQ,2020-06-17,v3
2020-03-31,cumulative_infections,20121.85,24157,27110,27371.115,30484.25,35867.725,Maintain Status Quo,Iraq,IRQ,2020-06-17,v3
2020-03-31,deaths,1,3,4,3.915,5,8,Maintain Status Quo,Iraq,IRQ,2020-06-17,v3
2020-03-31,hospital_demand,135.975,168.75,195,194.965,215,270.025,Maintain Status Quo,Iraq,IRQ,2020-06-17,v3
2020-03-31,ICU_demand,31.975,41,47,48.14,55,67,Maintain Status Quo,Iraq,IRQ,2020-06-17,v3
2020-03-31,infections,359.95,425,479,481.835,529,637.025,Maintain Status Quo,Iraq,IRQ,2020-06-17,v3
2020-03-31,Rt,0.433448514246617,0.494639116377379,0.524821311851064,0.528734452944293,0.566396962384164,0.627069589424043,Maintain Status Quo,Iraq,IRQ,2020-06-17,v3
2020-03-31,cumulative_infections,20121.85,24157,27110,27371.115,30484.25,35867.725,Relax Interventions 50%,Iraq,IRQ,2020-06-17,v3
2020-03-31,deaths,1,3,4,3.915,5,8,Relax Interventions 50%,Iraq,IRQ,2020-06-17,v3
2020-03-31,hospital_demand,135.975,168.75,195,194.965,215,270.025,Relax Interventions 50%,Iraq,IRQ,2020-06-17,v3
2020-03-31,ICU_demand,31.975,41,47,48.14,55,67,Relax Interventions 50%,Iraq,IRQ,2020-06-17,v3
2020-03-31,infections,359.95,425,479,481.835,529,637.025,Relax Interventions 50%,Iraq,IRQ,2020-06-17,v3
2020-03-31,Rt,0.433448514246617,0.494639116377379,0.524821311851064,0.528734452944293,0.566396962384164,0.627069589424043,Relax Interventions 50%,Iraq,IRQ,2020-06-17,v3
2020-03-31,cumulative_infections,18783.55,24262.5,27365.5,27249.88,30150,35936.75,Surged Additional 50% Reduction,Iraq,IRQ,2020-06-17,v3
2020-03-31,deaths,1,3,3.5,3.73,5,7,Surged Additional 50% Reduction,Iraq,IRQ,2020-06-17,v3
2020-03-31,hospital_demand,137.85,167.75,193,193.39,217,255,Surged Additional 50% Reduction,Iraq,IRQ,2020-06-17,v3
2020-03-31,ICU_demand,27.95,41,47,47.11,54,69,Surged Additional 50% Reduction,Iraq,IRQ,2020-06-17,v3
2020-03-31,infections,347.725,423.75,474,480.005,535,634.175,Surged Additional 50% Reduction,Iraq,IRQ,2020-06-17,v3
2020-03-31,Rt,0.424922288406031,0.488848199934518,0.525031608234143,0.528781303162039,0.568993218161712,0.647351980705622,Surged Additional 50% Reduction,Iraq,IRQ,2020-06-17,v3
2020-03-31,cumulative_infections,18783.55,24262.5,27365.5,27249.88,30150,35936.75,Surged Maintain Status Quo,Iraq,IRQ,2020-06-17,v3
2020-03-31,deaths,1,3,3.5,3.73,5,7,Surged Maintain Status Quo,Iraq,IRQ,2020-06-17,v3
2020-03-31,hospital_demand,137.85,167.75,193,193.39,217,255,Surged Maintain Status Quo,Iraq,IRQ,2020-06-17,v3
2020-03-31,ICU_demand,27.95,41,47,47.11,54,69,Surged Maintain Status Quo,Iraq,IRQ,2020-06-17,v3
2020-03-31,infections,347.725,423.75,474,480.005,535,634.175,Surged Maintain Status Quo,Iraq,IRQ,2020-06-17,v3
2020-03-31,Rt,0.424922288406031,0.488848199934518,0.525031608234143,0.528781303162039,0.568993218161712,0.647351980705622,Surged Maintain Status Quo,Iraq,IRQ,2020-06-17,v3
2020-03-31,cumulative_infections,18783.55,24262.5,27365.5,27249.88,30150,35936.75,Surged Relax Interventions 50%,Iraq,IRQ,2020-06-17,v3
2020-03-31,deaths,1,3,3.5,3.73,5,7,Surged Relax Interventions 50%,Iraq,IRQ,2020-06-17,v3
2020-03-31,hospital_demand,137.85,167.75,193,193.39,217,255,Surged Relax Interventions 50%,Iraq,IRQ,2020-06-17,v3
2020-03-31,ICU_demand,27.95,41,47,47.11,54,69,Surged Relax Interventions 50%,Iraq,IRQ,2020-06-17,v3
2020-03-31,infections,347.725,423.75,474,480.005,535,634.175,Surged Relax Interventions 50%,Iraq,IRQ,2020-06-17,v3
2020-03-31,Rt,0.424922288406031,0.488848199934518,0.525031608234143,0.528781303162039,0.568993218161712,0.647351980705622,Surged Relax Interventions 50%,Iraq,IRQ,2020-06-17,v3
2020-04-01,cumulative_infections,20443.125,24526.5,27534.5,27811.08,30985.75,36305.925,Additional 50% Reduction,Iraq,IRQ,2020-06-17,v3
2020-04-01,deaths,1,3,4,3.855,5,7,Additional 50% Reduction,Iraq,IRQ,2020-06-17,v3
2020-04-01,hospital_demand,129,163,189,189.135,211,260.2,Additional 50% Reduction,Iraq,IRQ,2020-06-17,v3
2020-04-01,ICU_demand,29.95,40,46,46.285,53,66,Additional 50% Reduction,Iraq,IRQ,2020-06-17,v3
2020-04-01,infections,321,388.5,436,439.965,490,608.225,Additional 50% Reduction,Iraq,IRQ,2020-06-17,v3
2020-04-01,Rt,0.414855014863036,0.475348437066882,0.505353396203141,0.509392766153077,0.547148912269009,0.607809924916078,Additional 50% Reduction,Iraq,IRQ,2020-06-17,v3
2020-04-01,cumulative_infections,20443.125,24526.5,27534.5,27811.08,30985.75,36305.925,Maintain Status Quo,Iraq,IRQ,2020-06-17,v3
2020-04-01,deaths,1,3,4,3.855,5,7,Maintain Status Quo,Iraq,IRQ,2020-06-17,v3
2020-04-01,hospital_demand,129,163,189,189.135,211,260.2,Maintain Status Quo,Iraq,IRQ,2020-06-17,v3
2020-04-01,ICU_demand,29.95,40,46,46.285,53,66,Maintain Status Quo,Iraq,IRQ,2020-06-17,v3
2020-04-01,infections,321,388.5,436,439.965,490,608.225,Maintain Status Quo,Iraq,IRQ,2020-06-17,v3
2020-04-01,Rt,0.414855014863036,0.475348437066882,0.505353396203141,0.509392766153077,0.547148912269009,0.607809924916078,Maintain Status Quo,Iraq,IRQ,2020-06-17,v3
2020-04-01,cumulative_infections,20443.125,24526.5,27534.5,27811.08,30985.75,36305.925,Relax Interventions 50%,Iraq,IRQ,2020-06-17,v3
2020-04-01,deaths,1,3,4,3.855,5,7,Relax Interventions 50%,Iraq,IRQ,2020-06-17,v3
2020-04-01,hospital_demand,129,163,189,189.135,211,260.2,Relax Interventions 50%,Iraq,IRQ,2020-06-17,v3
2020-04-01,ICU_demand,29.95,40,46,46.285,53,66,Relax Interventions 50%,Iraq,IRQ,2020-06-17,v3
2020-04-01,infections,321,388.5,436,439.965,490,608.225,Relax Interventions 50%,Iraq,IRQ,2020-06-17,v3
2020-04-01,Rt,0.414855014863036,0.475348437066882,0.505353396203141,0.509392766153077,0.547148912269009,0.607809924916078,Relax Interventions 50%,Iraq,IRQ,2020-06-17,v3
2020-04-01,cumulative_infections,19163.625,24681.25,27834.5,27686.43,30600.75,36492.95,Surged Additional 50% Reduction,Iraq,IRQ,2020-06-17,v3
2020-04-01,deaths,1,3,3,3.615,4,7,Surged Additional 50% Reduction,Iraq,IRQ,2020-06-17,v3
2020-04-01,hospital_demand,131.975,163,186,187.275,211,243.025,Surged Additional 50% Reduction,Iraq,IRQ,2020-06-17,v3
2020-04-01,ICU_demand,28.95,40,45,45.72,52,65.025,Surged Additional 50% Reduction,Iraq,IRQ,2020-06-17,v3
2020-04-01,infections,310.775,383,429.5,436.55,482,604.95,Surged Additional 50% Reduction,Iraq,IRQ,2020-06-17,v3
2020-04-01,Rt,0.406210889904389,0.469917336238498,0.505539775669722,0.509437876807826,0.549644111957385,0.627227387483835,Surged Additional 50% Reduction,Iraq,IRQ,2020-06-17,v3
2020-04-01,cumulative_infections,19163.625,24681.25,27834.5,27686.43,30600.75,36492.95,Surged Maintain Status Quo,Iraq,IRQ,2020-06-17,v3
2020-04-01,deaths,1,3,3,3.615,4,7,Surged Maintain Status Quo,Iraq,IRQ,2020-06-17,v3
2020-04-01,hospital_demand,131.975,163,186,187.275,211,243.025,Surged Maintain Status Quo,Iraq,IRQ,2020-06-17,v3
2020-04-01,ICU_demand,28.95,40,45,45.72,52,65.025,Surged Maintain Status Quo,Iraq,IRQ,2020-06-17,v3
2020-04-01,infections,310.775,383,429.5,436.55,482,604.95,Surged Maintain Status Quo,Iraq,IRQ,2020-06-17,v3
2020-04-01,Rt,0.406210889904389,0.469917336238498,0.505539775669722,0.509437876807826,0.549644111957385,0.627227387483835,Surged Maintain Status Quo,Iraq,IRQ,2020-06-17,v3
2020-04-01,cumulative_infections,19163.625,24681.25,27834.5,27686.43,30600.75,36492.95,Surged Relax Interventions 50%,Iraq,IRQ,2020-06-17,v3
2020-04-01,deaths,1,3,3,3.615,4,7,Surged Relax Interventions 50%,Iraq,IRQ,2020-06-17,v3
2020-04-01,hospital_demand,131.975,163,186,187.275,211,243.025,Surged Relax Interventions 50%,Iraq,IRQ,2020-06-17,v3
2020-04-01,ICU_demand,28.95,40,45,45.72,52,65.025,Surged Relax Interventions 50%,Iraq,IRQ,2020-06-17,v3
2020-04-01,infections,310.775,383,429.5,436.55,482,604.95,Surged Relax Interventions 50%,Iraq,IRQ,2020-06-17,v3
2020-04-01,Rt,0.406210889904389,0.469917336238498,0.505539775669722,0.509437876807826,0.549644111957385,0.627227387483835,Surged Relax Interventions 50%,Iraq,IRQ,2020-06-17,v3
2020-04-02,cumulative_infections,20786.8,24906.25,27954,28214.335,31449.5,36654.825,Additional 50% Reduction,Iraq,IRQ,2020-06-17,v3
2020-04-02,deaths,0,1,2,2.19,3,6,Additional 50% Reduction,Iraq,IRQ,2020-06-17,v3
2020-04-02,hospital_demand,132,157,182,182.98,201,248.025,Additional 50% Reduction,Iraq,IRQ,2020-06-17,v3
2020-04-02,ICU_demand,28,39,45,45.535,52,66.025,Additional 50% Reduction,Iraq,IRQ,2020-06-17,v3
2020-04-02,infections,289.9,355.75,397.5,403.255,450.75,567.575,Additional 50% Reduction,Iraq,IRQ,2020-06-17,v3
2020-04-02,Rt,0.407384374718374,0.467815064710134,0.49787838897422,0.501826817622784,0.539602589092797,0.599887961268754,Additional 50% Reduction,Iraq,IRQ,2020-06-17,v3
2020-04-02,cumulative_infections,20786.8,24906.25,27954,28214.335,31449.5,36654.825,Maintain Status Quo,Iraq,IRQ,2020-06-17,v3
2020-04-02,deaths,0,1,2,2.19,3,6,Maintain Status Quo,Iraq,IRQ,2020-06-17,v3
2020-04-02,hospital_demand,132,157,182,182.98,201,248.025,Maintain Status Quo,Iraq,IRQ,2020-06-17,v3
2020-04-02,ICU_demand,28,39,45,45.535,52,66.025,Maintain Status Quo,Iraq,IRQ,2020-06-17,v3
2020-04-02,infections,289.9,355.75,397.5,403.255,450.75,567.575,Maintain Status Quo,Iraq,IRQ,2020-06-17,v3
2020-04-02,Rt,0.407384374718374,0.467815064710134,0.49787838897422,0.501826817622784,0.539602589092797,0.599887961268754,Maintain Status Quo,Iraq,IRQ,2020-06-17,v3
2020-04-02,cumulative_infections,20786.8,24906.25,27954,28214.335,31449.5,36654.825,Relax Interventions 50%,Iraq,IRQ,2020-06-17,v3
2020-04-02,deaths,0,1,2,2.19,3,6,Relax Interventions 50%,Iraq,IRQ,2020-06-17,v3
2020-04-02,hospital_demand,132,157,182,182.98,201,248.025,Relax Interventions 50%,Iraq,IRQ,2020-06-17,v3
2020-04-02,ICU_demand,28,39,45,45.535,52,66.025,Relax Interventions 50%,Iraq,IRQ,2020-06-17,v3
2020-04-02,infections,289.9,355.75,397.5,403.255,450.75,567.575,Relax Interventions 50%,Iraq,IRQ,2020-06-17,v3
2020-04-02,Rt,0.407384374718374,0.467815064710134,0.49787838897422,0.501826817622784,0.539602589092797,0.599887961268754,Relax Interventions 50%,Iraq,IRQ,2020-06-17,v3
2020-04-02,cumulative_infections,19512.95,25073.5,28240,28087.045,31010.75,37000.875,Surged Additional 50% Reduction,Iraq,IRQ,2020-06-17,v3
2020-04-02,deaths,0,1,2,2.095,3,6,Surged Additional 50% Reduction,Iraq,IRQ,2020-06-17,v3
2020-04-02,hospital_demand,121.95,157.75,181,180.155,200.25,230.025,Surged Additional 50% Reduction,Iraq,IRQ,2020-06-17,v3
2020-04-02,ICU_demand,28,38.75,44,44.98,51.25,63.05,Surged Additional 50% Reduction,Iraq,IRQ,2020-06-17,v3
2020-04-02,infections,277.9,345.75,395.5,400.615,447,555.075,Surged Additional 50% Reduction,Iraq,IRQ,2020-06-17,v3
2020-04-02,Rt,0.398844340424999,0.462544015515292,0.498052279846478,0.501871576481904,0.54204846315421,0.619319734958071,Surged Additional 50% Reduction,Iraq,IRQ,2020-06-17,v3
2020-04-02,cumulative_infections,19512.95,25073.5,28240,28087.045,31010.75,37000.875,Surged Maintain Status Quo,Iraq,IRQ,2020-06-17,v3
2020-04-02,deaths,0,1,2,2.095,3,6,Surged Maintain Status Quo,Iraq,IRQ,2020-06-17,v3
2020-04-02,hospital_demand,121.95,157.75,181,180.155,200.25,230.025,Surged Maintain Status Quo,Iraq,IRQ,2020-06-17,v3
2020-04-02,ICU_demand,28,38.75,44,44.98,51.25,63.05,Surged Maintain Status Quo,Iraq,IRQ,2020-06-17,v3
2020-04-02,infections,277.9,345.75,395.5,400.615,447,555.075,Surged Maintain Status Quo,Iraq,IRQ,2020-06-17,v3
2020-04-02,Rt,0.398844340424999,0.462544015515292,0.498052279846478,0.501871576481904,0.54204846315421,0.619319734958071,Surged Maintain Status Quo,Iraq,IRQ,2020-06-17,v3
2020-04-02,cumulative_infections,19512.95,25073.5,28240,28087.045,31010.75,37000.875,Surged Relax Interventions 50%,Iraq,IRQ,2020-06-17,v3
2020-04-02,deaths,0,1,2,2.095,3,6,Surged Relax Interventions 50%,Iraq,IRQ,2020-06-17,v3
2020-04-02,hospital_demand,121.95,157.75,181,180.155,200.25,230.025,Surged Relax Interventions 50%,Iraq,IRQ,2020-06-17,v3
2020-04-02,ICU_demand,28,38.75,44,44.98,51.25,63.05,Surged Relax Interventions 50%,Iraq,IRQ,2020-06-17,v3
2020-04-02,infections,277.9,345.75,395.5,400.615,447,555.075,Surged Relax Interventions 50%,Iraq,IRQ,2020-06-17,v3
2020-04-02,Rt,0.398844340424999,0.462544015515292,0.498052279846478,0.501871576481904,0.54204846315421,0.619319734958071,Surged Relax Interventions 50%,Iraq,IRQ,2020-06-17,v3
2020-04-03,cumulative_infections,21075.125,25261.75,28419,28583.955,31873.75,37007.475,Additional 50% Reduction,Iraq,IRQ,2020-06-17,v3
2020-04-03,deaths,1,2,3,3.505,4,7,Additional 50% Reduction,Iraq,IRQ,2020-06-17,v3
2020-04-03,hospital_demand,123,151,173,174.795,194,238,Additional 50% Reduction,Iraq,IRQ,2020-06-17,v3
2020-04-03,ICU_demand,28,38,43,43.92,49,65.025,Additional 50% Reduction,Iraq,IRQ,2020-06-17,v3
2020-04-03,infections,262.975,319.75,362.5,369.62,415.25,522.275,Additional 50% Reduction,Iraq,IRQ,2020-06-17,v3
2020-04-03,Rt,0.506010075936724,0.568584922375269,0.599619825738235,0.603562286680525,0.640309357570466,0.700211729579864,Additional 50% Reduction,Iraq,IRQ,2020-06-17,v3
2020-04-03,cumulative_infections,21075.125,25261.75,28419,28583.955,31873.75,37007.475,Maintain Status Quo,Iraq,IRQ,2020-06-17,v3
2020-04-03,deaths,1,2,3,3.505,4,7,Maintain Status Quo,Iraq,IRQ,2020-06-17,v3
2020-04-03,hospital_demand,123,151,173,174.795,194,238,Maintain Status Quo,Iraq,IRQ,2020-06-17,v3
2020-04-03,ICU_demand,28,38,43,43.92,49,65.025,Maintain Status Quo,Iraq,IRQ,2020-06-17,v3
2020-04-03,infections,262.975,319.75,362.5,369.62,415.25,522.275,Maintain Status Quo,Iraq,IRQ,2020-06-17,v3
2020-04-03,Rt,0.506010075936724,0.568584922375269,0.599619825738235,0.603562286680525,0.640309357570466,0.700211729579864,Maintain Status Quo,Iraq,IRQ,2020-06-17,v3
2020-04-03,cumulative_infections,21075.125,25261.75,28419,28583.955,31873.75,37007.475,Relax Interventions 50%,Iraq,IRQ,2020-06-17,v3
2020-04-03,deaths,1,2,3,3.505,4,7,Relax Interventions 50%,Iraq,IRQ,2020-06-17,v3
2020-04-03,hospital_demand,123,151,173,174.795,194,238,Relax Interventions 50%,Iraq,IRQ,2020-06-17,v3
2020-04-03,ICU_demand,28,38,43,43.92,49,65.025,Relax Interventions 50%,Iraq,IRQ,2020-06-17,v3
2020-04-03,infections,262.975,319.75,362.5,369.62,415.25,522.275,Relax Interventions 50%,Iraq,IRQ,2020-06-17,v3
2020-04-03,Rt,0.506010075936724,0.568584922375269,0.599619825738235,0.603562286680525,0.640309357570466,0.700211729579864,Relax Interventions 50%,Iraq,IRQ,2020-06-17,v3
2020-04-03,cumulative_infections,19842.825,25403.75,28624,28456.35,31345.75,37441.95,Surged Additional 50% Reduction,Iraq,IRQ,2020-06-17,v3
2020-04-03,deaths,1,2,3,3.66,5,8,Surged Additional 50% Reduction,Iraq,IRQ,2020-06-17,v3
2020-04-03,hospital_demand,120.95,151,172.5,172.47,191,224.025,Surged Additional 50% Reduction,Iraq,IRQ,2020-06-17,v3
2020-04-03,ICU_demand,28,37,42,43.02,49,61.025,Surged Additional 50% Reduction,Iraq,IRQ,2020-06-17,v3
2020-04-03,infections,249.975,324,357,369.305,415.25,524.75,Surged Additional 50% Reduction,Iraq,IRQ,2020-06-17,v3
2020-04-03,Rt,0.497502432659589,0.56289001892375,0.600308928246545,0.60362737406948,0.64329705920651,0.724067319614379,Surged Additional 50% Reduction,Iraq,IRQ,2020-06-17,v3
2020-04-03,cumulative_infections,19842.825,25403.75,28624,28456.35,31345.75,37441.95,Surged Maintain Status Quo,Iraq,IRQ,2020-06-17,v3
2020-04-03,deaths,1,2,3,3.66,5,8,Surged Maintain Status Quo,Iraq,IRQ,2020-06-17,v3
2020-04-03,hospital_demand,120.95,151,172.5,172.47,191,224.025,Surged Maintain Status Quo,Iraq,IRQ,2020-06-17,v3
2020-04-03,ICU_demand,28,37,42,43.02,49,61.025,Surged Maintain Status Quo,Iraq,IRQ,2020-06-17,v3
2020-04-03,infections,249.975,324,357,369.305,415.25,524.75,Surged Maintain Status Quo,Iraq,IRQ,2020-06-17,v3
2020-04-03,Rt,0.497502432659589,0.56289001892375,0.600308928246545,0.60362737406948,0.64329705920651,0.724067319614379,Surged Maintain Status Quo,Iraq,IRQ,2020-06-17,v3
2020-04-03,cumulative_infections,19842.825,25403.75,28624,28456.35,31345.75,37441.95,Surged Relax Interventions 50%,Iraq,IRQ,2020-06-17,v3
2020-04-03,deaths,1,2,3,3.66,5,8,Surged Relax Interventions 50%,Iraq,IRQ,2020-06-17,v3
2020-04-03,hospital_demand,120.95,151,172.5,172.47,191,224.025,Surged Relax Interventions 50%,Iraq,IRQ,2020-06-17,v3
2020-04-03,ICU_demand,28,37,42,43.02,49,61.025,Surged Relax Interventions 50%,Iraq,IRQ,2020-06-17,v3
2020-04-03,infections,249.975,324,357,369.305,415.25,524.75,Surged Relax Interventions 50%,Iraq,IRQ,2020-06-17,v3
2020-04-03,Rt,0.497502432659589,0.56289001892375,0.600308928246545,0.60362737406948,0.64329705920651,0.724067319614379,Surged Relax Interventions 50%,Iraq,IRQ,2020-06-17,v3
2020-04-04,cumulative_infections,21350.9,25614.5,28751.5,28923.195,32199.25,37311.3,Additional 50% Reduction,Iraq,IRQ,2020-06-17,v3
2020-04-04,deaths,0,1,2,1.96,3,6,Additional 50% Reduction,Iraq,IRQ,2020-06-17,v3
2020-04-04,hospital_demand,119.9,145,163.5,166.69,186,222.125,Additional 50% Reduction,Iraq,IRQ,2020-06-17,v3
2020-04-04,ICU_demand,28,37,43,42.905,48.25,62,Additional 50% Reduction,Iraq,IRQ,2020-06-17,v3
2020-04-04,infections,234.975,294.75,332.5,339.24,375,467.775,Additional 50% Reduction,Iraq,IRQ,2020-06-17,v3
2020-04-04,Rt,0.506010075936724,0.568584922375269,0.599619825738235,0.603562286680525,0.640309357570466,0.700211729579864,Additional 50% Reduction,Iraq,IRQ,2020-06-17,v3
2020-04-04,cumulative_infections,21350.9,25614.5,28751.5,28923.195,32199.25,37311.3,Maintain Status Quo,Iraq,IRQ,2020-06-17,v3
2020-04-04,deaths,0,1,2,1.96,3,6,Maintain Status Quo,Iraq,IRQ,2020-06-17,v3
2020-04-04,hospital_demand,119.9,145,163.5,166.69,186,222.125,Maintain Status Quo,Iraq,IRQ,2020-06-17,v3
2020-04-04,ICU_demand,28,37,43,42.905,48.25,62,Maintain Status Quo,Iraq,IRQ,2020-06-17,v3
2020-04-04,infections,234.975,294.75,332.5,339.24,375,467.775,Maintain Status Quo,Iraq,IRQ,2020-06-17,v3
2020-04-04,Rt,0.506010075936724,0.568584922375269,0.599619825738235,0.603562286680525,0.640309357570466,0.700211729579864,Maintain Status Quo,Iraq,IRQ,2020-06-17,v3
2020-04-04,cumulative_infections,21350.9,25614.5,28751.5,28923.195,32199.25,37311.3,Relax Interventions 50%,Iraq,IRQ,2020-06-17,v3
2020-04-04,deaths,0,1,2,1.96,3,6,Relax Interventions 50%,Iraq,IRQ,2020-06-17,v3
2020-04-04,hospital_demand,119.9,145,163.5,166.69,186,222.125,Relax Interventions 50%,Iraq,IRQ,2020-06-17,v3
2020-04-04,ICU_demand,28,37,43,42.905,48.25,62,Relax Interventions 50%,Iraq,IRQ,2020-06-17,v3
2020-04-04,infections,234.975,294.75,332.5,339.24,375,467.775,Relax Interventions 50%,Iraq,IRQ,2020-06-17,v3
2020-04-04,Rt,0.506010075936724,0.568584922375269,0.599619825738235,0.603562286680525,0.640309357570466,0.700211729579864,Relax Interventions 50%,Iraq,IRQ,2020-06-17,v3
2020-04-04,cumulative_infections,20141.225,25699.5,28916.5,28794.385,31665,37852.25,Surged Additional 50% Reduction,Iraq,IRQ,2020-06-17,v3
2020-04-04,deaths,0,1,2,1.93,3,5,Surged Additional 50% Reduction,Iraq,IRQ,2020-06-17,v3
2020-04-04,hospital_demand,116.85,146,164.5,165.41,186,215.15,Surged Additional 50% Reduction,Iraq,IRQ,2020-06-17,v3
2020-04-04,ICU_demand,27.975,36,41.5,42.1,48,58,Surged Additional 50% Reduction,Iraq,IRQ,2020-06-17,v3
2020-04-04,infections,235.875,292,327.5,338.035,381.25,468,Surged Additional 50% Reduction,Iraq,IRQ,2020-06-17,v3
2020-04-04,Rt,0.497502432659589,0.56289001892375,0.600308928246545,0.60362737406948,0.64329705920651,0.724067319614379,Surged Additional 50% Reduction,Iraq,IRQ,2020-06-17,v3
2020-04-04,cumulative_infections,20141.225,25699.5,28916.5,28794.385,31665,37852.25,Surged Maintain Status Quo,Iraq,IRQ,2020-06-17,v3
2020-04-04,deaths,0,1,2,1.93,3,5,Surged Maintain Status Quo,Iraq,IRQ,2020-06-17,v3
2020-04-04,hospital_demand,116.85,146,164.5,165.41,186,215.15,Surged Maintain Status Quo,Iraq,IRQ,2020-06-17,v3
2020-04-04,ICU_demand,27.975,36,41.5,42.1,48,58,Surged Maintain Status Quo,Iraq,IRQ,2020-06-17,v3
2020-04-04,infections,235.875,292,327.5,338.035,381.25,468,Surged Maintain Status Quo,Iraq,IRQ,2020-06-17,v3
2020-04-04,Rt,0.497502432659589,0.56289001892375,0.600308928246545,0.60362737406948,0.64329705920651,0.724067319614379,Surged Maintain Status Quo,Iraq,IRQ,2020-06-17,v3
2020-04-04,cumulative_infections,20141.225,25699.5,28916.5,28794.385,31665,37852.25,Surged Relax Interventions 50%,Iraq,IRQ,2020-06-17,v3
2020-04-04,deaths,0,1,2,1.93,3,5,Surged Relax Interventions 50%,Iraq,IRQ,2020-06-17,v3
2020-04-04,hospital_demand,116.85,146,164.5,165.41,186,215.15,Surged Relax Interventions 50%,Iraq,IRQ,2020-06-17,v3
2020-04-04,ICU_demand,27.975,36,41.5,42.1,48,58,Surged Relax Interventions 50%,Iraq,IRQ,2020-06-17,v3
2020-04-04,infections,235.875,292,327.5,338.035,381.25,468,Surged Relax Interventions 50%,Iraq,IRQ,2020-06-17,v3
2020-04-04,Rt,0.497502432659589,0.56289001892375,0.600308928246545,0.60362737406948,0.64329705920651,0.724067319614379,Surged Relax Interventions 50%,Iraq,IRQ,2020-06-17,v3
2020-04-05,cumulative_infections,21594.5,25925.5,29072.5,29237.9,32527,37673.05,Additional 50% Reduction,Iraq,IRQ,2020-06-17,v3
2020-04-05,deaths,1,2,3,3.01,4,6,Additional 50% Reduction,Iraq,IRQ,2020-06-17,v3
2020-04-05,hospital_demand,112.975,137,156.5,158.065,177,213.075,Additional 50% Reduction,Iraq,IRQ,2020-06-17,v3
2020-04-05,ICU_demand,27,35,41,41.155,46,59,Additional 50% Reduction,Iraq,IRQ,2020-06-17,v3
2020-04-05,infections,214,272.5,308.5,314.705,353.25,457.15,Additional 50% Reduction,Iraq,IRQ,2020-06-17,v3
2020-04-05,Rt,0.506010075936724,0.568584922375269,0.599619825738235,0.603562286680525,0.640309357570466,0.700211729579864,Additional 50% Reduction,Iraq,IRQ,2020-06-17,v3
2020-04-05,cumulative_infections,21594.5,25925.5,29072.5,29237.9,32527,37673.05,Maintain Status Quo,Iraq,IRQ,2020-06-17,v3
2020-04-05,deaths,1,2,3,3.01,4,6,Maintain Status Quo,Iraq,IRQ,2020-06-17,v3
2020-04-05,hospital_demand,112.975,137,156.5,158.065,177,213.075,Maintain Status Quo,Iraq,IRQ,2020-06-17,v3
2020-04-05,ICU_demand,27,35,41,41.155,46,59,Maintain Status Quo,Iraq,IRQ,2020-06-17,v3
2020-04-05,infections,214,272.5,308.5,314.705,353.25,457.15,Maintain Status Quo,Iraq,IRQ,2020-06-17,v3
2020-04-05,Rt,0.506010075936724,0.568584922375269,0.599619825738235,0.603562286680525,0.640309357570466,0.700211729579864,Maintain Status Quo,Iraq,IRQ,2020-06-17,v3
2020-04-05,cumulative_infections,21594.5,25925.5,29072.5,29237.9,32527,37673.05,Relax Interventions 50%,Iraq,IRQ,2020-06-17,v3
2020-04-05,deaths,1,2,3,3.01,4,6,Relax Interventions 50%,Iraq,IRQ,2020-06-17,v3
2020-04-05,hospital_demand,112.975,137,156.5,158.065,177,213.075,Relax Interventions 50%,Iraq,IRQ,2020-06-17,v3
2020-04-05,ICU_demand,27,35,41,41.155,46,59,Relax Interventions 50%,Iraq,IRQ,2020-06-17,v3
2020-04-05,infections,214,272.5,308.5,314.705,353.25,457.15,Relax Interventions 50%,Iraq,IRQ,2020-06-17,v3
2020-04-05,Rt,0.506010075936724,0.568584922375269,0.599619825738235,0.603562286680525,0.640309357570466,0.700211729579864,Relax Interventions 50%,Iraq,IRQ,2020-06-17,v3
2020-04-05,cumulative_infections,20416.05,26040.75,29197.5,29110.325,31989.75,38227.225,Surged Additional 50% Reduction,Iraq,IRQ,2020-06-17,v3
2020-04-05,deaths,1,2,3,2.915,4,6.02500000000001,Surged Additional 50% Reduction,Iraq,IRQ,2020-06-17,v3
2020-04-05,hospital_demand,106.95,135.75,156,156.825,177,207,Surged Additional 50% Reduction,Iraq,IRQ,2020-06-17,v3
2020-04-05,ICU_demand,26.975,35,40,40.39,46,56.025,Surged Additional 50% Reduction,Iraq,IRQ,2020-06-17,v3
2020-04-05,infections,214,270.75,308,315.94,359.25,447.175,Surged Additional 50% Reduction,Iraq,IRQ,2020-06-17,v3
2020-04-05,Rt,0.497502432659589,0.56289001892375,0.600308928246545,0.60362737406948,0.64329705920651,0.724067319614379,Surged Additional 50% Reduction,Iraq,IRQ,2020-06-17,v3
2020-04-05,cumulative_infections,20416.05,26040.75,29197.5,29110.325,31989.75,38227.225,Surged Maintain Status Quo,Iraq,IRQ,2020-06-17,v3
2020-04-05,deaths,1,2,3,2.915,4,6.02500000000001,Surged Maintain Status Quo,Iraq,IRQ,2020-06-17,v3
2020-04-05,hospital_demand,106.95,135.75,156,156.825,177,207,Surged Maintain Status Quo,Iraq,IRQ,2020-06-17,v3
2020-04-05,ICU_demand,26.975,35,40,40.39,46,56.025,Surged Maintain Status Quo,Iraq,IRQ,2020-06-17,v3
2020-04-05,infections,214,270.75,308,315.94,359.25,447.175,Surged Maintain Status Quo,Iraq,IRQ,2020-06-17,v3
2020-04-05,Rt,0.497502432659589,0.56289001892375,0.600308928246545,0.60362737406948,0.64329705920651,0.724067319614379,Surged Maintain Status Quo,Iraq,IRQ,2020-06-17,v3
2020-04-05,cumulative_infections,20416.05,26040.75,29197.5,29110.325,31989.75,38227.225,Surged Relax Interventions 50%,Iraq,IRQ,2020-06-17,v3
2020-04-05,deaths,1,2,3,2.915,4,6.02500000000001,Surged Relax Interventions 50%,Iraq,IRQ,2020-06-17,v3
2020-04-05,hospital_demand,106.95,135.75,156,156.825,177,207,Surged Relax Interventions 50%,Iraq,IRQ,2020-06-17,v3
2020-04-05,ICU_demand,26.975,35,40,40.39,46,56.025,Surged Relax Interventions 50%,Iraq,IRQ,2020-06-17,v3
2020-04-05,infections,214,270.75,308,315.94,359.25,447.175,Surged Relax Interventions 50%,Iraq,IRQ,2020-06-17,v3
2020-04-05,Rt,0.497502432659589,0.56289001892375,0.600308928246545,0.60362737406948,0.64329705920651,0.724067319614379,Surged Relax Interventions 50%,Iraq,IRQ,2020-06-17,v3
2020-04-06,cumulative_infections,21817.125,26239.5,29376.5,29531.68,32797,37951.8,Additional 50% Reduction,Iraq,IRQ,2020-06-17,v3
2020-04-06,deaths,2,3,3,3.64,4,7,Additional 50% Reduction,Iraq,IRQ,2020-06-17,v3
2020-04-06,hospital_demand,108.95,130.75,147.5,149.895,169.25,201.05,Additional 50% Reduction,Iraq,IRQ,2020-06-17,v3
2020-04-06,ICU_demand,23.975,33,39,38.785,44,56,Additional 50% Reduction,Iraq,IRQ,2020-06-17,v3
2020-04-06,infections,206,249.5,287,293.78,330.5,442.225,Additional 50% Reduction,Iraq,IRQ,2020-06-17,v3
2020-04-06,Rt,0.506010075936724,0.568584922375269,0.599619825738235,0.603562286680525,0.640309357570466,0.700211729579864,Additional 50% Reduction,Iraq,IRQ,2020-06-17,v3
2020-04-06,cumulative_infections,21817.125,26239.5,29376.5,29531.68,32797,37951.8,Maintain Status Quo,Iraq,IRQ,2020-06-17,v3
2020-04-06,deaths,2,3,3,3.64,4,7,Maintain Status Quo,Iraq,IRQ,2020-06-17,v3
2020-04-06,hospital_demand,108.95,130.75,147.5,149.895,169.25,201.05,Maintain Status Quo,Iraq,IRQ,2020-06-17,v3
2020-04-06,ICU_demand,23.975,33,39,38.785,44,56,Maintain Status Quo,Iraq,IRQ,2020-06-17,v3
2020-04-06,infections,206,249.5,287,293.78,330.5,442.225,Maintain Status Quo,Iraq,IRQ,2020-06-17,v3
2020-04-06,Rt,0.506010075936724,0.568584922375269,0.599619825738235,0.603562286680525,0.640309357570466,0.700211729579864,Maintain Status Quo,Iraq,IRQ,2020-06-17,v3
2020-04-06,cumulative_infections,21817.125,26239.5,29376.5,29531.68,32797,37951.8,Relax Interventions 50%,Iraq,IRQ,2020-06-17,v3
2020-04-06,deaths,2,3,3,3.64,4,7,Relax Interventions 50%,Iraq,IRQ,2020-06-17,v3
2020-04-06,hospital_demand,108.95,130.75,147.5,149.895,169.25,201.05,Relax Interventions 50%,Iraq,IRQ,2020-06-17,v3
2020-04-06,ICU_demand,23.975,33,39,38.785,44,56,Relax Interventions 50%,Iraq,IRQ,2020-06-17,v3
2020-04-06,infections,206,249.5,287,293.78,330.5,442.225,Relax Interventions 50%,Iraq,IRQ,2020-06-17,v3
2020-04-06,Rt,0.506010075936724,0.568584922375269,0.599619825738235,0.603562286680525,0.640309357570466,0.700211729579864,Relax Interventions 50%,Iraq,IRQ,2020-06-17,v3
2020-04-06,cumulative_infections,20633.375,26298.25,29491.5,29400.46,32312.75,38602.3,Surged Additional 50% Reduction,Iraq,IRQ,2020-06-17,v3
2020-04-06,deaths,1.975,2,3,3.665,4.25,7,Surged Additional 50% Reduction,Iraq,IRQ,2020-06-17,v3
2020-04-06,hospital_demand,100.975,128,149,147.825,164,196.05,Surged Additional 50% Reduction,Iraq,IRQ,2020-06-17,v3
2020-04-06,ICU_demand,24,33,37,38.04,44,54.025,Surged Additional 50% Reduction,Iraq,IRQ,2020-06-17,v3
2020-04-06,infections,198.65,242.75,279.5,290.135,331.25,425.05,Surged Additional 50% Reduction,Iraq,IRQ,2020-06-17,v3
2020-04-06,Rt,0.497502432659589,0.56289001892375,0.600308928246545,0.60362737406948,0.64329705920651,0.724067319614379,Surged Additional 50% Reduction,Iraq,IRQ,2020-06-17,v3
2020-04-06,cumulative_infections,20633.375,26298.25,29491.5,29400.46,32312.75,38602.3,Surged Maintain Status Quo,Iraq,IRQ,2020-06-17,v3
2020-04-06,deaths,1.975,2,3,3.665,4.25,7,Surged Maintain Status Quo,Iraq,IRQ,2020-06-17,v3
2020-04-06,hospital_demand,100.975,128,149,147.825,164,196.05,Surged Maintain Status Quo,Iraq,IRQ,2020-06-17,v3
2020-04-06,ICU_demand,24,33,37,38.04,44,54.025,Surged Maintain Status Quo,Iraq,IRQ,2020-06-17,v3
2020-04-06,infections,198.65,242.75,279.5,290.135,331.25,425.05,Surged Maintain Status Quo,Iraq,IRQ,2020-06-17,v3
2020-04-06,Rt,0.497502432659589,0.56289001892375,0.600308928246545,0.60362737406948,0.64329705920651,0.724067319614379,Surged Maintain Status Quo,Iraq,IRQ,2020-06-17,v3
2020-04-06,cumulative_infections,20633.375,26298.25,29491.5,29400.46,32312.75,38602.3,Surged Relax Interventions 50%,Iraq,IRQ,2020-06-17,v3
2020-04-06,deaths,1.975,2,3,3.665,4.25,7,Surged Relax Interventions 50%,Iraq,IRQ,2020-06-17,v3
2020-04-06,hospital_demand,100.975,128,149,147.825,164,196.05,Surged Relax Interventions 50%,Iraq,IRQ,2020-06-17,v3
2020-04-06,ICU_demand,24,33,37,38.04,44,54.025,Surged Relax Interventions 50%,Iraq,IRQ,2020-06-17,v3
2020-04-06,infections,198.65,242.75,279.5,290.135,331.25,425.05,Surged Relax Interventions 50%,Iraq,IRQ,2020-06-17,v3
2020-04-06,Rt,0.497502432659589,0.56289001892375,0.600308928246545,0.60362737406948,0.64329705920651,0.724067319614379,Surged Relax Interventions 50%,Iraq,IRQ,2020-06-17,v3
2020-04-07,cumulative_infections,22026.525,26528.75,29660.5,29801.8,33042,38240.35,Additional 50% Reduction,Iraq,IRQ,2020-06-17,v3
2020-04-07,deaths,1,2,3,3.215,4,6.02500000000001,Additional 50% Reduction,Iraq,IRQ,2020-06-17,v3
2020-04-07,hospital_demand,104.95,123,138,141.395,158,189.125,Additional 50% Reduction,Iraq,IRQ,2020-06-17,v3
2020-04-07,ICU_demand,21.975,30,36.5,36.35,41,53.025,Additional 50% Reduction,Iraq,IRQ,2020-06-17,v3
2020-04-07,infections,185.925,229,262,270.12,306.5,405.025,Additional 50% Reduction,Iraq,IRQ,2020-06-17,v3
2020-04-07,Rt,0.456565907550148,0.518218161024,0.549012298795321,0.552762037306536,0.590223909056064,0.650752569885264,Additional 50% Reduction,Iraq,IRQ,2020-06-17,v3
2020-04-07,cumulative_infections,22026.525,26528.75,29660.5,29801.8,33042,38240.35,Maintain Status Quo,Iraq,IRQ,2020-06-17,v3
2020-04-07,deaths,1,2,3,3.215,4,6.02500000000001,Maintain Status Quo,Iraq,IRQ,2020-06-17,v3
2020-04-07,hospital_demand,104.95,123,138,141.395,158,189.125,Maintain Status Quo,Iraq,IRQ,2020-06-17,v3
2020-04-07,ICU_demand,21.975,30,36.5,36.35,41,53.025,Maintain Status Quo,Iraq,IRQ,2020-06-17,v3
2020-04-07,infections,185.925,229,262,270.12,306.5,405.025,Maintain Status Quo,Iraq,IRQ,2020-06-17,v3
2020-04-07,Rt,0.456565907550148,0.518218161024,0.549012298795321,0.552762037306536,0.590223909056064,0.650752569885264,Maintain Status Quo,Iraq,IRQ,2020-06-17,v3
2020-04-07,cumulative_infections,22026.525,26528.75,29660.5,29801.8,33042,38240.35,Relax Interventions 50%,Iraq,IRQ,2020-06-17,v3
2020-04-07,deaths,1,2,3,3.215,4,6.02500000000001,Relax Interventions 50%,Iraq,IRQ,2020-06-17,v3
2020-04-07,hospital_demand,104.95,123,138,141.395,158,189.125,Relax Interventions 50%,Iraq,IRQ,2020-06-17,v3
2020-04-07,ICU_demand,21.975,30,36.5,36.35,41,53.025,Relax Interventions 50%,Iraq,IRQ,2020-06-17,v3
2020-04-07,infections,185.925,229,262,270.12,306.5,405.025,Relax Interventions 50%,Iraq,IRQ,2020-06-17,v3
2020-04-07,Rt,0.456565907550148,0.518218161024,0.549012298795321,0.552762037306536,0.590223909056064,0.650752569885264,Relax Interventions 50%,Iraq,IRQ,2020-06-17,v3
2020-04-07,cumulative_infections,20875.7,26585.75,29736,29668.16,32579.25,38920.475,Surged Additional 50% Reduction,Iraq,IRQ,2020-06-17,v3
2020-04-07,deaths,1,2,3,3.1,4,6,Surged Additional 50% Reduction,Iraq,IRQ,2020-06-17,v3
2020-04-07,hospital_demand,99.9,120.75,139.5,139.195,154,185.025,Surged Additional 50% Reduction,Iraq,IRQ,2020-06-17,v3
2020-04-07,ICU_demand,21,31,35,35.715,40.25,49.025,Surged Additional 50% Reduction,Iraq,IRQ,2020-06-17,v3
2020-04-07,infections,177.95,220,259.5,267.7,303.25,386.175,Surged Additional 50% Reduction,Iraq,IRQ,2020-06-17,v3
2020-04-07,Rt,0.448020726918458,0.512418781852537,0.549252972099888,0.552812742704995,0.592945785837832,0.672177302213228,Surged Additional 50% Reduction,Iraq,IRQ,2020-06-17,v3
2020-04-07,cumulative_infections,20875.7,26585.75,29736,29668.16,32579.25,38920.475,Surged Maintain Status Quo,Iraq,IRQ,2020-06-17,v3
2020-04-07,deaths,1,2,3,3.1,4,6,Surged Maintain Status Quo,Iraq,IRQ,2020-06-17,v3
2020-04-07,hospital_demand,99.9,120.75,139.5,139.195,154,185.025,Surged Maintain Status Quo,Iraq,IRQ,2020-06-17,v3
2020-04-07,ICU_demand,21,31,35,35.715,40.25,49.025,Surged Maintain Status Quo,Iraq,IRQ,2020-06-17,v3
2020-04-07,infections,177.95,220,259.5,267.7,303.25,386.175,Surged Maintain Status Quo,Iraq,IRQ,2020-06-17,v3
2020-04-07,Rt,0.448020726918458,0.512418781852537,0.549252972099888,0.552812742704995,0.592945785837832,0.672177302213228,Surged Maintain Status Quo,Iraq,IRQ,2020-06-17,v3
2020-04-07,cumulative_infections,20875.7,26585.75,29736,29668.16,32579.25,38920.475,Surged Relax Interventions 50%,Iraq,IRQ,2020-06-17,v3
2020-04-07,deaths,1,2,3,3.1,4,6,Surged Relax Interventions 50%,Iraq,IRQ,2020-06-17,v3
2020-04-07,hospital_demand,99.9,120.75,139.5,139.195,154,185.025,Surged Relax Interventions 50%,Iraq,IRQ,2020-06-17,v3
2020-04-07,ICU_demand,21,31,35,35.715,40.25,49.025,Surged Relax Interventions 50%,Iraq,IRQ,2020-06-17,v3
2020-04-07,infections,177.95,220,259.5,267.7,303.25,386.175,Surged Relax Interventions 50%,Iraq,IRQ,2020-06-17,v3
2020-04-07,Rt,0.448020726918458,0.512418781852537,0.549252972099888,0.552812742704995,0.592945785837832,0.672177302213228,Surged Relax Interventions 50%,Iraq,IRQ,2020-06-17,v3
2020-04-08,cumulative_infections,22235.975,26792,30008.5,30048.215,33254.5,38489.575,Additional 50% Reduction,Iraq,IRQ,2020-06-17,v3
2020-04-08,deaths,0,1,1,1.53,2,5,Additional 50% Reduction,Iraq,IRQ,2020-06-17,v3
2020-04-08,hospital_demand,94,114.75,130,132.82,148.25,180.05,Additional 50% Reduction,Iraq,IRQ,2020-06-17,v3
2020-04-08,ICU_demand,20,30,35,35.02,39.25,51,Additional 50% Reduction,Iraq,IRQ,2020-06-17,v3
2020-04-08,infections,154.95,207.75,240,246.415,279,384.075,Additional 50% Reduction,Iraq,IRQ,2020-06-17,v3
2020-04-08,Rt,0.456565907550148,0.518218161024,0.549012298795321,0.552762037306536,0.590223909056064,0.650752569885264,Additional 50% Reduction,Iraq,IRQ,2020-06-17,v3
2020-04-08,cumulative_infections,22235.975,26792,30008.5,30048.215,33254.5,38489.575,Maintain Status Quo,Iraq,IRQ,2020-06-17,v3
2020-04-08,deaths,0,1,1,1.53,2,5,Maintain Status Quo,Iraq,IRQ,2020-06-17,v3
2020-04-08,hospital_demand,94,114.75,130,132.82,148.25,180.05,Maintain Status Quo,Iraq,IRQ,2020-06-17,v3
2020-04-08,ICU_demand,20,30,35,35.02,39.25,51,Maintain Status Quo,Iraq,IRQ,2020-06-17,v3
2020-04-08,infections,154.95,207.75,240,246.415,279,384.075,Maintain Status Quo,Iraq,IRQ,2020-06-17,v3
2020-04-08,Rt,0.456565907550148,0.518218161024,0.549012298795321,0.552762037306536,0.590223909056064,0.650752569885264,Maintain Status Quo,Iraq,IRQ,2020-06-17,v3
2020-04-08,cumulative_infections,22235.975,26792,30008.5,30048.215,33254.5,38489.575,Relax Interventions 50%,Iraq,IRQ,2020-06-17,v3
2020-04-08,deaths,0,1,1,1.53,2,5,Relax Interventions 50%,Iraq,IRQ,2020-06-17,v3
2020-04-08,hospital_demand,94,114.75,130,132.82,148.25,180.05,Relax Interventions 50%,Iraq,IRQ,2020-06-17,v3
2020-04-08,ICU_demand,20,30,35,35.02,39.25,51,Relax Interventions 50%,Iraq,IRQ,2020-06-17,v3
2020-04-08,infections,154.95,207.75,240,246.415,279,384.075,Relax Interventions 50%,Iraq,IRQ,2020-06-17,v3
2020-04-08,Rt,0.456565907550148,0.518218161024,0.549012298795321,0.552762037306536,0.590223909056064,0.650752569885264,Relax Interventions 50%,Iraq,IRQ,2020-06-17,v3
2020-04-08,cumulative_infections,21102.7,26808.5,30011,29914.885,32788.5,39135.425,Surged Additional 50% Reduction,Iraq,IRQ,2020-06-17,v3
2020-04-08,deaths,0,1,1,1.425,2,4.02500000000001,Surged Additional 50% Reduction,Iraq,IRQ,2020-06-17,v3
2020-04-08,hospital_demand,92,116,128.5,131.305,145,175,Surged Additional 50% Reduction,Iraq,IRQ,2020-06-17,v3
2020-04-08,ICU_demand,21.925,30,35,34.5,39,49,Surged Additional 50% Reduction,Iraq,IRQ,2020-06-17,v3
2020-04-08,infections,160.95,205,237.5,246.725,280.25,371.025,Surged Additional 50% Reduction,Iraq,IRQ,2020-06-17,v3
2020-04-08,Rt,0.448020726918458,0.512418781852537,0.549252972099888,0.552812742704995,0.592945785837832,0.672177302213228,Surged Additional 50% Reduction,Iraq,IRQ,2020-06-17,v3
2020-04-08,cumulative_infections,21102.7,26808.5,30011,29914.885,32788.5,39135.425,Surged Maintain Status Quo,Iraq,IRQ,2020-06-17,v3
2020-04-08,deaths,0,1,1,1.425,2,4.02500000000001,Surged Maintain Status Quo,Iraq,IRQ,2020-06-17,v3
2020-04-08,hospital_demand,92,116,128.5,131.305,145,175,Surged Maintain Status Quo,Iraq,IRQ,2020-06-17,v3
2020-04-08,ICU_demand,21.925,30,35,34.5,39,49,Surged Maintain Status Quo,Iraq,IRQ,2020-06-17,v3
2020-04-08,infections,160.95,205,237.5,246.725,280.25,371.025,Surged Maintain Status Quo,Iraq,IRQ,2020-06-17,v3
2020-04-08,Rt,0.448020726918458,0.512418781852537,0.549252972099888,0.552812742704995,0.592945785837832,0.672177302213228,Surged Maintain Status Quo,Iraq,IRQ,2020-06-17,v3
2020-04-08,cumulative_infections,21102.7,26808.5,30011,29914.885,32788.5,39135.425,Surged Relax Interventions 50%,Iraq,IRQ,2020-06-17,v3
2020-04-08,deaths,0,1,1,1.425,2,4.02500000000001,Surged Relax Interventions 50%,Iraq,IRQ,2020-06-17,v3
2020-04-08,hospital_demand,92,116,128.5,131.305,145,175,Surged Relax Interventions 50%,Iraq,IRQ,2020-06-17,v3
2020-04-08,ICU_demand,21.925,30,35,34.5,39,49,Surged Relax Interventions 50%,Iraq,IRQ,2020-06-17,v3
2020-04-08,infections,160.95,205,237.5,246.725,280.25,371.025,Surged Relax Interventions 50%,Iraq,IRQ,2020-06-17,v3
2020-04-08,Rt,0.448020726918458,0.512418781852537,0.549252972099888,0.552812742704995,0.592945785837832,0.672177302213228,Surged Relax Interventions 50%,Iraq,IRQ,2020-06-17,v3
2020-04-09,cumulative_infections,22428.625,26997.75,30284,30274.035,33440.25,38707.9,Additional 50% Reduction,Iraq,IRQ,2020-06-17,v3
2020-04-09,deaths,1,2,3,3.215,4,6,Additional 50% Reduction,Iraq,IRQ,2020-06-17,v3
2020-04-09,hospital_demand,89.975,108,122,125,140,166,Additional 50% Reduction,Iraq,IRQ,2020-06-17,v3
2020-04-09,ICU_demand,19,27,33,32.455,37,45,Additional 50% Reduction,Iraq,IRQ,2020-06-17,v3
2020-04-09,infections,145.875,190,216.5,225.82,255,353.175,Additional 50% Reduction,Iraq,IRQ,2020-06-17,v3
2020-04-09,Rt,0.400033629345063,0.460384874879544,0.490345890127124,0.494357329150948,0.532142889233108,0.592050495763902,Additional 50% Reduction,Iraq,IRQ,2020-06-17,v3
2020-04-09,cumulative_infections,22428.625,26997.75,30284,30274.035,33440.25,38707.9,Maintain Status Quo,Iraq,IRQ,2020-06-17,v3
2020-04-09,deaths,1,2,3,3.215,4,6,Maintain Status Quo,Iraq,IRQ,2020-06-17,v3
2020-04-09,hospital_demand,89.975,108,122,125,140,166,Maintain Status Quo,Iraq,IRQ,2020-06-17,v3
2020-04-09,ICU_demand,19,27,33,32.455,37,45,Maintain Status Quo,Iraq,IRQ,2020-06-17,v3
2020-04-09,infections,145.875,190,216.5,225.82,255,353.175,Maintain Status Quo,Iraq,IRQ,2020-06-17,v3
2020-04-09,Rt,0.400033629345063,0.460384874879544,0.490345890127124,0.494357329150948,0.532142889233108,0.592050495763902,Maintain Status Quo,Iraq,IRQ,2020-06-17,v3
2020-04-09,cumulative_infections,22428.625,26997.75,30284,30274.035,33440.25,38707.9,Relax Interventions 50%,Iraq,IRQ,2020-06-17,v3
2020-04-09,deaths,1,2,3,3.215,4,6,Relax Interventions 50%,Iraq,IRQ,2020-06-17,v3
2020-04-09,hospital_demand,89.975,108,122,125,140,166,Relax Interventions 50%,Iraq,IRQ,2020-06-17,v3
2020-04-09,ICU_demand,19,27,33,32.455,37,45,Relax Interventions 50%,Iraq,IRQ,2020-06-17,v3
2020-04-09,infections,145.875,190,216.5,225.82,255,353.175,Relax Interventions 50%,Iraq,IRQ,2020-06-17,v3
2020-04-09,Rt,0.400033629345063,0.460384874879544,0.490345890127124,0.494357329150948,0.532142889233108,0.592050495763902,Relax Interventions 50%,Iraq,IRQ,2020-06-17,v3
2020-04-09,cumulative_infections,21289.65,26961.25,30198.5,30140.04,32994.5,39303.425,Surged Additional 50% Reduction,Iraq,IRQ,2020-06-17,v3
2020-04-09,deaths,1,2,3,3.29,4,6.02500000000001,Surged Additional 50% Reduction,Iraq,IRQ,2020-06-17,v3
2020-04-09,hospital_demand,87.95,109,121,123.235,136,166,Surged Additional 50% Reduction,Iraq,IRQ,2020-06-17,v3
2020-04-09,ICU_demand,18.975,27,32,31.87,36,47,Surged Additional 50% Reduction,Iraq,IRQ,2020-06-17,v3
2020-04-09,infections,142.875,181,221,225.155,256,351.05,Surged Additional 50% Reduction,Iraq,IRQ,2020-06-17,v3
2020-04-09,Rt,0.391597035532115,0.455291205396859,0.490668123002967,0.494401920952722,0.534246735954412,0.611492834110606,Surged Additional 50% Reduction,Iraq,IRQ,2020-06-17,v3
2020-04-09,cumulative_infections,21289.65,26961.25,30198.5,30140.04,32994.5,39303.425,Surged Maintain Status Quo,Iraq,IRQ,2020-06-17,v3
2020-04-09,deaths,1,2,3,3.29,4,6.02500000000001,Surged Maintain Status Quo,Iraq,IRQ,2020-06-17,v3
2020-04-09,hospital_demand,87.95,109,121,123.235,136,166,Surged Maintain Status Quo,Iraq,IRQ,2020-06-17,v3
2020-04-09,ICU_demand,18.975,27,32,31.87,36,47,Surged Maintain Status Quo,Iraq,IRQ,2020-06-17,v3
2020-04-09,infections,142.875,181,221,225.155,256,351.05,Surged Maintain Status Quo,Iraq,IRQ,2020-06-17,v3
2020-04-09,Rt,0.391597035532115,0.455291205396859,0.490668123002967,0.494401920952722,0.534246735954412,0.611492834110606,Surged Maintain Status Quo,Iraq,IRQ,2020-06-17,v3
2020-04-09,cumulative_infections,21289.65,26961.25,30198.5,30140.04,32994.5,39303.425,Surged Relax Interventions 50%,Iraq,IRQ,2020-06-17,v3
2020-04-09,deaths,1,2,3,3.29,4,6.02500000000001,Surged Relax Interventions 50%,Iraq,IRQ,2020-06-17,v3
2020-04-09,hospital_demand,87.95,109,121,123.235,136,166,Surged Relax Interventions 50%,Iraq,IRQ,2020-06-17,v3
2020-04-09,ICU_demand,18.975,27,32,31.87,36,47,Surged Relax Interventions 50%,Iraq,IRQ,2020-06-17,v3
2020-04-09,infections,142.875,181,221,225.155,256,351.05,Surged Relax Interventions 50%,Iraq,IRQ,2020-06-17,v3
2020-04-09,Rt,0.391597035532115,0.455291205396859,0.490668123002967,0.494401920952722,0.534246735954412,0.611492834110606,Surged Relax Interventions 50%,Iraq,IRQ,2020-06-17,v3
2020-04-10,cumulative_infections,22587.375,27193.75,30573.5,30481.38,33606.25,38915.6,Additional 50% Reduction,Iraq,IRQ,2020-06-17,v3
2020-04-10,deaths,0,0.75,1,1.385,2,4,Additional 50% Reduction,Iraq,IRQ,2020-06-17,v3
2020-04-10,hospital_demand,83,102,117,116.66,129,158.025,Additional 50% Reduction,Iraq,IRQ,2020-06-17,v3
2020-04-10,ICU_demand,18.975,27,31,31.18,36,44,Additional 50% Reduction,Iraq,IRQ,2020-06-17,v3
2020-04-10,infections,122.975,171.75,200.5,207.345,234.25,333.025,Additional 50% Reduction,Iraq,IRQ,2020-06-17,v3
2020-04-10,Rt,0.540336358792058,0.65011053961253,1.48972466568626,1.23430371620478,1.57983271137178,1.67023230428951,Additional 50% Reduction,Iraq,IRQ,2020-06-17,v3
2020-04-10,cumulative_infections,22587.375,27193.75,30573.5,30481.38,33606.25,38915.6,Maintain Status Quo,Iraq,IRQ,2020-06-17,v3
2020-04-10,deaths,0,0.75,1,1.385,2,4,Maintain Status Quo,Iraq,IRQ,2020-06-17,v3
2020-04-10,hospital_demand,83,102,117,116.66,129,158.025,Maintain Status Quo,Iraq,IRQ,2020-06-17,v3
2020-04-10,ICU_demand,18.975,27,31,31.18,36,44,Maintain Status Quo,Iraq,IRQ,2020-06-17,v3
2020-04-10,infections,122.975,171.75,200.5,207.345,234.25,333.025,Maintain Status Quo,Iraq,IRQ,2020-06-17,v3
2020-04-10,Rt,0.540336358792058,0.65011053961253,1.48972466568626,1.23430371620478,1.57983271137178,1.67023230428951,Maintain Status Quo,Iraq,IRQ,2020-06-17,v3
2020-04-10,cumulative_infections,22587.375,27193.75,30573.5,30481.38,33606.25,38915.6,Relax Interventions 50%,Iraq,IRQ,2020-06-17,v3
2020-04-10,deaths,0,0.75,1,1.385,2,4,Relax Interventions 50%,Iraq,IRQ,2020-06-17,v3
2020-04-10,hospital_demand,83,102,117,116.66,129,158.025,Relax Interventions 50%,Iraq,IRQ,2020-06-17,v3
2020-04-10,ICU_demand,18.975,27,31,31.18,36,44,Relax Interventions 50%,Iraq,IRQ,2020-06-17,v3
2020-04-10,infections,122.975,171.75,200.5,207.345,234.25,333.025,Relax Interventions 50%,Iraq,IRQ,2020-06-17,v3
2020-04-10,Rt,0.540336358792058,0.65011053961253,1.48972466568626,1.23430371620478,1.57983271137178,1.67023230428951,Relax Interventions 50%,Iraq,IRQ,2020-06-17,v3
2020-04-10,cumulative_infections,21460.2,27108,30348,30346.86,33164.75,39469.575,Surged Additional 50% Reduction,Iraq,IRQ,2020-06-17,v3
2020-04-10,deaths,0,0,1,1.325,2,4.02500000000001,Surged Additional 50% Reduction,Iraq,IRQ,2020-06-17,v3
2020-04-10,hospital_demand,84.925,102,115,116.165,128.25,156,Surged Additional 50% Reduction,Iraq,IRQ,2020-06-17,v3
2020-04-10,ICU_demand,19,26,30,30.66,35,45.025,Surged Additional 50% Reduction,Iraq,IRQ,2020-06-17,v3
2020-04-10,infections,125.975,170,197.5,206.82,237,301.325,Surged Additional 50% Reduction,Iraq,IRQ,2020-06-17,v3
2020-04-10,Rt,0.535389067072704,0.652595919609924,1.48854203643601,1.22992854830631,1.57400359444721,1.66584429552303,Surged Additional 50% Reduction,Iraq,IRQ,2020-06-17,v3
2020-04-10,cumulative_infections,21460.2,27108,30348,30346.86,33164.75,39469.575,Surged Maintain Status Quo,Iraq,IRQ,2020-06-17,v3
2020-04-10,deaths,0,0,1,1.325,2,4.02500000000001,Surged Maintain Status Quo,Iraq,IRQ,2020-06-17,v3
2020-04-10,hospital_demand,84.925,102,115,116.165,128.25,156,Surged Maintain Status Quo,Iraq,IRQ,2020-06-17,v3
2020-04-10,ICU_demand,19,26,30,30.66,35,45.025,Surged Maintain Status Quo,Iraq,IRQ,2020-06-17,v3
2020-04-10,infections,125.975,170,197.5,206.82,237,301.325,Surged Maintain Status Quo,Iraq,IRQ,2020-06-17,v3
2020-04-10,Rt,0.535389067072704,0.652595919609924,1.48854203643601,1.22992854830631,1.57400359444721,1.66584429552303,Surged Maintain Status Quo,Iraq,IRQ,2020-06-17,v3
2020-04-10,cumulative_infections,21460.2,27108,30348,30346.86,33164.75,39469.575,Surged Relax Interventions 50%,Iraq,IRQ,2020-06-17,v3
2020-04-10,deaths,0,0,1,1.325,2,4.02500000000001,Surged Relax Interventions 50%,Iraq,IRQ,2020-06-17,v3
2020-04-10,hospital_demand,84.925,102,115,116.165,128.25,156,Surged Relax Interventions 50%,Iraq,IRQ,2020-06-17,v3
2020-04-10,ICU_demand,19,26,30,30.66,35,45.025,Surged Relax Interventions 50%,Iraq,IRQ,2020-06-17,v3
2020-04-10,infections,125.975,170,197.5,206.82,237,301.325,Surged Relax Interventions 50%,Iraq,IRQ,2020-06-17,v3
2020-04-10,Rt,0.535389067072704,0.652595919609924,1.48854203643601,1.22992854830631,1.57400359444721,1.66584429552303,Surged Relax Interventions 50%,Iraq,IRQ,2020-06-17,v3
2020-04-11,cumulative_infections,22723.825,27362.5,30785.5,30672.575,33790.25,39082.7,Additional 50% Reduction,Iraq,IRQ,2020-06-17,v3
2020-04-11,deaths,1,1,2,2.185,3,5,Additional 50% Reduction,Iraq,IRQ,2020-06-17,v3
2020-04-11,hospital_demand,77.95,95,108,108.76,122,148,Additional 50% Reduction,Iraq,IRQ,2020-06-17,v3
2020-04-11,ICU_demand,18,25,29,29.485,34,42.025,Additional 50% Reduction,Iraq,IRQ,2020-06-17,v3
2020-04-11,infections,112.975,156.75,182.5,191.195,217.25,312.15,Additional 50% Reduction,Iraq,IRQ,2020-06-17,v3
2020-04-11,Rt,1.34698453074885,1.49120331840001,1.56013236835659,1.54525950820934,1.60782884762239,1.67063113968579,Additional 50% Reduction,Iraq,IRQ,2020-06-17,v3
2020-04-11,cumulative_infections,22723.825,27362.5,30785.5,30672.575,33790.25,39082.7,Maintain Status Quo,Iraq,IRQ,2020-06-17,v3
2020-04-11,deaths,1,1,2,2.185,3,5,Maintain Status Quo,Iraq,IRQ,2020-06-17,v3
2020-04-11,hospital_demand,77.95,95,108,108.76,122,148,Maintain Status Quo,Iraq,IRQ,2020-06-17,v3
2020-04-11,ICU_demand,18,25,29,29.485,34,42.025,Maintain Status Quo,Iraq,IRQ,2020-06-17,v3
2020-04-11,infections,112.975,156.75,182.5,191.195,217.25,312.15,Maintain Status Quo,Iraq,IRQ,2020-06-17,v3
2020-04-11,Rt,1.34698453074885,1.49120331840001,1.56013236835659,1.54525950820934,1.60782884762239,1.67063113968579,Maintain Status Quo,Iraq,IRQ,2020-06-17,v3
2020-04-11,cumulative_infections,22723.825,27362.5,30785.5,30672.575,33790.25,39082.7,Relax Interventions 50%,Iraq,IRQ,2020-06-17,v3
2020-04-11,deaths,1,1,2,2.185,3,5,Relax Interventions 50%,Iraq,IRQ,2020-06-17,v3
2020-04-11,hospital_demand,77.95,95,108,108.76,122,148,Relax Interventions 50%,Iraq,IRQ,2020-06-17,v3
2020-04-11,ICU_demand,18,25,29,29.485,34,42.025,Relax Interventions 50%,Iraq,IRQ,2020-06-17,v3
2020-04-11,infections,112.975,156.75,182.5,191.195,217.25,312.15,Relax Interventions 50%,Iraq,IRQ,2020-06-17,v3
2020-04-11,Rt,1.34698453074885,1.49120331840001,1.56013236835659,1.54525950820934,1.60782884762239,1.67063113968579,Relax Interventions 50%,Iraq,IRQ,2020-06-17,v3
2020-04-11,cumulative_infections,21665.65,27235.5,30496,30540.29,33349.75,39619,Surged Additional 50% Reduction,Iraq,IRQ,2020-06-17,v3
2020-04-11,deaths,1,1,2,2.235,3,5,Surged Additional 50% Reduction,Iraq,IRQ,2020-06-17,v3
2020-04-11,hospital_demand,75.95,95.75,107,108.495,121,145.025,Surged Additional 50% Reduction,Iraq,IRQ,2020-06-17,v3
2020-04-11,ICU_demand,18,25,28,28.83,33,42.025,Surged Additional 50% Reduction,Iraq,IRQ,2020-06-17,v3
2020-04-11,infections,116,156,188.5,193.43,223.25,303.075,Surged Additional 50% Reduction,Iraq,IRQ,2020-06-17,v3
2020-04-11,Rt,1.35348893031335,1.48880862074568,1.54549366439074,1.53866252962635,1.60534758923445,1.67475424812932,Surged Additional 50% Reduction,Iraq,IRQ,2020-06-17,v3
2020-04-11,cumulative_infections,21665.65,27235.5,30496,30540.29,33349.75,39619,Surged Maintain Status Quo,Iraq,IRQ,2020-06-17,v3
2020-04-11,deaths,1,1,2,2.235,3,5,Surged Maintain Status Quo,Iraq,IRQ,2020-06-17,v3
2020-04-11,hospital_demand,75.95,95.75,107,108.495,121,145.025,Surged Maintain Status Quo,Iraq,IRQ,2020-06-17,v3
2020-04-11,ICU_demand,18,25,28,28.83,33,42.025,Surged Maintain Status Quo,Iraq,IRQ,2020-06-17,v3
2020-04-11,infections,116,156,188.5,193.43,223.25,303.075,Surged Maintain Status Quo,Iraq,IRQ,2020-06-17,v3
2020-04-11,Rt,1.35348893031335,1.48880862074568,1.54549366439074,1.53866252962635,1.60534758923445,1.67475424812932,Surged Maintain Status Quo,Iraq,IRQ,2020-06-17,v3
2020-04-11,cumulative_infections,21665.65,27235.5,30496,30540.29,33349.75,39619,Surged Relax Interventions 50%,Iraq,IRQ,2020-06-17,v3
2020-04-11,deaths,1,1,2,2.235,3,5,Surged Relax Interventions 50%,Iraq,IRQ,2020-06-17,v3
2020-04-11,hospital_demand,75.95,95.75,107,108.495,121,145.025,Surged Relax Interventions 50%,Iraq,IRQ,2020-06-17,v3
2020-04-11,ICU_demand,18,25,28,28.83,33,42.025,Surged Relax Interventions 50%,Iraq,IRQ,2020-06-17,v3
2020-04-11,infections,116,156,188.5,193.43,223.25,303.075,Surged Relax Interventions 50%,Iraq,IRQ,2020-06-17,v3
2020-04-11,Rt,1.35348893031335,1.48880862074568,1.54549366439074,1.53866252962635,1.60534758923445,1.67475424812932,Surged Relax Interventions 50%,Iraq,IRQ,2020-06-17,v3
2020-04-12,cumulative_infections,22857.825,27475,30978,30851.735,33975,39236.9,Additional 50% Reduction,Iraq,IRQ,2020-06-17,v3
2020-04-12,deaths,1,1,2,2.355,3,5,Additional 50% Reduction,Iraq,IRQ,2020-06-17,v3
2020-04-12,hospital_demand,73,88,101,101.49,114,137,Additional 50% Reduction,Iraq,IRQ,2020-06-17,v3
2020-04-12,ICU_demand,16.975,24,27.5,27.575,31.25,39.025,Additional 50% Reduction,Iraq,IRQ,2020-06-17,v3
2020-04-12,infections,113,148,173,179.16,202.5,278.3,Additional 50% Reduction,Iraq,IRQ,2020-06-17,v3
2020-04-12,Rt,1.3345449723993,1.48074065589401,1.55141021955817,1.5359663412323,1.59983675051843,1.66455970083992,Additional 50% Reduction,Iraq,IRQ,2020-06-17,v3
2020-04-12,cumulative_infections,22857.825,27475,30978,30851.735,33975,39236.9,Maintain Status Quo,Iraq,IRQ,2020-06-17,v3
2020-04-12,deaths,1,1,2,2.355,3,5,Maintain Status Quo,Iraq,IRQ,2020-06-17,v3
2020-04-12,hospital_demand,73,88,101,101.49,114,137,Maintain Status Quo,Iraq,IRQ,2020-06-17,v3
2020-04-12,ICU_demand,16.975,24,27.5,27.575,31.25,39.025,Maintain Status Quo,Iraq,IRQ,2020-06-17,v3
2020-04-12,infections,113,148,173,179.16,202.5,278.3,Maintain Status Quo,Iraq,IRQ,2020-06-17,v3
2020-04-12,Rt,1.3345449723993,1.48074065589401,1.55141021955817,1.5359663412323,1.59983675051843,1.66455970083992,Maintain Status Quo,Iraq,IRQ,2020-06-17,v3
2020-04-12,cumulative_infections,22857.825,27475,30978,30851.735,33975,39236.9,Relax Interventions 50%,Iraq,IRQ,2020-06-17,v3
2020-04-12,deaths,1,1,2,2.355,3,5,Relax Interventions 50%,Iraq,IRQ,2020-06-17,v3
2020-04-12,hospital_demand,73,88,101,101.49,114,137,Relax Interventions 50%,Iraq,IRQ,2020-06-17,v3
2020-04-12,ICU_demand,16.975,24,27.5,27.575,31.25,39.025,Relax Interventions 50%,Iraq,IRQ,2020-06-17,v3
2020-04-12,infections,113,148,173,179.16,202.5,278.3,Relax Interventions 50%,Iraq,IRQ,2020-06-17,v3
2020-04-12,Rt,1.3345449723993,1.48074065589401,1.55141021955817,1.5359663412323,1.59983675051843,1.66455970083992,Relax Interventions 50%,Iraq,IRQ,2020-06-17,v3
2020-04-12,cumulative_infections,21840.15,27381.5,30672.5,30718.455,33526.5,39775.925,Surged Additional 50% Reduction,Iraq,IRQ,2020-06-17,v3
2020-04-12,deaths,1,1,2,2.285,3,4.02500000000001,Surged Additional 50% Reduction,Iraq,IRQ,2020-06-17,v3
2020-04-12,hospital_demand,69.9,88,99,100.48,113,135.025,Surged Additional 50% Reduction,Iraq,IRQ,2020-06-17,v3
2020-04-12,ICU_demand,16.975,23,26.5,26.825,31,40.025,Surged Additional 50% Reduction,Iraq,IRQ,2020-06-17,v3
2020-04-12,infections,105.975,143.75,175,178.165,206.75,265.25,Surged Additional 50% Reduction,Iraq,IRQ,2020-06-17,v3
2020-04-12,Rt,1.33919440833287,1.47744096842799,1.53615957097117,1.52914125328919,1.59813078786694,1.66763081694749,Surged Additional 50% Reduction,Iraq,IRQ,2020-06-17,v3
2020-04-12,cumulative_infections,21840.15,27381.5,30672.5,30718.455,33526.5,39775.925,Surged Maintain Status Quo,Iraq,IRQ,2020-06-17,v3
2020-04-12,deaths,1,1,2,2.285,3,4.02500000000001,Surged Maintain Status Quo,Iraq,IRQ,2020-06-17,v3
2020-04-12,hospital_demand,69.9,88,99,100.48,113,135.025,Surged Maintain Status Quo,Iraq,IRQ,2020-06-17,v3
2020-04-12,ICU_demand,16.975,23,26.5,26.825,31,40.025,Surged Maintain Status Quo,Iraq,IRQ,2020-06-17,v3
2020-04-12,infections,105.975,143.75,175,178.165,206.75,265.25,Surged Maintain Status Quo,Iraq,IRQ,2020-06-17,v3
2020-04-12,Rt,1.33919440833287,1.47744096842799,1.53615957097117,1.52914125328919,1.59813078786694,1.66763081694749,Surged Maintain Status Quo,Iraq,IRQ,2020-06-17,v3
2020-04-12,cumulative_infections,21840.15,27381.5,30672.5,30718.455,33526.5,39775.925,Surged Relax Interventions 50%,Iraq,IRQ,2020-06-17,v3
2020-04-12,deaths,1,1,2,2.285,3,4.02500000000001,Surged Relax Interventions 50%,Iraq,IRQ,2020-06-17,v3
2020-04-12,hospital_demand,69.9,88,99,100.48,113,135.025,Surged Relax Interventions 50%,Iraq,IRQ,2020-06-17,v3
2020-04-12,ICU_demand,16.975,23,26.5,26.825,31,40.025,Surged Relax Interventions 50%,Iraq,IRQ,2020-06-17,v3
2020-04-12,infections,105.975,143.75,175,178.165,206.75,265.25,Surged Relax Interventions 50%,Iraq,IRQ,2020-06-17,v3
2020-04-12,Rt,1.33919440833287,1.47744096842799,1.53615957097117,1.52914125328919,1.59813078786694,1.66763081694749,Surged Relax Interventions 50%,Iraq,IRQ,2020-06-17,v3
2020-04-13,cumulative_infections,23018.05,27589.5,31156.5,31022.12,34150,39408.15,Additional 50% Reduction,Iraq,IRQ,2020-06-17,v3
2020-04-13,deaths,1,2,2,2.655,3,6,Additional 50% Reduction,Iraq,IRQ,2020-06-17,v3
2020-04-13,hospital_demand,66.975,82,93,94.355,106,128.025,Additional 50% Reduction,Iraq,IRQ,2020-06-17,v3
2020-04-13,ICU_demand,14,21.75,25.5,25.25,29,35.025,Additional 50% Reduction,Iraq,IRQ,2020-06-17,v3
2020-04-13,infections,102.975,140,161.5,170.385,195.25,278.075,Additional 50% Reduction,Iraq,IRQ,2020-06-17,v3
2020-04-13,Rt,1.3345449723993,1.48074065589401,1.55141021955817,1.5359663412323,1.59983675051843,1.66455970083992,Additional 50% Reduction,Iraq,IRQ,2020-06-17,v3
2020-04-13,cumulative_infections,23018.05,27589.5,31156.5,31022.12,34150,39408.15,Maintain Status Quo,Iraq,IRQ,2020-06-17,v3
2020-04-13,deaths,1,2,2,2.655,3,6,Maintain Status Quo,Iraq,IRQ,2020-06-17,v3
2020-04-13,hospital_demand,66.975,82,93,94.355,106,128.025,Maintain Status Quo,Iraq,IRQ,2020-06-17,v3
2020-04-13,ICU_demand,14,21.75,25.5,25.25,29,35.025,Maintain Status Quo,Iraq,IRQ,2020-06-17,v3
2020-04-13,infections,102.975,140,161.5,170.385,195.25,278.075,Maintain Status Quo,Iraq,IRQ,2020-06-17,v3
2020-04-13,Rt,1.3345449723993,1.48074065589401,1.55141021955817,1.5359663412323,1.59983675051843,1.66455970083992,Maintain Status Quo,Iraq,IRQ,2020-06-17,v3
2020-04-13,cumulative_infections,23018.05,27589.5,31156.5,31022.12,34150,39408.15,Relax Interventions 50%,Iraq,IRQ,2020-06-17,v3
2020-04-13,deaths,1,2,2,2.655,3,6,Relax Interventions 50%,Iraq,IRQ,2020-06-17,v3
2020-04-13,hospital_demand,66.975,82,93,94.355,106,128.025,Relax Interventions 50%,Iraq,IRQ,2020-06-17,v3
2020-04-13,ICU_demand,14,21.75,25.5,25.25,29,35.025,Relax Interventions 50%,Iraq,IRQ,2020-06-17,v3
2020-04-13,infections,102.975,140,161.5,170.385,195.25,278.075,Relax Interventions 50%,Iraq,IRQ,2020-06-17,v3
2020-04-13,Rt,1.3345449723993,1.48074065589401,1.55141021955817,1.5359663412323,1.59983675051843,1.66455970083992,Relax Interventions 50%,Iraq,IRQ,2020-06-17,v3
2020-04-13,cumulative_infections,22026.575,27555,30839,30890.845,33744,39984.7,Surged Additional 50% Reduction,Iraq,IRQ,2020-06-17,v3
2020-04-13,deaths,1,2,3,2.69,3,5,Surged Additional 50% Reduction,Iraq,IRQ,2020-06-17,v3
2020-04-13,hospital_demand,62.975,82,92,93.565,106,127.025,Surged Additional 50% Reduction,Iraq,IRQ,2020-06-17,v3
2020-04-13,ICU_demand,15.975,21,24,24.825,28.25,37,Surged Additional 50% Reduction,Iraq,IRQ,2020-06-17,v3
2020-04-13,infections,96.975,139,164.5,172.39,197.5,268.05,Surged Additional 50% Reduction,Iraq,IRQ,2020-06-17,v3
2020-04-13,Rt,1.33919440833287,1.47744096842799,1.53615957097117,1.52914125328919,1.59813078786694,1.66763081694749,Surged Additional 50% Reduction,Iraq,IRQ,2020-06-17,v3
2020-04-13,cumulative_infections,22026.575,27555,30839,30890.845,33744,39984.7,Surged Maintain Status Quo,Iraq,IRQ,2020-06-17,v3
2020-04-13,deaths,1,2,3,2.69,3,5,Surged Maintain Status Quo,Iraq,IRQ,2020-06-17,v3
2020-04-13,hospital_demand,62.975,82,92,93.565,106,127.025,Surged Maintain Status Quo,Iraq,IRQ,2020-06-17,v3
2020-04-13,ICU_demand,15.975,21,24,24.825,28.25,37,Surged Maintain Status Quo,Iraq,IRQ,2020-06-17,v3
2020-04-13,infections,96.975,139,164.5,172.39,197.5,268.05,Surged Maintain Status Quo,Iraq,IRQ,2020-06-17,v3
2020-04-13,Rt,1.33919440833287,1.47744096842799,1.53615957097117,1.52914125328919,1.59813078786694,1.66763081694749,Surged Maintain Status Quo,Iraq,IRQ,2020-06-17,v3
2020-04-13,cumulative_infections,22026.575,27555,30839,30890.845,33744,39984.7,Surged Relax Interventions 50%,Iraq,IRQ,2020-06-17,v3
2020-04-13,deaths,1,2,3,2.69,3,5,Surged Relax Interventions 50%,Iraq,IRQ,2020-06-17,v3
2020-04-13,hospital_demand,62.975,82,92,93.565,106,127.025,Surged Relax Interventions 50%,Iraq,IRQ,2020-06-17,v3
2020-04-13,ICU_demand,15.975,21,24,24.825,28.25,37,Surged Relax Interventions 50%,Iraq,IRQ,2020-06-17,v3
2020-04-13,infections,96.975,139,164.5,172.39,197.5,268.05,Surged Relax Interventions 50%,Iraq,IRQ,2020-06-17,v3
2020-04-13,Rt,1.33919440833287,1.47744096842799,1.53615957097117,1.52914125328919,1.59813078786694,1.66763081694749,Surged Relax Interventions 50%,Iraq,IRQ,2020-06-17,v3
2020-04-14,cumulative_infections,23156.725,27762.75,31311.5,31204.685,34310.5,39583.35,Additional 50% Reduction,Iraq,IRQ,2020-06-17,v3
2020-04-14,deaths,1,1,2,2.11,3,4,Additional 50% Reduction,Iraq,IRQ,2020-06-17,v3
2020-04-14,hospital_demand,61.975,77,87.5,87.91,98.25,120.1,Additional 50% Reduction,Iraq,IRQ,2020-06-17,v3
2020-04-14,ICU_demand,14,19,23,23.435,27,34,Additional 50% Reduction,Iraq,IRQ,2020-06-17,v3
2020-04-14,infections,107.975,151.75,178,182.565,208.25,285.175,Additional 50% Reduction,Iraq,IRQ,2020-06-17,v3
2020-04-14,Rt,1.3345449723993,1.48074065589401,1.55141021955817,1.5359663412323,1.59983675051843,1.66455970083992,Additional 50% Reduction,Iraq,IRQ,2020-06-17,v3
2020-04-14,cumulative_infections,23156.725,27762.75,31311.5,31204.685,34310.5,39583.35,Maintain Status Quo,Iraq,IRQ,2020-06-17,v3
2020-04-14,deaths,1,1,2,2.11,3,4,Maintain Status Quo,Iraq,IRQ,2020-06-17,v3
2020-04-14,hospital_demand,61.975,77,87.5,87.91,98.25,120.1,Maintain Status Quo,Iraq,IRQ,2020-06-17,v3
2020-04-14,ICU_demand,14,19,23,23.435,27,34,Maintain Status Quo,Iraq,IRQ,2020-06-17,v3
2020-04-14,infections,107.975,151.75,178,182.565,208.25,285.175,Maintain Status Quo,Iraq,IRQ,2020-06-17,v3
2020-04-14,Rt,1.3345449723993,1.48074065589401,1.55141021955817,1.5359663412323,1.59983675051843,1.66455970083992,Maintain Status Quo,Iraq,IRQ,2020-06-17,v3
2020-04-14,cumulative_infections,23156.725,27762.75,31311.5,31204.685,34310.5,39583.35,Relax Interventions 50%,Iraq,IRQ,2020-06-17,v3
2020-04-14,deaths,1,1,2,2.11,3,4,Relax Interventions 50%,Iraq,IRQ,2020-06-17,v3
2020-04-14,hospital_demand,61.975,77,87.5,87.91,98.25,120.1,Relax Interventions 50%,Iraq,IRQ,2020-06-17,v3
2020-04-14,ICU_demand,14,19,23,23.435,27,34,Relax Interventions 50%,Iraq,IRQ,2020-06-17,v3
2020-04-14,infections,107.975,151.75,178,182.565,208.25,285.175,Relax Interventions 50%,Iraq,IRQ,2020-06-17,v3
2020-04-14,Rt,1.3345449723993,1.48074065589401,1.55141021955817,1.5359663412323,1.59983675051843,1.66455970083992,Relax Interventions 50%,Iraq,IRQ,2020-06-17,v3
2020-04-14,cumulative_infections,22209.025,27811.75,31032,31072.345,33925.5,40188.525,Surged Additional 50% Reduction,Iraq,IRQ,2020-06-17,v3
2020-04-14,deaths,1,1,2,2.125,3,4,Surged Additional 50% Reduction,Iraq,IRQ,2020-06-17,v3
2020-04-14,hospital_demand,55,74.75,85,87.025,99.25,119.05,Surged Additional 50% Reduction,Iraq,IRQ,2020-06-17,v3
2020-04-14,ICU_demand,12.975,19,22,22.765,26,34.025,Surged Additional 50% Reduction,Iraq,IRQ,2020-06-17,v3
2020-04-14,infections,111.9,145,177,181.5,205.25,292.125,Surged Additional 50% Reduction,Iraq,IRQ,2020-06-17,v3
2020-04-14,Rt,1.33919440833287,1.47744096842799,1.53615957097117,1.52914125328919,1.59813078786694,1.66763081694749,Surged Additional 50% Reduction,Iraq,IRQ,2020-06-17,v3
2020-04-14,cumulative_infections,22209.025,27811.75,31032,31072.345,33925.5,40188.525,Surged Maintain Status Quo,Iraq,IRQ,2020-06-17,v3
2020-04-14,deaths,1,1,2,2.125,3,4,Surged Maintain Status Quo,Iraq,IRQ,2020-06-17,v3
2020-04-14,hospital_demand,55,74.75,85,87.025,99.25,119.05,Surged Maintain Status Quo,Iraq,IRQ,2020-06-17,v3
2020-04-14,ICU_demand,12.975,19,22,22.765,26,34.025,Surged Maintain Status Quo,Iraq,IRQ,2020-06-17,v3
2020-04-14,infections,111.9,145,177,181.5,205.25,292.125,Surged Maintain Status Quo,Iraq,IRQ,2020-06-17,v3
2020-04-14,Rt,1.33919440833287,1.47744096842799,1.53615957097117,1.52914125328919,1.59813078786694,1.66763081694749,Surged Maintain Status Quo,Iraq,IRQ,2020-06-17,v3
2020-04-14,cumulative_infections,22209.025,27811.75,31032,31072.345,33925.5,40188.525,Surged Relax Interventions 50%,Iraq,IRQ,2020-06-17,v3
2020-04-14,deaths,1,1,2,2.125,3,4,Surged Relax Interventions 50%,Iraq,IRQ,2020-06-17,v3
2020-04-14,hospital_demand,55,74.75,85,87.025,99.25,119.05,Surged Relax Interventions 50%,Iraq,IRQ,2020-06-17,v3
2020-04-14,ICU_demand,12.975,19,22,22.765,26,34.025,Surged Relax Interventions 50%,Iraq,IRQ,2020-06-17,v3
2020-04-14,infections,111.9,145,177,181.5,205.25,292.125,Surged Relax Interventions 50%,Iraq,IRQ,2020-06-17,v3
2020-04-14,Rt,1.33919440833287,1.47744096842799,1.53615957097117,1.52914125328919,1.59813078786694,1.66763081694749,Surged Relax Interventions 50%,Iraq,IRQ,2020-06-17,v3
2020-04-15,cumulative_infections,23328.1,27964.75,31476.5,31402.95,34515.5,39770.5,Additional 50% Reduction,Iraq,IRQ,2020-06-17,v3
2020-04-15,deaths,0,0,1,0.87,1,3.02500000000001,Additional 50% Reduction,Iraq,IRQ,2020-06-17,v3
2020-04-15,hospital_demand,55.975,70.75,80,81.445,91,114.05,Additional 50% Reduction,Iraq,IRQ,2020-06-17,v3
2020-04-15,ICU_demand,12.975,19,22,22.61,26,32,Additional 50% Reduction,Iraq,IRQ,2020-06-17,v3
2020-04-15,infections,126,168,194,198.265,223,295.275,Additional 50% Reduction,Iraq,IRQ,2020-06-17,v3
2020-04-15,Rt,1.36686622132205,1.5066179287035,1.57180138594687,1.55830792291758,1.61876862661423,1.67913925615524,Additional 50% Reduction,Iraq,IRQ,2020-06-17,v3
2020-04-15,cumulative_infections,23328.1,27964.75,31476.5,31402.95,34515.5,39770.5,Maintain Status Quo,Iraq,IRQ,2020-06-17,v3
2020-04-15,deaths,0,0,1,0.87,1,3.02500000000001,Maintain Status Quo,Iraq,IRQ,2020-06-17,v3
2020-04-15,hospital_demand,55.975,70.75,80,81.445,91,114.05,Maintain Status Quo,Iraq,IRQ,2020-06-17,v3
2020-04-15,ICU_demand,12.975,19,22,22.61,26,32,Maintain Status Quo,Iraq,IRQ,2020-06-17,v3
2020-04-15,infections,126,168,194,198.265,223,295.275,Maintain Status Quo,Iraq,IRQ,2020-06-17,v3
2020-04-15,Rt,1.36686622132205,1.5066179287035,1.57180138594687,1.55830792291758,1.61876862661423,1.67913925615524,Maintain Status Quo,Iraq,IRQ,2020-06-17,v3
2020-04-15,cumulative_infections,23328.1,27964.75,31476.5,31402.95,34515.5,39770.5,Relax Interventions 50%,Iraq,IRQ,2020-06-17,v3
2020-04-15,deaths,0,0,1,0.87,1,3.02500000000001,Relax Interventions 50%,Iraq,IRQ,2020-06-17,v3
2020-04-15,hospital_demand,55.975,70.75,80,81.445,91,114.05,Relax Interventions 50%,Iraq,IRQ,2020-06-17,v3
2020-04-15,ICU_demand,12.975,19,22,22.61,26,32,Relax Interventions 50%,Iraq,IRQ,2020-06-17,v3
2020-04-15,infections,126,168,194,198.265,223,295.275,Relax Interventions 50%,Iraq,IRQ,2020-06-17,v3
2020-04-15,Rt,1.36686622132205,1.5066179287035,1.57180138594687,1.55830792291758,1.61876862661423,1.67913925615524,Relax Interventions 50%,Iraq,IRQ,2020-06-17,v3
2020-04-15,cumulative_infections,22418.925,28059,31250.5,31272.025,34258.75,40409.675,Surged Additional 50% Reduction,Iraq,IRQ,2020-06-17,v3
2020-04-15,deaths,0,0,1,0.935,1,4,Surged Additional 50% Reduction,Iraq,IRQ,2020-06-17,v3
2020-04-15,hospital_demand,50,70,79,81.23,91.25,113.05,Surged Additional 50% Reduction,Iraq,IRQ,2020-06-17,v3
2020-04-15,ICU_demand,12,18,22,21.865,25,32,Surged Additional 50% Reduction,Iraq,IRQ,2020-06-17,v3
2020-04-15,infections,120.925,164.75,196,199.68,227.25,305,Surged Additional 50% Reduction,Iraq,IRQ,2020-06-17,v3
2020-04-15,Rt,1.37370077247966,1.50400724571246,1.55782138074566,1.55203215414765,1.61574817323499,1.68473964211414,Surged Additional 50% Reduction,Iraq,IRQ,2020-06-17,v3
2020-04-15,cumulative_infections,22418.925,28059,31250.5,31272.025,34258.75,40409.675,Surged Maintain Status Quo,Iraq,IRQ,2020-06-17,v3
2020-04-15,deaths,0,0,1,0.935,1,4,Surged Maintain Status Quo,Iraq,IRQ,2020-06-17,v3
2020-04-15,hospital_demand,50,70,79,81.23,91.25,113.05,Surged Maintain Status Quo,Iraq,IRQ,2020-06-17,v3
2020-04-15,ICU_demand,12,18,22,21.865,25,32,Surged Maintain Status Quo,Iraq,IRQ,2020-06-17,v3
2020-04-15,infections,120.925,164.75,196,199.68,227.25,305,Surged Maintain Status Quo,Iraq,IRQ,2020-06-17,v3
2020-04-15,Rt,1.37370077247966,1.50400724571246,1.55782138074566,1.55203215414765,1.61574817323499,1.68473964211414,Surged Maintain Status Quo,Iraq,IRQ,2020-06-17,v3
2020-04-15,cumulative_infections,22418.925,28059,31250.5,31272.025,34258.75,40409.675,Surged Relax Interventions 50%,Iraq,IRQ,2020-06-17,v3
2020-04-15,deaths,0,0,1,0.935,1,4,Surged Relax Interventions 50%,Iraq,IRQ,2020-06-17,v3
2020-04-15,hospital_demand,50,70,79,81.23,91.25,113.05,Surged Relax Interventions 50%,Iraq,IRQ,2020-06-17,v3
2020-04-15,ICU_demand,12,18,22,21.865,25,32,Surged Relax Interventions 50%,Iraq,IRQ,2020-06-17,v3
2020-04-15,infections,120.925,164.75,196,199.68,227.25,305,Surged Relax Interventions 50%,Iraq,IRQ,2020-06-17,v3
2020-04-15,Rt,1.37370077247966,1.50400724571246,1.55782138074566,1.55203215414765,1.61574817323499,1.68473964211414,Surged Relax Interventions 50%,Iraq,IRQ,2020-06-17,v3
2020-04-16,cumulative_infections,23494.725,28143.5,31656.5,31622.47,34741.75,39990.175,Additional 50% Reduction,Iraq,IRQ,2020-06-17,v3
2020-04-16,deaths,1,1,2,1.81,2,4,Additional 50% Reduction,Iraq,IRQ,2020-06-17,v3
2020-04-16,hospital_demand,51.975,65,75,75.905,85,107.1,Additional 50% Reduction,Iraq,IRQ,2020-06-17,v3
2020-04-16,ICU_demand,11,18,21,20.98,25,30.025,Additional 50% Reduction,Iraq,IRQ,2020-06-17,v3
2020-04-16,infections,138.925,184.75,215.5,219.52,248.25,331.3,Additional 50% Reduction,Iraq,IRQ,2020-06-17,v3
2020-04-16,Rt,1.36686622132205,1.5066179287035,1.57180138594687,1.55830792291758,1.61876862661423,1.67913925615524,Additional 50% Reduction,Iraq,IRQ,2020-06-17,v3
2020-04-16,cumulative_infections,23494.725,28143.5,31656.5,31622.47,34741.75,39990.175,Maintain Status Quo,Iraq,IRQ,2020-06-17,v3
2020-04-16,deaths,1,1,2,1.81,2,4,Maintain Status Quo,Iraq,IRQ,2020-06-17,v3
2020-04-16,hospital_demand,51.975,65,75,75.905,85,107.1,Maintain Status Quo,Iraq,IRQ,2020-06-17,v3
2020-04-16,ICU_demand,11,18,21,20.98,25,30.025,Maintain Status Quo,Iraq,IRQ,2020-06-17,v3
2020-04-16,infections,138.925,184.75,215.5,219.52,248.25,331.3,Maintain Status Quo,Iraq,IRQ,2020-06-17,v3
2020-04-16,Rt,1.36686622132205,1.5066179287035,1.57180138594687,1.55830792291758,1.61876862661423,1.67913925615524,Maintain Status Quo,Iraq,IRQ,2020-06-17,v3
2020-04-16,cumulative_infections,23494.725,28143.5,31656.5,31622.47,34741.75,39990.175,Relax Interventions 50%,Iraq,IRQ,2020-06-17,v3
2020-04-16,deaths,1,1,2,1.81,2,4,Relax Interventions 50%,Iraq,IRQ,2020-06-17,v3
2020-04-16,hospital_demand,51.975,65,75,75.905,85,107.1,Relax Interventions 50%,Iraq,IRQ,2020-06-17,v3
2020-04-16,ICU_demand,11,18,21,20.98,25,30.025,Relax Interventions 50%,Iraq,IRQ,2020-06-17,v3
2020-04-16,infections,138.925,184.75,215.5,219.52,248.25,331.3,Relax Interventions 50%,Iraq,IRQ,2020-06-17,v3
2020-04-16,Rt,1.36686622132205,1.5066179287035,1.57180138594687,1.55830792291758,1.61876862661423,1.67913925615524,Relax Interventions 50%,Iraq,IRQ,2020-06-17,v3
2020-04-16,cumulative_infections,22691.675,28350.5,31494.5,31491.525,34555,40671.2,Surged Additional 50% Reduction,Iraq,IRQ,2020-06-17,v3
2020-04-16,deaths,1,1,1,1.725,2,4,Surged Additional 50% Reduction,Iraq,IRQ,2020-06-17,v3
2020-04-16,hospital_demand,47.975,64,73.5,75.255,84.25,105.05,Surged Additional 50% Reduction,Iraq,IRQ,2020-06-17,v3
2020-04-16,ICU_demand,11.975,17,20,20.485,23,31,Surged Additional 50% Reduction,Iraq,IRQ,2020-06-17,v3
2020-04-16,infections,135.95,183,214,219.5,250.25,340.1,Surged Additional 50% Reduction,Iraq,IRQ,2020-06-17,v3
2020-04-16,Rt,1.37370077247966,1.50400724571246,1.55782138074566,1.55203215414765,1.61574817323499,1.68473964211414,Surged Additional 50% Reduction,Iraq,IRQ,2020-06-17,v3
2020-04-16,cumulative_infections,22691.675,28350.5,31494.5,31491.525,34555,40671.2,Surged Maintain Status Quo,Iraq,IRQ,2020-06-17,v3
2020-04-16,deaths,1,1,1,1.725,2,4,Surged Maintain Status Quo,Iraq,IRQ,2020-06-17,v3
2020-04-16,hospital_demand,47.975,64,73.5,75.255,84.25,105.05,Surged Maintain Status Quo,Iraq,IRQ,2020-06-17,v3
2020-04-16,ICU_demand,11.975,17,20,20.485,23,31,Surged Maintain Status Quo,Iraq,IRQ,2020-06-17,v3
2020-04-16,infections,135.95,183,214,219.5,250.25,340.1,Surged Maintain Status Quo,Iraq,IRQ,2020-06-17,v3
2020-04-16,Rt,1.37370077247966,1.50400724571246,1.55782138074566,1.55203215414765,1.61574817323499,1.68473964211414,Surged Maintain Status Quo,Iraq,IRQ,2020-06-17,v3
2020-04-16,cumulative_infections,22691.675,28350.5,31494.5,31491.525,34555,40671.2,Surged Relax Interventions 50%,Iraq,IRQ,2020-06-17,v3
2020-04-16,deaths,1,1,1,1.725,2,4,Surged Relax Interventions 50%,Iraq,IRQ,2020-06-17,v3
2020-04-16,hospital_demand,47.975,64,73.5,75.255,84.25,105.05,Surged Relax Interventions 50%,Iraq,IRQ,2020-06-17,v3
2020-04-16,ICU_demand,11.975,17,20,20.485,23,31,Surged Relax Interventions 50%,Iraq,IRQ,2020-06-17,v3
2020-04-16,infections,135.95,183,214,219.5,250.25,340.1,Surged Relax Interventions 50%,Iraq,IRQ,2020-06-17,v3
2020-04-16,Rt,1.37370077247966,1.50400724571246,1.55782138074566,1.55203215414765,1.61574817323499,1.68473964211414,Surged Relax Interventions 50%,Iraq,IRQ,2020-06-17,v3
2020-04-17,cumulative_infections,23704.625,28359,31858,31863.43,34953.75,40196.75,Additional 50% Reduction,Iraq,IRQ,2020-06-17,v3
2020-04-17,deaths,1,1,1,1.63,2,4,Additional 50% Reduction,Iraq,IRQ,2020-06-17,v3
2020-04-17,hospital_demand,46,61,71,70.955,80.25,101.075,Additional 50% Reduction,Iraq,IRQ,2020-06-17,v3
2020-04-17,ICU_demand,11,16,19,19.57,23,28,Additional 50% Reduction,Iraq,IRQ,2020-06-17,v3
2020-04-17,infections,149.875,205,235.5,240.96,267.25,357.075,Additional 50% Reduction,Iraq,IRQ,2020-06-17,v3
2020-04-17,Rt,1.43516092538131,1.55147906158094,1.60974591042417,1.5977059196648,1.64749489454983,1.70576151724125,Additional 50% Reduction,Iraq,IRQ,2020-06-17,v3
2020-04-17,cumulative_infections,23704.625,28359,31858,31863.43,34953.75,40196.75,Maintain Status Quo,Iraq,IRQ,2020-06-17,v3
2020-04-17,deaths,1,1,1,1.63,2,4,Maintain Status Quo,Iraq,IRQ,2020-06-17,v3
2020-04-17,hospital_demand,46,61,71,70.955,80.25,101.075,Maintain Status Quo,Iraq,IRQ,2020-06-17,v3
2020-04-17,ICU_demand,11,16,19,19.57,23,28,Maintain Status Quo,Iraq,IRQ,2020-06-17,v3
2020-04-17,infections,149.875,205,235.5,240.96,267.25,357.075,Maintain Status Quo,Iraq,IRQ,2020-06-17,v3
2020-04-17,Rt,1.43516092538131,1.55147906158094,1.60974591042417,1.5977059196648,1.64749489454983,1.70576151724125,Maintain Status Quo,Iraq,IRQ,2020-06-17,v3
2020-04-17,cumulative_infections,23704.625,28359,31858,31863.43,34953.75,40196.75,Relax Interventions 50%,Iraq,IRQ,2020-06-17,v3
2020-04-17,deaths,1,1,1,1.63,2,4,Relax Interventions 50%,Iraq,IRQ,2020-06-17,v3
2020-04-17,hospital_demand,46,61,71,70.955,80.25,101.075,Relax Interventions 50%,Iraq,IRQ,2020-06-17,v3
2020-04-17,ICU_demand,11,16,19,19.57,23,28,Relax Interventions 50%,Iraq,IRQ,2020-06-17,v3
2020-04-17,infections,149.875,205,235.5,240.96,267.25,357.075,Relax Interventions 50%,Iraq,IRQ,2020-06-17,v3
2020-04-17,Rt,1.43516092538131,1.55147906158094,1.60974591042417,1.5977059196648,1.64749489454983,1.70576151724125,Relax Interventions 50%,Iraq,IRQ,2020-06-17,v3
2020-04-17,cumulative_infections,22956.525,28593.5,31747.5,31730.805,34774.25,40945.75,Surged Additional 50% Reduction,Iraq,IRQ,2020-06-17,v3
2020-04-17,deaths,1,1,2,1.85,2,4,Surged Additional 50% Reduction,Iraq,IRQ,2020-06-17,v3
2020-04-17,hospital_demand,47.85,60,69,70.46,80,100.05,Surged Additional 50% Reduction,Iraq,IRQ,2020-06-17,v3
2020-04-17,ICU_demand,11,16,19,18.955,21.25,29,Surged Additional 50% Reduction,Iraq,IRQ,2020-06-17,v3
2020-04-17,infections,151.975,199,229.5,239.28,274,355.1,Surged Additional 50% Reduction,Iraq,IRQ,2020-06-17,v3
2020-04-17,Rt,1.43472827925544,1.54650525917316,1.59527314980951,1.5924061017821,1.64650162604114,1.71387964322252,Surged Additional 50% Reduction,Iraq,IRQ,2020-06-17,v3
2020-04-17,cumulative_infections,22956.525,28593.5,31747.5,31730.805,34774.25,40945.75,Surged Maintain Status Quo,Iraq,IRQ,2020-06-17,v3
2020-04-17,deaths,1,1,2,1.85,2,4,Surged Maintain Status Quo,Iraq,IRQ,2020-06-17,v3
2020-04-17,hospital_demand,47.85,60,69,70.46,80,100.05,Surged Maintain Status Quo,Iraq,IRQ,2020-06-17,v3
2020-04-17,ICU_demand,11,16,19,18.955,21.25,29,Surged Maintain Status Quo,Iraq,IRQ,2020-06-17,v3
2020-04-17,infections,151.975,199,229.5,239.28,274,355.1,Surged Maintain Status Quo,Iraq,IRQ,2020-06-17,v3
2020-04-17,Rt,1.43472827925544,1.54650525917316,1.59527314980951,1.5924061017821,1.64650162604114,1.71387964322252,Surged Maintain Status Quo,Iraq,IRQ,2020-06-17,v3
2020-04-17,cumulative_infections,22956.525,28593.5,31747.5,31730.805,34774.25,40945.75,Surged Relax Interventions 50%,Iraq,IRQ,2020-06-17,v3
2020-04-17,deaths,1,1,2,1.85,2,4,Surged Relax Interventions 50%,Iraq,IRQ,2020-06-17,v3
2020-04-17,hospital_demand,47.85,60,69,70.46,80,100.05,Surged Relax Interventions 50%,Iraq,IRQ,2020-06-17,v3
2020-04-17,ICU_demand,11,16,19,18.955,21.25,29,Surged Relax Interventions 50%,Iraq,IRQ,2020-06-17,v3
2020-04-17,infections,151.975,199,229.5,239.28,274,355.1,Surged Relax Interventions 50%,Iraq,IRQ,2020-06-17,v3
2020-04-17,Rt,1.43472827925544,1.54650525917316,1.59527314980951,1.5924061017821,1.64650162604114,1.71387964322252,Surged Relax Interventions 50%,Iraq,IRQ,2020-06-17,v3
2020-04-18,cumulative_infections,23934.925,28620,32086.5,32123.415,35288,40464.375,Additional 50% Reduction,Iraq,IRQ,2020-06-17,v3
2020-04-18,deaths,1,1,1,1.715,2,4,Additional 50% Reduction,Iraq,IRQ,2020-06-17,v3
2020-04-18,hospital_demand,41,56.75,66,67.085,77.25,96,Additional 50% Reduction,Iraq,IRQ,2020-06-17,v3
2020-04-18,ICU_demand,10.95,15,18,18.175,22,27,Additional 50% Reduction,Iraq,IRQ,2020-06-17,v3
2020-04-18,infections,164.95,224.5,252,259.985,297.25,373.35,Additional 50% Reduction,Iraq,IRQ,2020-06-17,v3
2020-04-18,Rt,1.43179817895778,1.54968181968742,1.60810916725437,1.59582160023649,1.64609017173003,1.70445443810725,Additional 50% Reduction,Iraq,IRQ,2020-06-17,v3
2020-04-18,cumulative_infections,23934.925,28620,32086.5,32123.415,35288,40464.375,Maintain Status Quo,Iraq,IRQ,2020-06-17,v3
2020-04-18,deaths,1,1,1,1.715,2,4,Maintain Status Quo,Iraq,IRQ,2020-06-17,v3
2020-04-18,hospital_demand,41,56.75,66,67.085,77.25,96,Maintain Status Quo,Iraq,IRQ,2020-06-17,v3
2020-04-18,ICU_demand,10.95,15,18,18.175,22,27,Maintain Status Quo,Iraq,IRQ,2020-06-17,v3
2020-04-18,infections,164.95,224.5,252,259.985,297.25,373.35,Maintain Status Quo,Iraq,IRQ,2020-06-17,v3
2020-04-18,Rt,1.43179817895778,1.54968181968742,1.60810916725437,1.59582160023649,1.64609017173003,1.70445443810725,Maintain Status Quo,Iraq,IRQ,2020-06-17,v3
2020-04-18,cumulative_infections,23934.925,28620,32086.5,32123.415,35288,40464.375,Relax Interventions 50%,Iraq,IRQ,2020-06-17,v3
2020-04-18,deaths,1,1,1,1.715,2,4,Relax Interventions 50%,Iraq,IRQ,2020-06-17,v3
2020-04-18,hospital_demand,41,56.75,66,67.085,77.25,96,Relax Interventions 50%,Iraq,IRQ,2020-06-17,v3
2020-04-18,ICU_demand,10.95,15,18,18.175,22,27,Relax Interventions 50%,Iraq,IRQ,2020-06-17,v3
2020-04-18,infections,164.95,224.5,252,259.985,297.25,373.35,Relax Interventions 50%,Iraq,IRQ,2020-06-17,v3
2020-04-18,Rt,1.43179817895778,1.54968181968742,1.60810916725437,1.59582160023649,1.64609017173003,1.70445443810725,Relax Interventions 50%,Iraq,IRQ,2020-06-17,v3
2020-04-18,cumulative_infections,23216,28835.75,32033,31989.62,35029.5,41239.1,Surged Additional 50% Reduction,Iraq,IRQ,2020-06-17,v3
2020-04-18,deaths,1,1,2,1.7,2,3.02500000000001,Surged Additional 50% Reduction,Iraq,IRQ,2020-06-17,v3
2020-04-18,hospital_demand,43.975,57,65,66.515,74,96,Surged Additional 50% Reduction,Iraq,IRQ,2020-06-17,v3
2020-04-18,ICU_demand,11,14.75,17,17.81,20,28.025,Surged Additional 50% Reduction,Iraq,IRQ,2020-06-17,v3
2020-04-18,infections,168.975,211,253.5,258.815,297.25,370.1,Surged Additional 50% Reduction,Iraq,IRQ,2020-06-17,v3
2020-04-18,Rt,1.43180521274368,1.54449472614549,1.59357121903422,1.59047490849268,1.64510547085695,1.71251649520192,Surged Additional 50% Reduction,Iraq,IRQ,2020-06-17,v3
2020-04-18,cumulative_infections,23216,28835.75,32033,31989.62,35029.5,41239.1,Surged Maintain Status Quo,Iraq,IRQ,2020-06-17,v3
2020-04-18,deaths,1,1,2,1.7,2,3.02500000000001,Surged Maintain Status Quo,Iraq,IRQ,2020-06-17,v3
2020-04-18,hospital_demand,43.975,57,65,66.515,74,96,Surged Maintain Status Quo,Iraq,IRQ,2020-06-17,v3
2020-04-18,ICU_demand,11,14.75,17,17.81,20,28.025,Surged Maintain Status Quo,Iraq,IRQ,2020-06-17,v3
2020-04-18,infections,168.975,211,253.5,258.815,297.25,370.1,Surged Maintain Status Quo,Iraq,IRQ,2020-06-17,v3
2020-04-18,Rt,1.43180521274368,1.54449472614549,1.59357121903422,1.59047490849268,1.64510547085695,1.71251649520192,Surged Maintain Status Quo,Iraq,IRQ,2020-06-17,v3
2020-04-18,cumulative_infections,23216,28835.75,32033,31989.62,35029.5,41239.1,Surged Relax Interventions 50%,Iraq,IRQ,2020-06-17,v3
2020-04-18,deaths,1,1,2,1.7,2,3.02500000000001,Surged Relax Interventions 50%,Iraq,IRQ,2020-06-17,v3
2020-04-18,hospital_demand,43.975,57,65,66.515,74,96,Surged Relax Interventions 50%,Iraq,IRQ,2020-06-17,v3
2020-04-18,ICU_demand,11,14.75,17,17.81,20,28.025,Surged Relax Interventions 50%,Iraq,IRQ,2020-06-17,v3
2020-04-18,infections,168.975,211,253.5,258.815,297.25,370.1,Surged Relax Interventions 50%,Iraq,IRQ,2020-06-17,v3
2020-04-18,Rt,1.43180521274368,1.54449472614549,1.59357121903422,1.59047490849268,1.64510547085695,1.71251649520192,Surged Relax Interventions 50%,Iraq,IRQ,2020-06-17,v3
2020-04-19,cumulative_infections,24145.45,28901.25,32317.5,32401.275,35600,40753.25,Additional 50% Reduction,Iraq,IRQ,2020-06-17,v3
2020-04-19,deaths,0,0,0,0.665,1,3,Additional 50% Reduction,Iraq,IRQ,2020-06-17,v3
2020-04-19,hospital_demand,38.975,55,62,63.62,74,87.05,Additional 50% Reduction,Iraq,IRQ,2020-06-17,v3
2020-04-19,ICU_demand,10,15,17,17.89,21,28,Additional 50% Reduction,Iraq,IRQ,2020-06-17,v3
2020-04-19,infections,176.95,239,270.5,277.86,312.25,395.425,Additional 50% Reduction,Iraq,IRQ,2020-06-17,v3
2020-04-19,Rt,1.45541093390971,1.56432674969187,1.61937629068511,1.60902830795269,1.65554840608676,1.71438835276523,Additional 50% Reduction,Iraq,IRQ,2020-06-17,v3
2020-04-19,cumulative_infections,24145.45,28901.25,32317.5,32401.275,35600,40753.25,Maintain Status Quo,Iraq,IRQ,2020-06-17,v3
2020-04-19,deaths,0,0,0,0.665,1,3,Maintain Status Quo,Iraq,IRQ,2020-06-17,v3
2020-04-19,hospital_demand,38.975,55,62,63.62,74,87.05,Maintain Status Quo,Iraq,IRQ,2020-06-17,v3
2020-04-19,ICU_demand,10,15,17,17.89,21,28,Maintain Status Quo,Iraq,IRQ,2020-06-17,v3
2020-04-19,infections,176.95,239,270.5,277.86,312.25,395.425,Maintain Status Quo,Iraq,IRQ,2020-06-17,v3
2020-04-19,Rt,1.45541093390971,1.56432674969187,1.61937629068511,1.60902830795269,1.65554840608676,1.71438835276523,Maintain Status Quo,Iraq,IRQ,2020-06-17,v3
2020-04-19,cumulative_infections,24145.45,28901.25,32317.5,32401.275,35600,40753.25,Relax Interventions 50%,Iraq,IRQ,2020-06-17,v3
2020-04-19,deaths,0,0,0,0.665,1,3,Relax Interventions 50%,Iraq,IRQ,2020-06-17,v3
2020-04-19,hospital_demand,38.975,55,62,63.62,74,87.05,Relax Interventions 50%,Iraq,IRQ,2020-06-17,v3
2020-04-19,ICU_demand,10,15,17,17.89,21,28,Relax Interventions 50%,Iraq,IRQ,2020-06-17,v3
2020-04-19,infections,176.95,239,270.5,277.86,312.25,395.425,Relax Interventions 50%,Iraq,IRQ,2020-06-17,v3
2020-04-19,Rt,1.45541093390971,1.56432674969187,1.61937629068511,1.60902830795269,1.65554840608676,1.71438835276523,Relax Interventions 50%,Iraq,IRQ,2020-06-17,v3
2020-04-19,cumulative_infections,23546.475,29042.75,32346.5,32269.535,35253.25,41562.725,Surged Additional 50% Reduction,Iraq,IRQ,2020-06-17,v3
2020-04-19,deaths,0,0,0,0.66,1,3,Surged Additional 50% Reduction,Iraq,IRQ,2020-06-17,v3
2020-04-19,hospital_demand,39.975,53,62,63.245,73,94,Surged Additional 50% Reduction,Iraq,IRQ,2020-06-17,v3
2020-04-19,ICU_demand,9,14,17,17.28,20,28,Surged Additional 50% Reduction,Iraq,IRQ,2020-06-17,v3
2020-04-19,infections,182.975,231.75,276,279.915,321,400.2,Surged Additional 50% Reduction,Iraq,IRQ,2020-06-17,v3
2020-04-19,Rt,1.45231766444518,1.55862364413867,1.60559607403147,1.6040105325596,1.65463839745381,1.72205515234964,Surged Additional 50% Reduction,Iraq,IRQ,2020-06-17,v3
2020-04-19,cumulative_infections,23546.475,29042.75,32346.5,32269.535,35253.25,41562.725,Surged Maintain Status Quo,Iraq,IRQ,2020-06-17,v3
2020-04-19,deaths,0,0,0,0.66,1,3,Surged Maintain Status Quo,Iraq,IRQ,2020-06-17,v3
2020-04-19,hospital_demand,39.975,53,62,63.245,73,94,Surged Maintain Status Quo,Iraq,IRQ,2020-06-17,v3
2020-04-19,ICU_demand,9,14,17,17.28,20,28,Surged Maintain Status Quo,Iraq,IRQ,2020-06-17,v3
2020-04-19,infections,182.975,231.75,276,279.915,321,400.2,Surged Maintain Status Quo,Iraq,IRQ,2020-06-17,v3
2020-04-19,Rt,1.45231766444518,1.55862364413867,1.60559607403147,1.6040105325596,1.65463839745381,1.72205515234964,Surged Maintain Status Quo,Iraq,IRQ,2020-06-17,v3
2020-04-19,cumulative_infections,23546.475,29042.75,32346.5,32269.535,35253.25,41562.725,Surged Relax Interventions 50%,Iraq,IRQ,2020-06-17,v3
2020-04-19,deaths,0,0,0,0.66,1,3,Surged Relax Interventions 50%,Iraq,IRQ,2020-06-17,v3
2020-04-19,hospital_demand,39.975,53,62,63.245,73,94,Surged Relax Interventions 50%,Iraq,IRQ,2020-06-17,v3
2020-04-19,ICU_demand,9,14,17,17.28,20,28,Surged Relax Interventions 50%,Iraq,IRQ,2020-06-17,v3
2020-04-19,infections,182.975,231.75,276,279.915,321,400.2,Surged Relax Interventions 50%,Iraq,IRQ,2020-06-17,v3
2020-04-19,Rt,1.45231766444518,1.55862364413867,1.60559607403147,1.6040105325596,1.65463839745381,1.72205515234964,Surged Relax Interventions 50%,Iraq,IRQ,2020-06-17,v3
2020-04-20,cumulative_infections,24425.125,29223.75,32568.5,32702.435,35934.5,41136.425,Additional 50% Reduction,Iraq,IRQ,2020-06-17,v3
2020-04-20,deaths,1,1,1,1.65,2,3,Additional 50% Reduction,Iraq,IRQ,2020-06-17,v3
2020-04-20,hospital_demand,36.975,52.75,60,60.84,69.25,84.025,Additional 50% Reduction,Iraq,IRQ,2020-06-17,v3
2020-04-20,ICU_demand,9,14,17,16.89,20,25.025,Additional 50% Reduction,Iraq,IRQ,2020-06-17,v3
2020-04-20,infections,194.975,263,291.5,301.16,340.5,417.375,Additional 50% Reduction,Iraq,IRQ,2020-06-17,v3
2020-04-20,Rt,1.45879153699531,1.56645996582414,1.62095685071517,1.61091807781303,1.65687364105282,1.71582820468153,Additional 50% Reduction,Iraq,IRQ,2020-06-17,v3
2020-04-20,cumulative_infections,24425.125,29223.75,32568.5,32702.435,35934.5,41136.425,Maintain Status Quo,Iraq,IRQ,2020-06-17,v3
2020-04-20,deaths,1,1,1,1.65,2,3,Maintain Status Quo,Iraq,IRQ,2020-06-17,v3
2020-04-20,hospital_demand,36.975,52.75,60,60.84,69.25,84.025,Maintain Status Quo,Iraq,IRQ,2020-06-17,v3
2020-04-20,ICU_demand,9,14,17,16.89,20,25.025,Maintain Status Quo,Iraq,IRQ,2020-06-17,v3
2020-04-20,infections,194.975,263,291.5,301.16,340.5,417.375,Maintain Status Quo,Iraq,IRQ,2020-06-17,v3
2020-04-20,Rt,1.45879153699531,1.56645996582414,1.62095685071517,1.61091807781303,1.65687364105282,1.71582820468153,Maintain Status Quo,Iraq,IRQ,2020-06-17,v3
2020-04-20,cumulative_infections,24425.125,29223.75,32568.5,32702.435,35934.5,41136.425,Relax Interventions 50%,Iraq,IRQ,2020-06-17,v3
2020-04-20,deaths,1,1,1,1.65,2,3,Relax Interventions 50%,Iraq,IRQ,2020-06-17,v3
2020-04-20,hospital_demand,36.975,52.75,60,60.84,69.25,84.025,Relax Interventions 50%,Iraq,IRQ,2020-06-17,v3
2020-04-20,ICU_demand,9,14,17,16.89,20,25.025,Relax Interventions 50%,Iraq,IRQ,2020-06-17,v3
2020-04-20,infections,194.975,263,291.5,301.16,340.5,417.375,Relax Interventions 50%,Iraq,IRQ,2020-06-17,v3
2020-04-20,Rt,1.45879153699531,1.56645996582414,1.62095685071517,1.61091807781303,1.65687364105282,1.71582820468153,Relax Interventions 50%,Iraq,IRQ,2020-06-17,v3
2020-04-20,cumulative_infections,23864.95,29278,32655.5,32571.675,35604.25,41932.5,Surged Additional 50% Reduction,Iraq,IRQ,2020-06-17,v3
2020-04-20,deaths,1,1,1,1.595,2,4,Surged Additional 50% Reduction,Iraq,IRQ,2020-06-17,v3
2020-04-20,hospital_demand,37,50,58,59.805,67,91.075,Surged Additional 50% Reduction,Iraq,IRQ,2020-06-17,v3
2020-04-20,ICU_demand,8,13,15,16.315,19,26.025,Surged Additional 50% Reduction,Iraq,IRQ,2020-06-17,v3
2020-04-20,infections,205.975,259.75,297.5,302.14,339.25,436.2,Surged Additional 50% Reduction,Iraq,IRQ,2020-06-17,v3
2020-04-20,Rt,1.45525761032575,1.56060087111558,1.60778132995183,1.60594744068854,1.65608871002739,1.72341600222086,Surged Additional 50% Reduction,Iraq,IRQ,2020-06-17,v3
2020-04-20,cumulative_infections,23864.95,29278,32655.5,32571.675,35604.25,41932.5,Surged Maintain Status Quo,Iraq,IRQ,2020-06-17,v3
2020-04-20,deaths,1,1,1,1.595,2,4,Surged Maintain Status Quo,Iraq,IRQ,2020-06-17,v3
2020-04-20,hospital_demand,37,50,58,59.805,67,91.075,Surged Maintain Status Quo,Iraq,IRQ,2020-06-17,v3
2020-04-20,ICU_demand,8,13,15,16.315,19,26.025,Surged Maintain Status Quo,Iraq,IRQ,2020-06-17,v3
2020-04-20,infections,205.975,259.75,297.5,302.14,339.25,436.2,Surged Maintain Status Quo,Iraq,IRQ,2020-06-17,v3
2020-04-20,Rt,1.45525761032575,1.56060087111558,1.60778132995183,1.60594744068854,1.65608871002739,1.72341600222086,Surged Maintain Status Quo,Iraq,IRQ,2020-06-17,v3
2020-04-20,cumulative_infections,23864.95,29278,32655.5,32571.675,35604.25,41932.5,Surged Relax Interventions 50%,Iraq,IRQ,2020-06-17,v3
2020-04-20,deaths,1,1,1,1.595,2,4,Surged Relax Interventions 50%,Iraq,IRQ,2020-06-17,v3
2020-04-20,hospital_demand,37,50,58,59.805,67,91.075,Surged Relax Interventions 50%,Iraq,IRQ,2020-06-17,v3
2020-04-20,ICU_demand,8,13,15,16.315,19,26.025,Surged Relax Interventions 50%,Iraq,IRQ,2020-06-17,v3
2020-04-20,infections,205.975,259.75,297.5,302.14,339.25,436.2,Surged Relax Interventions 50%,Iraq,IRQ,2020-06-17,v3
2020-04-20,Rt,1.45525761032575,1.56060087111558,1.60778132995183,1.60594744068854,1.65608871002739,1.72341600222086,Surged Relax Interventions 50%,Iraq,IRQ,2020-06-17,v3
2020-04-21,cumulative_infections,24697.8,29492.75,32813.5,33027.105,36288.5,41539.325,Additional 50% Reduction,Iraq,IRQ,2020-06-17,v3
2020-04-21,deaths,0,0,0,0.55,1,2,Additional 50% Reduction,Iraq,IRQ,2020-06-17,v3
2020-04-21,hospital_demand,36,49,59,58.795,68,85.05,Additional 50% Reduction,Iraq,IRQ,2020-06-17,v3
2020-04-21,ICU_demand,8,14,17,16.64,20,25,Additional 50% Reduction,Iraq,IRQ,2020-06-17,v3
2020-04-21,infections,218,281,317.5,324.67,360.25,457.2,Additional 50% Reduction,Iraq,IRQ,2020-06-17,v3
2020-04-21,Rt,1.57855999805996,1.65310868353613,1.68704073563996,1.68325302284145,1.71361172164435,1.7709840894658,Additional 50% Reduction,Iraq,IRQ,2020-06-17,v3
2020-04-21,cumulative_infections,24697.8,29492.75,32813.5,33027.105,36288.5,41539.325,Maintain Status Quo,Iraq,IRQ,2020-06-17,v3
2020-04-21,deaths,0,0,0,0.55,1,2,Maintain Status Quo,Iraq,IRQ,2020-06-17,v3
2020-04-21,hospital_demand,36,49,59,58.795,68,85.05,Maintain Status Quo,Iraq,IRQ,2020-06-17,v3
2020-04-21,ICU_demand,8,14,17,16.64,20,25,Maintain Status Quo,Iraq,IRQ,2020-06-17,v3
2020-04-21,infections,218,281,317.5,324.67,360.25,457.2,Maintain Status Quo,Iraq,IRQ,2020-06-17,v3
2020-04-21,Rt,1.57855999805996,1.65310868353613,1.68704073563996,1.68325302284145,1.71361172164435,1.7709840894658,Maintain Status Quo,Iraq,IRQ,2020-06-17,v3
2020-04-21,cumulative_infections,24697.8,29492.75,32813.5,33027.105,36288.5,41539.325,Relax Interventions 50%,Iraq,IRQ,2020-06-17,v3
2020-04-21,deaths,0,0,0,0.55,1,2,Relax Interventions 50%,Iraq,IRQ,2020-06-17,v3
2020-04-21,hospital_demand,36,49,59,58.795,68,85.05,Relax Interventions 50%,Iraq,IRQ,2020-06-17,v3
2020-04-21,ICU_demand,8,14,17,16.64,20,25,Relax Interventions 50%,Iraq,IRQ,2020-06-17,v3
2020-04-21,infections,218,281,317.5,324.67,360.25,457.2,Relax Interventions 50%,Iraq,IRQ,2020-06-17,v3
2020-04-21,Rt,1.57855999805996,1.65310868353613,1.68704073563996,1.68325302284145,1.71361172164435,1.7709840894658,Relax Interventions 50%,Iraq,IRQ,2020-06-17,v3
2020-04-21,cumulative_infections,24250.75,29529.75,32992.5,32895.27,36005,42307.125,Surged Additional 50% Reduction,Iraq,IRQ,2020-06-17,v3
2020-04-21,deaths,0,0,0,0.67,1,2.02500000000001,Surged Additional 50% Reduction,Iraq,IRQ,2020-06-17,v3
2020-04-21,hospital_demand,36,49,56,57.855,66,88,Surged Additional 50% Reduction,Iraq,IRQ,2020-06-17,v3
2020-04-21,ICU_demand,8.95,13,16,15.99,19,25,Surged Additional 50% Reduction,Iraq,IRQ,2020-06-17,v3
2020-04-21,infections,218.825,276.75,314,323.595,367.25,469.2,Surged Additional 50% Reduction,Iraq,IRQ,2020-06-17,v3
2020-04-21,Rt,1.56498504210683,1.64664096668376,1.68066614314908,1.68009894997643,1.7215960092788,1.77330792836267,Surged Additional 50% Reduction,Iraq,IRQ,2020-06-17,v3
2020-04-21,cumulative_infections,24250.75,29529.75,32992.5,32895.27,36005,42307.125,Surged Maintain Status Quo,Iraq,IRQ,2020-06-17,v3
2020-04-21,deaths,0,0,0,0.67,1,2.02500000000001,Surged Maintain Status Quo,Iraq,IRQ,2020-06-17,v3
2020-04-21,hospital_demand,36,49,56,57.855,66,88,Surged Maintain Status Quo,Iraq,IRQ,2020-06-17,v3
2020-04-21,ICU_demand,8.95,13,16,15.99,19,25,Surged Maintain Status Quo,Iraq,IRQ,2020-06-17,v3
2020-04-21,infections,218.825,276.75,314,323.595,367.25,469.2,Surged Maintain Status Quo,Iraq,IRQ,2020-06-17,v3
2020-04-21,Rt,1.56498504210683,1.64664096668376,1.68066614314908,1.68009894997643,1.7215960092788,1.77330792836267,Surged Maintain Status Quo,Iraq,IRQ,2020-06-17,v3
2020-04-21,cumulative_infections,24250.75,29529.75,32992.5,32895.27,36005,42307.125,Surged Relax Interventions 50%,Iraq,IRQ,2020-06-17,v3
2020-04-21,deaths,0,0,0,0.67,1,2.02500000000001,Surged Relax Interventions 50%,Iraq,IRQ,2020-06-17,v3
2020-04-21,hospital_demand,36,49,56,57.855,66,88,Surged Relax Interventions 50%,Iraq,IRQ,2020-06-17,v3
2020-04-21,ICU_demand,8.95,13,16,15.99,19,25,Surged Relax Interventions 50%,Iraq,IRQ,2020-06-17,v3
2020-04-21,infections,218.825,276.75,314,323.595,367.25,469.2,Surged Relax Interventions 50%,Iraq,IRQ,2020-06-17,v3
2020-04-21,Rt,1.56498504210683,1.64664096668376,1.68066614314908,1.68009894997643,1.7215960092788,1.77330792836267,Surged Relax Interventions 50%,Iraq,IRQ,2020-06-17,v3
2020-04-22,cumulative_infections,24982.425,29827,33103,33378.625,36659,41956.525,Additional 50% Reduction,Iraq,IRQ,2020-06-17,v3
2020-04-22,deaths,1,1,1,1.48,2,3,Additional 50% Reduction,Iraq,IRQ,2020-06-17,v3
2020-04-22,hospital_demand,34.975,49,56,56.965,66,84.025,Additional 50% Reduction,Iraq,IRQ,2020-06-17,v3
2020-04-22,ICU_demand,8,13,16,15.925,19,25,Additional 50% Reduction,Iraq,IRQ,2020-06-17,v3
2020-04-22,infections,240,305.75,344,351.52,392.25,488.175,Additional 50% Reduction,Iraq,IRQ,2020-06-17,v3
2020-04-22,Rt,1.60651502426449,1.67361116804817,1.70497217171471,1.70244037265553,1.73434259936807,1.78828564706095,Additional 50% Reduction,Iraq,IRQ,2020-06-17,v3
2020-04-22,cumulative_infections,24982.425,29827,33103,33378.625,36659,41956.525,Maintain Status Quo,Iraq,IRQ,2020-06-17,v3
2020-04-22,deaths,1,1,1,1.48,2,3,Maintain Status Quo,Iraq,IRQ,2020-06-17,v3
2020-04-22,hospital_demand,34.975,49,56,56.965,66,84.025,Maintain Status Quo,Iraq,IRQ,2020-06-17,v3
2020-04-22,ICU_demand,8,13,16,15.925,19,25,Maintain Status Quo,Iraq,IRQ,2020-06-17,v3
2020-04-22,infections,240,305.75,344,351.52,392.25,488.175,Maintain Status Quo,Iraq,IRQ,2020-06-17,v3
2020-04-22,Rt,1.60651502426449,1.67361116804817,1.70497217171471,1.70244037265553,1.73434259936807,1.78828564706095,Maintain Status Quo,Iraq,IRQ,2020-06-17,v3
2020-04-22,cumulative_infections,24982.425,29827,33103,33378.625,36659,41956.525,Relax Interventions 50%,Iraq,IRQ,2020-06-17,v3
2020-04-22,deaths,1,1,1,1.48,2,3,Relax Interventions 50%,Iraq,IRQ,2020-06-17,v3
2020-04-22,hospital_demand,34.975,49,56,56.965,66,84.025,Relax Interventions 50%,Iraq,IRQ,2020-06-17,v3
2020-04-22,ICU_demand,8,13,16,15.925,19,25,Relax Interventions 50%,Iraq,IRQ,2020-06-17,v3
2020-04-22,infections,240,305.75,344,351.52,392.25,488.175,Relax Interventions 50%,Iraq,IRQ,2020-06-17,v3
2020-04-22,Rt,1.60651502426449,1.67361116804817,1.70497217171471,1.70244037265553,1.73434259936807,1.78828564706095,Relax Interventions 50%,Iraq,IRQ,2020-06-17,v3
2020-04-22,cumulative_infections,24629.275,29795.25,33359.5,33247.265,36453.25,42736.625,Surged Additional 50% Reduction,Iraq,IRQ,2020-06-17,v3
2020-04-22,deaths,1,1,1,1.635,2,3,Surged Additional 50% Reduction,Iraq,IRQ,2020-06-17,v3
2020-04-22,hospital_demand,34,47.75,54,56.455,64.25,86,Surged Additional 50% Reduction,Iraq,IRQ,2020-06-17,v3
2020-04-22,ICU_demand,8,12,15,15.18,18,24,Surged Additional 50% Reduction,Iraq,IRQ,2020-06-17,v3
2020-04-22,infections,236.95,295.75,352.5,351.995,401.25,510.125,Surged Additional 50% Reduction,Iraq,IRQ,2020-06-17,v3
2020-04-22,Rt,1.59238255140802,1.66869530010168,1.69648601555983,1.69977165514804,1.73817473136594,1.78622627681851,Surged Additional 50% Reduction,Iraq,IRQ,2020-06-17,v3
2020-04-22,cumulative_infections,24629.275,29795.25,33359.5,33247.265,36453.25,42736.625,Surged Maintain Status Quo,Iraq,IRQ,2020-06-17,v3
2020-04-22,deaths,1,1,1,1.635,2,3,Surged Maintain Status Quo,Iraq,IRQ,2020-06-17,v3
2020-04-22,hospital_demand,34,47.75,54,56.455,64.25,86,Surged Maintain Status Quo,Iraq,IRQ,2020-06-17,v3
2020-04-22,ICU_demand,8,12,15,15.18,18,24,Surged Maintain Status Quo,Iraq,IRQ,2020-06-17,v3
2020-04-22,infections,236.95,295.75,352.5,351.995,401.25,510.125,Surged Maintain Status Quo,Iraq,IRQ,2020-06-17,v3
2020-04-22,Rt,1.59238255140802,1.66869530010168,1.69648601555983,1.69977165514804,1.73817473136594,1.78622627681851,Surged Maintain Status Quo,Iraq,IRQ,2020-06-17,v3
2020-04-22,cumulative_infections,24629.275,29795.25,33359.5,33247.265,36453.25,42736.625,Surged Relax Interventions 50%,Iraq,IRQ,2020-06-17,v3
2020-04-22,deaths,1,1,1,1.635,2,3,Surged Relax Interventions 50%,Iraq,IRQ,2020-06-17,v3
2020-04-22,hospital_demand,34,47.75,54,56.455,64.25,86,Surged Relax Interventions 50%,Iraq,IRQ,2020-06-17,v3
2020-04-22,ICU_demand,8,12,15,15.18,18,24,Surged Relax Interventions 50%,Iraq,IRQ,2020-06-17,v3
2020-04-22,infections,236.95,295.75,352.5,351.995,401.25,510.125,Surged Relax Interventions 50%,Iraq,IRQ,2020-06-17,v3
2020-04-22,Rt,1.59238255140802,1.66869530010168,1.69648601555983,1.69977165514804,1.73817473136594,1.78622627681851,Surged Relax Interventions 50%,Iraq,IRQ,2020-06-17,v3
2020-04-23,cumulative_infections,25270.95,30207.5,33490,33761.785,37040.75,42436.7,Additional 50% Reduction,Iraq,IRQ,2020-06-17,v3
2020-04-23,deaths,0,0,0,0.58,1,3,Additional 50% Reduction,Iraq,IRQ,2020-06-17,v3
2020-04-23,hospital_demand,35,48,55,56.25,66.25,83.05,Additional 50% Reduction,Iraq,IRQ,2020-06-17,v3
2020-04-23,ICU_demand,8,13,16,16.205,19,25,Additional 50% Reduction,Iraq,IRQ,2020-06-17,v3
2020-04-23,infections,256,337.75,375.5,383.16,425,537.175,Additional 50% Reduction,Iraq,IRQ,2020-06-17,v3
2020-04-23,Rt,1.59539915951018,1.66490543178656,1.69734093823569,1.69475865593004,1.72433906186492,1.77980989071753,Additional 50% Reduction,Iraq,IRQ,2020-06-17,v3
2020-04-23,cumulative_infections,25270.95,30207.5,33490,33761.785,37040.75,42436.7,Maintain Status Quo,Iraq,IRQ,2020-06-17,v3
2020-04-23,deaths,0,0,0,0.58,1,3,Maintain Status Quo,Iraq,IRQ,2020-06-17,v3
2020-04-23,hospital_demand,35,48,55,56.25,66.25,83.05,Maintain Status Quo,Iraq,IRQ,2020-06-17,v3
2020-04-23,ICU_demand,8,13,16,16.205,19,25,Maintain Status Quo,Iraq,IRQ,2020-06-17,v3
2020-04-23,infections,256,337.75,375.5,383.16,425,537.175,Maintain Status Quo,Iraq,IRQ,2020-06-17,v3
2020-04-23,Rt,1.59539915951018,1.66490543178656,1.69734093823569,1.69475865593004,1.72433906186492,1.77980989071753,Maintain Status Quo,Iraq,IRQ,2020-06-17,v3
2020-04-23,cumulative_infections,25270.95,30207.5,33490,33761.785,37040.75,42436.7,Relax Interventions 50%,Iraq,IRQ,2020-06-17,v3
2020-04-23,deaths,0,0,0,0.58,1,3,Relax Interventions 50%,Iraq,IRQ,2020-06-17,v3
2020-04-23,hospital_demand,35,48,55,56.25,66.25,83.05,Relax Interventions 50%,Iraq,IRQ,2020-06-17,v3
2020-04-23,ICU_demand,8,13,16,16.205,19,25,Relax Interventions 50%,Iraq,IRQ,2020-06-17,v3
2020-04-23,infections,256,337.75,375.5,383.16,425,537.175,Relax Interventions 50%,Iraq,IRQ,2020-06-17,v3
2020-04-23,Rt,1.59539915951018,1.66490543178656,1.69734093823569,1.69475865593004,1.72433906186492,1.77980989071753,Relax Interventions 50%,Iraq,IRQ,2020-06-17,v3
2020-04-23,cumulative_infections,25031.95,30100.75,33728,33629.655,36875,43160.2,Surged Additional 50% Reduction,Iraq,IRQ,2020-06-17,v3
2020-04-23,deaths,0,0,0,0.6,1,3,Surged Additional 50% Reduction,Iraq,IRQ,2020-06-17,v3
2020-04-23,hospital_demand,33.95,46,54,55.51,62,85.075,Surged Additional 50% Reduction,Iraq,IRQ,2020-06-17,v3
2020-04-23,ICU_demand,7.975,12,15,15.455,18,24,Surged Additional 50% Reduction,Iraq,IRQ,2020-06-17,v3
2020-04-23,infections,262.925,327,378.5,382.39,419.5,576.025,Surged Additional 50% Reduction,Iraq,IRQ,2020-06-17,v3
2020-04-23,Rt,1.58111534896387,1.66036484087922,1.6903565949486,1.69189547098293,1.73176342052158,1.78105735070173,Surged Additional 50% Reduction,Iraq,IRQ,2020-06-17,v3
2020-04-23,cumulative_infections,25031.95,30100.75,33728,33629.655,36875,43160.2,Surged Maintain Status Quo,Iraq,IRQ,2020-06-17,v3
2020-04-23,deaths,0,0,0,0.6,1,3,Surged Maintain Status Quo,Iraq,IRQ,2020-06-17,v3
2020-04-23,hospital_demand,33.95,46,54,55.51,62,85.075,Surged Maintain Status Quo,Iraq,IRQ,2020-06-17,v3
2020-04-23,ICU_demand,7.975,12,15,15.455,18,24,Surged Maintain Status Quo,Iraq,IRQ,2020-06-17,v3
2020-04-23,infections,262.925,327,378.5,382.39,419.5,576.025,Surged Maintain Status Quo,Iraq,IRQ,2020-06-17,v3
2020-04-23,Rt,1.58111534896387,1.66036484087922,1.6903565949486,1.69189547098293,1.73176342052158,1.78105735070173,Surged Maintain Status Quo,Iraq,IRQ,2020-06-17,v3
2020-04-23,cumulative_infections,25031.95,30100.75,33728,33629.655,36875,43160.2,Surged Relax Interventions 50%,Iraq,IRQ,2020-06-17,v3
2020-04-23,deaths,0,0,0,0.6,1,3,Surged Relax Interventions 50%,Iraq,IRQ,2020-06-17,v3
2020-04-23,hospital_demand,33.95,46,54,55.51,62,85.075,Surged Relax Interventions 50%,Iraq,IRQ,2020-06-17,v3
2020-04-23,ICU_demand,7.975,12,15,15.455,18,24,Surged Relax Interventions 50%,Iraq,IRQ,2020-06-17,v3
2020-04-23,infections,262.925,327,378.5,382.39,419.5,576.025,Surged Relax Interventions 50%,Iraq,IRQ,2020-06-17,v3
2020-04-23,Rt,1.58111534896387,1.66036484087922,1.6903565949486,1.69189547098293,1.73176342052158,1.78105735070173,Surged Relax Interventions 50%,Iraq,IRQ,2020-06-17,v3
2020-04-24,cumulative_infections,25612.25,30520,33944,34178.545,37524.25,42920.45,Additional 50% Reduction,Iraq,IRQ,2020-06-17,v3
2020-04-24,deaths,0,0,0,0.545,1,2,Additional 50% Reduction,Iraq,IRQ,2020-06-17,v3
2020-04-24,hospital_demand,34,47,55.5,56.11,64.25,81.125,Additional 50% Reduction,Iraq,IRQ,2020-06-17,v3
2020-04-24,ICU_demand,8,13,16,16.43,20,25.025,Additional 50% Reduction,Iraq,IRQ,2020-06-17,v3
2020-04-24,infections,291.975,367,406.5,416.76,468.5,570.275,Additional 50% Reduction,Iraq,IRQ,2020-06-17,v3
2020-04-24,Rt,1.59539915951018,1.66490543178656,1.69734093823569,1.69475865593004,1.72433906186492,1.77980989071753,Additional 50% Reduction,Iraq,IRQ,2020-06-17,v3
2020-04-24,cumulative_infections,25612.25,30520,33944,34178.545,37524.25,42920.45,Maintain Status Quo,Iraq,IRQ,2020-06-17,v3
2020-04-24,deaths,0,0,0,0.545,1,2,Maintain Status Quo,Iraq,IRQ,2020-06-17,v3
2020-04-24,hospital_demand,34,47,55.5,56.11,64.25,81.125,Maintain Status Quo,Iraq,IRQ,2020-06-17,v3
2020-04-24,ICU_demand,8,13,16,16.43,20,25.025,Maintain Status Quo,Iraq,IRQ,2020-06-17,v3
2020-04-24,infections,291.975,367,406.5,416.76,468.5,570.275,Maintain Status Quo,Iraq,IRQ,2020-06-17,v3
2020-04-24,Rt,1.59539915951018,1.66490543178656,1.69734093823569,1.69475865593004,1.72433906186492,1.77980989071753,Maintain Status Quo,Iraq,IRQ,2020-06-17,v3
2020-04-24,cumulative_infections,25612.25,30520,33944,34178.545,37524.25,42920.45,Relax Interventions 50%,Iraq,IRQ,2020-06-17,v3
2020-04-24,deaths,0,0,0,0.545,1,2,Relax Interventions 50%,Iraq,IRQ,2020-06-17,v3
2020-04-24,hospital_demand,34,47,55.5,56.11,64.25,81.125,Relax Interventions 50%,Iraq,IRQ,2020-06-17,v3
2020-04-24,ICU_demand,8,13,16,16.43,20,25.025,Relax Interventions 50%,Iraq,IRQ,2020-06-17,v3
2020-04-24,infections,291.975,367,406.5,416.76,468.5,570.275,Relax Interventions 50%,Iraq,IRQ,2020-06-17,v3
2020-04-24,Rt,1.59539915951018,1.66490543178656,1.69734093823569,1.69475865593004,1.72433906186492,1.77980989071753,Relax Interventions 50%,Iraq,IRQ,2020-06-17,v3
2020-04-24,cumulative_infections,25446.25,30421.25,34133.5,34041.39,37328.75,43606.825,Surged Additional 50% Reduction,Iraq,IRQ,2020-06-17,v3
2020-04-24,deaths,0,0,0,0.51,1,2,Surged Additional 50% Reduction,Iraq,IRQ,2020-06-17,v3
2020-04-24,hospital_demand,33.975,47,53,55.72,63,89,Surged Additional 50% Reduction,Iraq,IRQ,2020-06-17,v3
2020-04-24,ICU_demand,7,13,16,15.78,19,24.05,Surged Additional 50% Reduction,Iraq,IRQ,2020-06-17,v3
2020-04-24,infections,283.975,352.5,410.5,411.735,453.25,576.5,Surged Additional 50% Reduction,Iraq,IRQ,2020-06-17,v3
2020-04-24,Rt,1.58111534896387,1.66036484087922,1.6903565949486,1.69189547098293,1.73176342052158,1.78105735070173,Surged Additional 50% Reduction,Iraq,IRQ,2020-06-17,v3
2020-04-24,cumulative_infections,25446.25,30421.25,34133.5,34041.39,37328.75,43606.825,Surged Maintain Status Quo,Iraq,IRQ,2020-06-17,v3
2020-04-24,deaths,0,0,0,0.51,1,2,Surged Maintain Status Quo,Iraq,IRQ,2020-06-17,v3
2020-04-24,hospital_demand,33.975,47,53,55.72,63,89,Surged Maintain Status Quo,Iraq,IRQ,2020-06-17,v3
2020-04-24,ICU_demand,7,13,16,15.78,19,24.05,Surged Maintain Status Quo,Iraq,IRQ,2020-06-17,v3
2020-04-24,infections,283.975,352.5,410.5,411.735,453.25,576.5,Surged Maintain Status Quo,Iraq,IRQ,2020-06-17,v3
2020-04-24,Rt,1.58111534896387,1.66036484087922,1.6903565949486,1.69189547098293,1.73176342052158,1.78105735070173,Surged Maintain Status Quo,Iraq,IRQ,2020-06-17,v3
2020-04-24,cumulative_infections,25446.25,30421.25,34133.5,34041.39,37328.75,43606.825,Surged Relax Interventions 50%,Iraq,IRQ,2020-06-17,v3
2020-04-24,deaths,0,0,0,0.51,1,2,Surged Relax Interventions 50%,Iraq,IRQ,2020-06-17,v3
2020-04-24,hospital_demand,33.975,47,53,55.72,63,89,Surged Relax Interventions 50%,Iraq,IRQ,2020-06-17,v3
2020-04-24,ICU_demand,7,13,16,15.78,19,24.05,Surged Relax Interventions 50%,Iraq,IRQ,2020-06-17,v3
2020-04-24,infections,283.975,352.5,410.5,411.735,453.25,576.5,Surged Relax Interventions 50%,Iraq,IRQ,2020-06-17,v3
2020-04-24,Rt,1.58111534896387,1.66036484087922,1.6903565949486,1.69189547098293,1.73176342052158,1.78105735070173,Surged Relax Interventions 50%,Iraq,IRQ,2020-06-17,v3
2020-04-25,cumulative_infections,25966.8,30867.75,34425,34629.93,38020.5,43382.75,Additional 50% Reduction,Iraq,IRQ,2020-06-17,v3
2020-04-25,deaths,1,1,2,1.82,2,4,Additional 50% Reduction,Iraq,IRQ,2020-06-17,v3
2020-04-25,hospital_demand,34.925,47,56,56.755,65.25,82.175,Additional 50% Reduction,Iraq,IRQ,2020-06-17,v3
2020-04-25,ICU_demand,7,13,16,15.99,19,26,Additional 50% Reduction,Iraq,IRQ,2020-06-17,v3
2020-04-25,infections,313.775,396.5,438,451.385,506,619.4,Additional 50% Reduction,Iraq,IRQ,2020-06-17,v3
2020-04-25,Rt,1.40502525566853,1.53114203527568,1.59391725505409,1.58077604893795,1.6349318957619,1.6940052088436,Additional 50% Reduction,Iraq,IRQ,2020-06-17,v3
2020-04-25,cumulative_infections,25966.8,30867.75,34425,34629.93,38020.5,43382.75,Maintain Status Quo,Iraq,IRQ,2020-06-17,v3
2020-04-25,deaths,1,1,2,1.82,2,4,Maintain Status Quo,Iraq,IRQ,2020-06-17,v3
2020-04-25,hospital_demand,34.925,47,56,56.755,65.25,82.175,Maintain Status Quo,Iraq,IRQ,2020-06-17,v3
2020-04-25,ICU_demand,7,13,16,15.99,19,26,Maintain Status Quo,Iraq,IRQ,2020-06-17,v3
2020-04-25,infections,313.775,396.5,438,451.385,506,619.4,Maintain Status Quo,Iraq,IRQ,2020-06-17,v3
2020-04-25,Rt,1.40502525566853,1.53114203527568,1.59391725505409,1.58077604893795,1.6349318957619,1.6940052088436,Maintain Status Quo,Iraq,IRQ,2020-06-17,v3
2020-04-25,cumulative_infections,25966.8,30867.75,34425,34629.93,38020.5,43382.75,Relax Interventions 50%,Iraq,IRQ,2020-06-17,v3
2020-04-25,deaths,1,1,2,1.82,2,4,Relax Interventions 50%,Iraq,IRQ,2020-06-17,v3
2020-04-25,hospital_demand,34.925,47,56,56.755,65.25,82.175,Relax Interventions 50%,Iraq,IRQ,2020-06-17,v3
2020-04-25,ICU_demand,7,13,16,15.99,19,26,Relax Interventions 50%,Iraq,IRQ,2020-06-17,v3
2020-04-25,infections,313.775,396.5,438,451.385,506,619.4,Relax Interventions 50%,Iraq,IRQ,2020-06-17,v3
2020-04-25,Rt,1.40502525566853,1.53114203527568,1.59391725505409,1.58077604893795,1.6349318957619,1.6940052088436,Relax Interventions 50%,Iraq,IRQ,2020-06-17,v3
2020-04-25,cumulative_infections,25786.1,30746.25,34473,34495.31,37819,44148.075,Surged Additional 50% Reduction,Iraq,IRQ,2020-06-17,v3
2020-04-25,deaths,1,1,2,1.795,2,4,Surged Additional 50% Reduction,Iraq,IRQ,2020-06-17,v3
2020-04-25,hospital_demand,33.975,46,55,56.055,64,86.05,Surged Additional 50% Reduction,Iraq,IRQ,2020-06-17,v3
2020-04-25,ICU_demand,7,12,15.5,15.515,18,24.025,Surged Additional 50% Reduction,Iraq,IRQ,2020-06-17,v3
2020-04-25,infections,322.65,393,449.5,453.92,507,646.25,Surged Additional 50% Reduction,Iraq,IRQ,2020-06-17,v3
2020-04-25,Rt,1.40851028933757,1.52843944474931,1.57860569892786,1.57505577553288,1.63308555887543,1.70087452574543,Surged Additional 50% Reduction,Iraq,IRQ,2020-06-17,v3
2020-04-25,cumulative_infections,25786.1,30746.25,34473,34495.31,37819,44148.075,Surged Maintain Status Quo,Iraq,IRQ,2020-06-17,v3
2020-04-25,deaths,1,1,2,1.795,2,4,Surged Maintain Status Quo,Iraq,IRQ,2020-06-17,v3
2020-04-25,hospital_demand,33.975,46,55,56.055,64,86.05,Surged Maintain Status Quo,Iraq,IRQ,2020-06-17,v3
2020-04-25,ICU_demand,7,12,15.5,15.515,18,24.025,Surged Maintain Status Quo,Iraq,IRQ,2020-06-17,v3
2020-04-25,infections,322.65,393,449.5,453.92,507,646.25,Surged Maintain Status Quo,Iraq,IRQ,2020-06-17,v3
2020-04-25,Rt,1.40851028933757,1.52843944474931,1.57860569892786,1.57505577553288,1.63308555887543,1.70087452574543,Surged Maintain Status Quo,Iraq,IRQ,2020-06-17,v3
2020-04-25,cumulative_infections,25786.1,30746.25,34473,34495.31,37819,44148.075,Surged Relax Interventions 50%,Iraq,IRQ,2020-06-17,v3
2020-04-25,deaths,1,1,2,1.795,2,4,Surged Relax Interventions 50%,Iraq,IRQ,2020-06-17,v3
2020-04-25,hospital_demand,33.975,46,55,56.055,64,86.05,Surged Relax Interventions 50%,Iraq,IRQ,2020-06-17,v3
2020-04-25,ICU_demand,7,12,15.5,15.515,18,24.025,Surged Relax Interventions 50%,Iraq,IRQ,2020-06-17,v3
2020-04-25,infections,322.65,393,449.5,453.92,507,646.25,Surged Relax Interventions 50%,Iraq,IRQ,2020-06-17,v3
2020-04-25,Rt,1.40851028933757,1.52843944474931,1.57860569892786,1.57505577553288,1.63308555887543,1.70087452574543,Surged Relax Interventions 50%,Iraq,IRQ,2020-06-17,v3
2020-04-26,cumulative_infections,26330.8,31278.75,34949.5,35120.86,38543.25,43777.275,Additional 50% Reduction,Iraq,IRQ,2020-06-17,v3
2020-04-26,deaths,0,0,0,0.665,1,3,Additional 50% Reduction,Iraq,IRQ,2020-06-17,v3
2020-04-26,hospital_demand,36.975,48,57,57.535,66,85.025,Additional 50% Reduction,Iraq,IRQ,2020-06-17,v3
2020-04-26,ICU_demand,8,13.75,16,16.53,19.25,26.05,Additional 50% Reduction,Iraq,IRQ,2020-06-17,v3
2020-04-26,infections,347.85,433,482,490.93,546.5,679.025,Additional 50% Reduction,Iraq,IRQ,2020-06-17,v3
2020-04-26,Rt,1.59262359841521,1.66264806222751,1.69573306125489,1.69283961892394,1.72245129608111,1.77834143369679,Additional 50% Reduction,Iraq,IRQ,2020-06-17,v3
2020-04-26,cumulative_infections,26330.8,31278.75,34949.5,35120.86,38543.25,43777.275,Maintain Status Quo,Iraq,IRQ,2020-06-17,v3
2020-04-26,deaths,0,0,0,0.665,1,3,Maintain Status Quo,Iraq,IRQ,2020-06-17,v3
2020-04-26,hospital_demand,36.975,48,57,57.535,66,85.025,Maintain Status Quo,Iraq,IRQ,2020-06-17,v3
2020-04-26,ICU_demand,8,13.75,16,16.53,19.25,26.05,Maintain Status Quo,Iraq,IRQ,2020-06-17,v3
2020-04-26,infections,347.85,433,482,490.93,546.5,679.025,Maintain Status Quo,Iraq,IRQ,2020-06-17,v3
2020-04-26,Rt,1.59262359841521,1.66264806222751,1.69573306125489,1.69283961892394,1.72245129608111,1.77834143369679,Maintain Status Quo,Iraq,IRQ,2020-06-17,v3
2020-04-26,cumulative_infections,26330.8,31278.75,34949.5,35120.86,38543.25,43777.275,Relax Interventions 50%,Iraq,IRQ,2020-06-17,v3
2020-04-26,deaths,0,0,0,0.665,1,3,Relax Interventions 50%,Iraq,IRQ,2020-06-17,v3
2020-04-26,hospital_demand,36.975,48,57,57.535,66,85.025,Relax Interventions 50%,Iraq,IRQ,2020-06-17,v3
2020-04-26,ICU_demand,8,13.75,16,16.53,19.25,26.05,Relax Interventions 50%,Iraq,IRQ,2020-06-17,v3
2020-04-26,infections,347.85,433,482,490.93,546.5,679.025,Relax Interventions 50%,Iraq,IRQ,2020-06-17,v3
2020-04-26,Rt,1.59262359841521,1.66264806222751,1.69573306125489,1.69283961892394,1.72245129608111,1.77834143369679,Relax Interventions 50%,Iraq,IRQ,2020-06-17,v3
2020-04-26,cumulative_infections,26153.85,31104,34868,34983.48,38374.75,44769.95,Surged Additional 50% Reduction,Iraq,IRQ,2020-06-17,v3
2020-04-26,deaths,0,0,0,0.555,1,3,Surged Additional 50% Reduction,Iraq,IRQ,2020-06-17,v3
2020-04-26,hospital_demand,36.975,48,55,57.39,66,88.05,Surged Additional 50% Reduction,Iraq,IRQ,2020-06-17,v3
2020-04-26,ICU_demand,8,13,16,16.2,19,25.025,Surged Additional 50% Reduction,Iraq,IRQ,2020-06-17,v3
2020-04-26,infections,336.9,422,484.5,488.17,541.5,680.6,Surged Additional 50% Reduction,Iraq,IRQ,2020-06-17,v3
2020-04-26,Rt,1.57842369226436,1.65828763200566,1.68892971836468,1.68992788392113,1.73013219291573,1.77976544492748,Surged Additional 50% Reduction,Iraq,IRQ,2020-06-17,v3
2020-04-26,cumulative_infections,26153.85,31104,34868,34983.48,38374.75,44769.95,Surged Maintain Status Quo,Iraq,IRQ,2020-06-17,v3
2020-04-26,deaths,0,0,0,0.555,1,3,Surged Maintain Status Quo,Iraq,IRQ,2020-06-17,v3
2020-04-26,hospital_demand,36.975,48,55,57.39,66,88.05,Surged Maintain Status Quo,Iraq,IRQ,2020-06-17,v3
2020-04-26,ICU_demand,8,13,16,16.2,19,25.025,Surged Maintain Status Quo,Iraq,IRQ,2020-06-17,v3
2020-04-26,infections,336.9,422,484.5,488.17,541.5,680.6,Surged Maintain Status Quo,Iraq,IRQ,2020-06-17,v3
2020-04-26,Rt,1.57842369226436,1.65828763200566,1.68892971836468,1.68992788392113,1.73013219291573,1.77976544492748,Surged Maintain Status Quo,Iraq,IRQ,2020-06-17,v3
2020-04-26,cumulative_infections,26153.85,31104,34868,34983.48,38374.75,44769.95,Surged Relax Interventions 50%,Iraq,IRQ,2020-06-17,v3
2020-04-26,deaths,0,0,0,0.555,1,3,Surged Relax Interventions 50%,Iraq,IRQ,2020-06-17,v3
2020-04-26,hospital_demand,36.975,48,55,57.39,66,88.05,Surged Relax Interventions 50%,Iraq,IRQ,2020-06-17,v3
2020-04-26,ICU_demand,8,13,16,16.2,19,25.025,Surged Relax Interventions 50%,Iraq,IRQ,2020-06-17,v3
2020-04-26,infections,336.9,422,484.5,488.17,541.5,680.6,Surged Relax Interventions 50%,Iraq,IRQ,2020-06-17,v3
2020-04-26,Rt,1.57842369226436,1.65828763200566,1.68892971836468,1.68992788392113,1.73013219291573,1.77976544492748,Surged Relax Interventions 50%,Iraq,IRQ,2020-06-17,v3
2020-04-27,cumulative_infections,26729.2,31787.25,35430,35647.6,39128,44537.125,Additional 50% Reduction,Iraq,IRQ,2020-06-17,v3
2020-04-27,deaths,1,1,1,1.385,2,3,Additional 50% Reduction,Iraq,IRQ,2020-06-17,v3
2020-04-27,hospital_demand,37.95,50.75,59,59.345,68,87.025,Additional 50% Reduction,Iraq,IRQ,2020-06-17,v3
2020-04-27,ICU_demand,7.975,14,17,16.73,19,27.025,Additional 50% Reduction,Iraq,IRQ,2020-06-17,v3
2020-04-27,infections,374.95,460.25,524,526.74,587,700.025,Additional 50% Reduction,Iraq,IRQ,2020-06-17,v3
2020-04-27,Rt,1.59262359841521,1.66264806222751,1.69573306125489,1.69283961892394,1.72245129608111,1.77834143369679,Additional 50% Reduction,Iraq,IRQ,2020-06-17,v3
2020-04-27,cumulative_infections,26729.2,31787.25,35430,35647.6,39128,44537.125,Maintain Status Quo,Iraq,IRQ,2020-06-17,v3
2020-04-27,deaths,1,1,1,1.385,2,3,Maintain Status Quo,Iraq,IRQ,2020-06-17,v3
2020-04-27,hospital_demand,37.95,50.75,59,59.345,68,87.025,Maintain Status Quo,Iraq,IRQ,2020-06-17,v3
2020-04-27,ICU_demand,7.975,14,17,16.73,19,27.025,Maintain Status Quo,Iraq,IRQ,2020-06-17,v3
2020-04-27,infections,374.95,460.25,524,526.74,587,700.025,Maintain Status Quo,Iraq,IRQ,2020-06-17,v3
2020-04-27,Rt,1.59262359841521,1.66264806222751,1.69573306125489,1.69283961892394,1.72245129608111,1.77834143369679,Maintain Status Quo,Iraq,IRQ,2020-06-17,v3
2020-04-27,cumulative_infections,26729.2,31787.25,35430,35647.6,39128,44537.125,Relax Interventions 50%,Iraq,IRQ,2020-06-17,v3
2020-04-27,deaths,1,1,1,1.385,2,3,Relax Interventions 50%,Iraq,IRQ,2020-06-17,v3
2020-04-27,hospital_demand,37.95,50.75,59,59.345,68,87.025,Relax Interventions 50%,Iraq,IRQ,2020-06-17,v3
2020-04-27,ICU_demand,7.975,14,17,16.73,19,27.025,Relax Interventions 50%,Iraq,IRQ,2020-06-17,v3
2020-04-27,infections,374.95,460.25,524,526.74,587,700.025,Relax Interventions 50%,Iraq,IRQ,2020-06-17,v3
2020-04-27,Rt,1.59262359841521,1.66264806222751,1.69573306125489,1.69283961892394,1.72245129608111,1.77834143369679,Relax Interventions 50%,Iraq,IRQ,2020-06-17,v3
2020-04-27,cumulative_infections,26558.475,31477.75,35340,35509.08,38944.75,45387.45,Surged Additional 50% Reduction,Iraq,IRQ,2020-06-17,v3
2020-04-27,deaths,1,1,1,1.47,2,3,Surged Additional 50% Reduction,Iraq,IRQ,2020-06-17,v3
2020-04-27,hospital_demand,38.975,49,58,59.315,69.25,87,Surged Additional 50% Reduction,Iraq,IRQ,2020-06-17,v3
2020-04-27,ICU_demand,8,13,16,16.31,19,26.025,Surged Additional 50% Reduction,Iraq,IRQ,2020-06-17,v3
2020-04-27,infections,372,457.75,521.5,525.6,586,727.625,Surged Additional 50% Reduction,Iraq,IRQ,2020-06-17,v3
2020-04-27,Rt,1.57842369226436,1.65828763200566,1.68892971836468,1.68992788392113,1.73013219291573,1.77976544492748,Surged Additional 50% Reduction,Iraq,IRQ,2020-06-17,v3
2020-04-27,cumulative_infections,26558.475,31477.75,35340,35509.08,38944.75,45387.45,Surged Maintain Status Quo,Iraq,IRQ,2020-06-17,v3
2020-04-27,deaths,1,1,1,1.47,2,3,Surged Maintain Status Quo,Iraq,IRQ,2020-06-17,v3
2020-04-27,hospital_demand,38.975,49,58,59.315,69.25,87,Surged Maintain Status Quo,Iraq,IRQ,2020-06-17,v3
2020-04-27,ICU_demand,8,13,16,16.31,19,26.025,Surged Maintain Status Quo,Iraq,IRQ,2020-06-17,v3
2020-04-27,infections,372,457.75,521.5,525.6,586,727.625,Surged Maintain Status Quo,Iraq,IRQ,2020-06-17,v3
2020-04-27,Rt,1.57842369226436,1.65828763200566,1.68892971836468,1.68992788392113,1.73013219291573,1.77976544492748,Surged Maintain Status Quo,Iraq,IRQ,2020-06-17,v3
2020-04-27,cumulative_infections,26558.475,31477.75,35340,35509.08,38944.75,45387.45,Surged Relax Interventions 50%,Iraq,IRQ,2020-06-17,v3
2020-04-27,deaths,1,1,1,1.47,2,3,Surged Relax Interventions 50%,Iraq,IRQ,2020-06-17,v3
2020-04-27,hospital_demand,38.975,49,58,59.315,69.25,87,Surged Relax Interventions 50%,Iraq,IRQ,2020-06-17,v3
2020-04-27,ICU_demand,8,13,16,16.31,19,26.025,Surged Relax Interventions 50%,Iraq,IRQ,2020-06-17,v3
2020-04-27,infections,372,457.75,521.5,525.6,586,727.625,Surged Relax Interventions 50%,Iraq,IRQ,2020-06-17,v3
2020-04-27,Rt,1.57842369226436,1.65828763200566,1.68892971836468,1.68992788392113,1.73013219291573,1.77976544492748,Surged Relax Interventions 50%,Iraq,IRQ,2020-06-17,v3
2020-04-28,cumulative_infections,27180.65,32266.5,35956,36217.99,39790.25,45221.6,Additional 50% Reduction,Iraq,IRQ,2020-06-17,v3
2020-04-28,deaths,1,1,1,1.515,2,3,Additional 50% Reduction,Iraq,IRQ,2020-06-17,v3
2020-04-28,hospital_demand,36.975,52.75,61,61.545,71,88.05,Additional 50% Reduction,Iraq,IRQ,2020-06-17,v3
2020-04-28,ICU_demand,9,14,16,16.81,20,25.05,Additional 50% Reduction,Iraq,IRQ,2020-06-17,v3
2020-04-28,infections,395.75,499,567.5,570.39,629.25,775.325,Additional 50% Reduction,Iraq,IRQ,2020-06-17,v3
2020-04-28,Rt,1.60929733852733,1.67588990333408,1.70639337676072,1.70436217031907,1.73649253394543,1.79080394455954,Additional 50% Reduction,Iraq,IRQ,2020-06-17,v3
2020-04-28,cumulative_infections,27180.65,32266.5,35956,36217.99,39790.25,45221.6,Maintain Status Quo,Iraq,IRQ,2020-06-17,v3
2020-04-28,deaths,1,1,1,1.515,2,3,Maintain Status Quo,Iraq,IRQ,2020-06-17,v3
2020-04-28,hospital_demand,36.975,52.75,61,61.545,71,88.05,Maintain Status Quo,Iraq,IRQ,2020-06-17,v3
2020-04-28,ICU_demand,9,14,16,16.81,20,25.05,Maintain Status Quo,Iraq,IRQ,2020-06-17,v3
2020-04-28,infections,395.75,499,567.5,570.39,629.25,775.325,Maintain Status Quo,Iraq,IRQ,2020-06-17,v3
2020-04-28,Rt,1.60929733852733,1.67588990333408,1.70639337676072,1.70436217031907,1.73649253394543,1.79080394455954,Maintain Status Quo,Iraq,IRQ,2020-06-17,v3
2020-04-28,cumulative_infections,27180.65,32266.5,35956,36217.99,39790.25,45221.6,Relax Interventions 50%,Iraq,IRQ,2020-06-17,v3
2020-04-28,deaths,1,1,1,1.515,2,3,Relax Interventions 50%,Iraq,IRQ,2020-06-17,v3
2020-04-28,hospital_demand,36.975,52.75,61,61.545,71,88.05,Relax Interventions 50%,Iraq,IRQ,2020-06-17,v3
2020-04-28,ICU_demand,9,14,16,16.81,20,25.05,Relax Interventions 50%,Iraq,IRQ,2020-06-17,v3
2020-04-28,infections,395.75,499,567.5,570.39,629.25,775.325,Relax Interventions 50%,Iraq,IRQ,2020-06-17,v3
2020-04-28,Rt,1.60929733852733,1.67588990333408,1.70639337676072,1.70436217031907,1.73649253394543,1.79080394455954,Relax Interventions 50%,Iraq,IRQ,2020-06-17,v3
2020-04-28,cumulative_infections,27113.9,31920.75,35903.5,36080.865,39628.75,46085.525,Surged Additional 50% Reduction,Iraq,IRQ,2020-06-17,v3
2020-04-28,deaths,1,1,1,1.54,2,3.02500000000001,Surged Additional 50% Reduction,Iraq,IRQ,2020-06-17,v3
2020-04-28,hospital_demand,39.975,51,59,61.41,70.25,95.05,Surged Additional 50% Reduction,Iraq,IRQ,2020-06-17,v3
2020-04-28,ICU_demand,8,13,16,16.78,20,26.025,Surged Additional 50% Reduction,Iraq,IRQ,2020-06-17,v3
2020-04-28,infections,408.8,507,560.5,571.785,632.25,801.175,Surged Additional 50% Reduction,Iraq,IRQ,2020-06-17,v3
2020-04-28,Rt,1.59548891423113,1.67174365992829,1.69829703128746,1.70174213531335,1.73965748804699,1.78766210401634,Surged Additional 50% Reduction,Iraq,IRQ,2020-06-17,v3
2020-04-28,cumulative_infections,27113.9,31920.75,35903.5,36080.865,39628.75,46085.525,Surged Maintain Status Quo,Iraq,IRQ,2020-06-17,v3
2020-04-28,deaths,1,1,1,1.54,2,3.02500000000001,Surged Maintain Status Quo,Iraq,IRQ,2020-06-17,v3
2020-04-28,hospital_demand,39.975,51,59,61.41,70.25,95.05,Surged Maintain Status Quo,Iraq,IRQ,2020-06-17,v3
2020-04-28,ICU_demand,8,13,16,16.78,20,26.025,Surged Maintain Status Quo,Iraq,IRQ,2020-06-17,v3
2020-04-28,infections,408.8,507,560.5,571.785,632.25,801.175,Surged Maintain Status Quo,Iraq,IRQ,2020-06-17,v3
2020-04-28,Rt,1.59548891423113,1.67174365992829,1.69829703128746,1.70174213531335,1.73965748804699,1.78766210401634,Surged Maintain Status Quo,Iraq,IRQ,2020-06-17,v3
2020-04-28,cumulative_infections,27113.9,31920.75,35903.5,36080.865,39628.75,46085.525,Surged Relax Interventions 50%,Iraq,IRQ,2020-06-17,v3
2020-04-28,deaths,1,1,1,1.54,2,3.02500000000001,Surged Relax Interventions 50%,Iraq,IRQ,2020-06-17,v3
2020-04-28,hospital_demand,39.975,51,59,61.41,70.25,95.05,Surged Relax Interventions 50%,Iraq,IRQ,2020-06-17,v3
2020-04-28,ICU_demand,8,13,16,16.78,20,26.025,Surged Relax Interventions 50%,Iraq,IRQ,2020-06-17,v3
2020-04-28,infections,408.8,507,560.5,571.785,632.25,801.175,Surged Relax Interventions 50%,Iraq,IRQ,2020-06-17,v3
2020-04-28,Rt,1.59548891423113,1.67174365992829,1.69829703128746,1.70174213531335,1.73965748804699,1.78766210401634,Surged Relax Interventions 50%,Iraq,IRQ,2020-06-17,v3
2020-04-29,cumulative_infections,27692.025,32799.5,36571.5,36839.29,40535.5,45937.475,Additional 50% Reduction,Iraq,IRQ,2020-06-17,v3
2020-04-29,deaths,0,0,0,0.51,1,2.02500000000001,Additional 50% Reduction,Iraq,IRQ,2020-06-17,v3
2020-04-29,hospital_demand,39.975,54,64.5,64.44,74,91,Additional 50% Reduction,Iraq,IRQ,2020-06-17,v3
2020-04-29,ICU_demand,9,15,17.5,17.9,21,28,Additional 50% Reduction,Iraq,IRQ,2020-06-17,v3
2020-04-29,infections,437.825,549,612.5,621.3,680.25,834.05,Additional 50% Reduction,Iraq,IRQ,2020-06-17,v3
2020-04-29,Rt,1.61208096913167,1.67809468134374,1.70794171244383,1.7062845058724,1.73819622149124,1.79332308032848,Additional 50% Reduction,Iraq,IRQ,2020-06-17,v3
2020-04-29,cumulative_infections,27692.025,32799.5,36571.5,36839.29,40535.5,45937.475,Maintain Status Quo,Iraq,IRQ,2020-06-17,v3
2020-04-29,deaths,0,0,0,0.51,1,2.02500000000001,Maintain Status Quo,Iraq,IRQ,2020-06-17,v3
2020-04-29,hospital_demand,39.975,54,64.5,64.44,74,91,Maintain Status Quo,Iraq,IRQ,2020-06-17,v3
2020-04-29,ICU_demand,9,15,17.5,17.9,21,28,Maintain Status Quo,Iraq,IRQ,2020-06-17,v3
2020-04-29,infections,437.825,549,612.5,621.3,680.25,834.05,Maintain Status Quo,Iraq,IRQ,2020-06-17,v3
2020-04-29,Rt,1.61208096913167,1.67809468134374,1.70794171244383,1.7062845058724,1.73819622149124,1.79332308032848,Maintain Status Quo,Iraq,IRQ,2020-06-17,v3
2020-04-29,cumulative_infections,27692.025,32799.5,36571.5,36839.29,40535.5,45937.475,Relax Interventions 50%,Iraq,IRQ,2020-06-17,v3
2020-04-29,deaths,0,0,0,0.51,1,2.02500000000001,Relax Interventions 50%,Iraq,IRQ,2020-06-17,v3
2020-04-29,hospital_demand,39.975,54,64.5,64.44,74,91,Relax Interventions 50%,Iraq,IRQ,2020-06-17,v3
2020-04-29,ICU_demand,9,15,17.5,17.9,21,28,Relax Interventions 50%,Iraq,IRQ,2020-06-17,v3
2020-04-29,infections,437.825,549,612.5,621.3,680.25,834.05,Relax Interventions 50%,Iraq,IRQ,2020-06-17,v3
2020-04-29,Rt,1.61208096913167,1.67809468134374,1.70794171244383,1.7062845058724,1.73819622149124,1.79332308032848,Relax Interventions 50%,Iraq,IRQ,2020-06-17,v3
2020-04-29,cumulative_infections,27727.775,32542,36562.5,36702.815,40316.75,46768.575,Surged Additional 50% Reduction,Iraq,IRQ,2020-06-17,v3
2020-04-29,deaths,0,0,0,0.465,1,2,Surged Additional 50% Reduction,Iraq,IRQ,2020-06-17,v3
2020-04-29,hospital_demand,41.95,54.75,63,64.955,74.25,96.075,Surged Additional 50% Reduction,Iraq,IRQ,2020-06-17,v3
2020-04-29,ICU_demand,8,14,17,17.75,21,28,Surged Additional 50% Reduction,Iraq,IRQ,2020-06-17,v3
2020-04-29,infections,436.9,548.75,615.5,621.95,683.5,857.875,Surged Additional 50% Reduction,Iraq,IRQ,2020-06-17,v3
2020-04-29,Rt,1.59859708540603,1.67419483155603,1.70010841894843,1.70371317915943,1.74135516616122,1.78938217209073,Surged Additional 50% Reduction,Iraq,IRQ,2020-06-17,v3
2020-04-29,cumulative_infections,27727.775,32542,36562.5,36702.815,40316.75,46768.575,Surged Maintain Status Quo,Iraq,IRQ,2020-06-17,v3
2020-04-29,deaths,0,0,0,0.465,1,2,Surged Maintain Status Quo,Iraq,IRQ,2020-06-17,v3
2020-04-29,hospital_demand,41.95,54.75,63,64.955,74.25,96.075,Surged Maintain Status Quo,Iraq,IRQ,2020-06-17,v3
2020-04-29,ICU_demand,8,14,17,17.75,21,28,Surged Maintain Status Quo,Iraq,IRQ,2020-06-17,v3
2020-04-29,infections,436.9,548.75,615.5,621.95,683.5,857.875,Surged Maintain Status Quo,Iraq,IRQ,2020-06-17,v3
2020-04-29,Rt,1.59859708540603,1.67419483155603,1.70010841894843,1.70371317915943,1.74135516616122,1.78938217209073,Surged Maintain Status Quo,Iraq,IRQ,2020-06-17,v3
2020-04-29,cumulative_infections,27727.775,32542,36562.5,36702.815,40316.75,46768.575,Surged Relax Interventions 50%,Iraq,IRQ,2020-06-17,v3
2020-04-29,deaths,0,0,0,0.465,1,2,Surged Relax Interventions 50%,Iraq,IRQ,2020-06-17,v3
2020-04-29,hospital_demand,41.95,54.75,63,64.955,74.25,96.075,Surged Relax Interventions 50%,Iraq,IRQ,2020-06-17,v3
2020-04-29,ICU_demand,8,14,17,17.75,21,28,Surged Relax Interventions 50%,Iraq,IRQ,2020-06-17,v3
2020-04-29,infections,436.9,548.75,615.5,621.95,683.5,857.875,Surged Relax Interventions 50%,Iraq,IRQ,2020-06-17,v3
2020-04-29,Rt,1.59859708540603,1.67419483155603,1.70010841894843,1.70371317915943,1.74135516616122,1.78938217209073,Surged Relax Interventions 50%,Iraq,IRQ,2020-06-17,v3
2020-04-30,cumulative_infections,28206.65,33478,37316,37517.645,41276,46711.475,Additional 50% Reduction,Iraq,IRQ,2020-06-17,v3
2020-04-30,deaths,1,1,2,2.05,2.25,4,Additional 50% Reduction,Iraq,IRQ,2020-06-17,v3
2020-04-30,hospital_demand,41,58,68,67.315,76,96,Additional 50% Reduction,Iraq,IRQ,2020-06-17,v3
2020-04-30,ICU_demand,10,15,18,18.255,20.25,28.025,Additional 50% Reduction,Iraq,IRQ,2020-06-17,v3
2020-04-30,infections,485.875,596.5,674,678.355,755,902.4,Additional 50% Reduction,Iraq,IRQ,2020-06-17,v3
2020-04-30,Rt,1.58137348384533,1.65464863274648,1.68871825623576,1.68516918119572,1.71516319984448,1.77245928616369,Additional 50% Reduction,Iraq,IRQ,2020-06-17,v3
2020-04-30,cumulative_infections,28206.65,33478,37316,37517.645,41276,46711.475,Maintain Status Quo,Iraq,IRQ,2020-06-17,v3
2020-04-30,deaths,1,1,2,2.05,2.25,4,Maintain Status Quo,Iraq,IRQ,2020-06-17,v3
2020-04-30,hospital_demand,41,58,68,67.315,76,96,Maintain Status Quo,Iraq,IRQ,2020-06-17,v3
2020-04-30,ICU_demand,10,15,18,18.255,20.25,28.025,Maintain Status Quo,Iraq,IRQ,2020-06-17,v3
2020-04-30,infections,485.875,596.5,674,678.355,755,902.4,Maintain Status Quo,Iraq,IRQ,2020-06-17,v3
2020-04-30,Rt,1.58137348384533,1.65464863274648,1.68871825623576,1.68516918119572,1.71516319984448,1.77245928616369,Maintain Status Quo,Iraq,IRQ,2020-06-17,v3
2020-04-30,cumulative_infections,28206.65,33478,37316,37517.645,41276,46711.475,Relax Interventions 50%,Iraq,IRQ,2020-06-17,v3
2020-04-30,deaths,1,1,2,2.05,2.25,4,Relax Interventions 50%,Iraq,IRQ,2020-06-17,v3
2020-04-30,hospital_demand,41,58,68,67.315,76,96,Relax Interventions 50%,Iraq,IRQ,2020-06-17,v3
2020-04-30,ICU_demand,10,15,18,18.255,20.25,28.025,Relax Interventions 50%,Iraq,IRQ,2020-06-17,v3
2020-04-30,infections,485.875,596.5,674,678.355,755,902.4,Relax Interventions 50%,Iraq,IRQ,2020-06-17,v3
2020-04-30,Rt,1.58137348384533,1.65464863274648,1.68871825623576,1.68516918119572,1.71516319984448,1.77245928616369,Relax Interventions 50%,Iraq,IRQ,2020-06-17,v3
2020-04-30,cumulative_infections,28497.575,33232.75,37298.5,37380.755,40996.5,47607.1,Surged Additional 50% Reduction,Iraq,IRQ,2020-06-17,v3
2020-04-30,deaths,1,1,2,1.9,2,4,Surged Additional 50% Reduction,Iraq,IRQ,2020-06-17,v3
2020-04-30,hospital_demand,41,59,66,68.015,76.25,101.15,Surged Additional 50% Reduction,Iraq,IRQ,2020-06-17,v3
2020-04-30,ICU_demand,9,14,18,18.02,21,29.025,Surged Additional 50% Reduction,Iraq,IRQ,2020-06-17,v3
2020-04-30,infections,486.95,601,665.5,677.94,745.25,956.1,Surged Additional 50% Reduction,Iraq,IRQ,2020-06-17,v3
2020-04-30,Rt,1.567670119083,1.64910762327454,1.68246905282008,1.68206352014338,1.72359901905715,1.77459915951993,Surged Additional 50% Reduction,Iraq,IRQ,2020-06-17,v3
2020-04-30,cumulative_infections,28497.575,33232.75,37298.5,37380.755,40996.5,47607.1,Surged Maintain Status Quo,Iraq,IRQ,2020-06-17,v3
2020-04-30,deaths,1,1,2,1.9,2,4,Surged Maintain Status Quo,Iraq,IRQ,2020-06-17,v3
2020-04-30,hospital_demand,41,59,66,68.015,76.25,101.15,Surged Maintain Status Quo,Iraq,IRQ,2020-06-17,v3
2020-04-30,ICU_demand,9,14,18,18.02,21,29.025,Surged Maintain Status Quo,Iraq,IRQ,2020-06-17,v3
2020-04-30,infections,486.95,601,665.5,677.94,745.25,956.1,Surged Maintain Status Quo,Iraq,IRQ,2020-06-17,v3
2020-04-30,Rt,1.567670119083,1.64910762327454,1.68246905282008,1.68206352014338,1.72359901905715,1.77459915951993,Surged Maintain Status Quo,Iraq,IRQ,2020-06-17,v3
2020-04-30,cumulative_infections,28497.575,33232.75,37298.5,37380.755,40996.5,47607.1,Surged Relax Interventions 50%,Iraq,IRQ,2020-06-17,v3
2020-04-30,deaths,1,1,2,1.9,2,4,Surged Relax Interventions 50%,Iraq,IRQ,2020-06-17,v3
2020-04-30,hospital_demand,41,59,66,68.015,76.25,101.15,Surged Relax Interventions 50%,Iraq,IRQ,2020-06-17,v3
2020-04-30,ICU_demand,9,14,18,18.02,21,29.025,Surged Relax Interventions 50%,Iraq,IRQ,2020-06-17,v3
2020-04-30,infections,486.95,601,665.5,677.94,745.25,956.1,Surged Relax Interventions 50%,Iraq,IRQ,2020-06-17,v3
2020-04-30,Rt,1.567670119083,1.64910762327454,1.68246905282008,1.68206352014338,1.72359901905715,1.77459915951993,Surged Relax Interventions 50%,Iraq,IRQ,2020-06-17,v3
2020-05-01,cumulative_infections,28783.75,34254.25,38014.5,38261.2,42126,47563.675,Additional 50% Reduction,Iraq,IRQ,2020-06-17,v3
2020-05-01,deaths,1,1,1,1.46,2,3,Additional 50% Reduction,Iraq,IRQ,2020-06-17,v3
2020-05-01,hospital_demand,45,61,70,70.77,80,99.075,Additional 50% Reduction,Iraq,IRQ,2020-06-17,v3
2020-05-01,ICU_demand,11,15,18,19.02,22,31.025,Additional 50% Reduction,Iraq,IRQ,2020-06-17,v3
2020-05-01,infections,542.9,659,739,743.555,811.5,1001.025,Additional 50% Reduction,Iraq,IRQ,2020-06-17,v3
2020-05-01,Rt,1.4689499175822,1.57311591638926,1.62550772807968,1.61659193822662,1.66124021640436,1.72014927239451,Additional 50% Reduction,Iraq,IRQ,2020-06-17,v3
2020-05-01,cumulative_infections,28783.75,34254.25,38014.5,38261.2,42126,47563.675,Maintain Status Quo,Iraq,IRQ,2020-06-17,v3
2020-05-01,deaths,1,1,1,1.46,2,3,Maintain Status Quo,Iraq,IRQ,2020-06-17,v3
2020-05-01,hospital_demand,45,61,70,70.77,80,99.075,Maintain Status Quo,Iraq,IRQ,2020-06-17,v3
2020-05-01,ICU_demand,11,15,18,19.02,22,31.025,Maintain Status Quo,Iraq,IRQ,2020-06-17,v3
2020-05-01,infections,542.9,659,739,743.555,811.5,1001.025,Maintain Status Quo,Iraq,IRQ,2020-06-17,v3
2020-05-01,Rt,1.4689499175822,1.57311591638926,1.62550772807968,1.61659193822662,1.66124021640436,1.72014927239451,Maintain Status Quo,Iraq,IRQ,2020-06-17,v3
2020-05-01,cumulative_infections,28783.75,34254.25,38014.5,38261.2,42126,47563.675,Relax Interventions 50%,Iraq,IRQ,2020-06-17,v3
2020-05-01,deaths,1,1,1,1.46,2,3,Relax Interventions 50%,Iraq,IRQ,2020-06-17,v3
2020-05-01,hospital_demand,45,61,70,70.77,80,99.075,Relax Interventions 50%,Iraq,IRQ,2020-06-17,v3
2020-05-01,ICU_demand,11,15,18,19.02,22,31.025,Relax Interventions 50%,Iraq,IRQ,2020-06-17,v3
2020-05-01,infections,542.9,659,739,743.555,811.5,1001.025,Relax Interventions 50%,Iraq,IRQ,2020-06-17,v3
2020-05-01,Rt,1.4689499175822,1.57311591638926,1.62550772807968,1.61659193822662,1.66124021640436,1.72014927239451,Relax Interventions 50%,Iraq,IRQ,2020-06-17,v3
2020-05-01,cumulative_infections,29324.875,33909.5,38062.5,38118.495,41837,48367.4,Surged Additional 50% Reduction,Iraq,IRQ,2020-06-17,v3
2020-05-01,deaths,1,1,1,1.45,2,3,Surged Additional 50% Reduction,Iraq,IRQ,2020-06-17,v3
2020-05-01,hospital_demand,43.975,60,70,71.755,81,106.05,Surged Additional 50% Reduction,Iraq,IRQ,2020-06-17,v3
2020-05-01,ICU_demand,10,15,19,19.02,22.25,31,Surged Additional 50% Reduction,Iraq,IRQ,2020-06-17,v3
2020-05-01,infections,540.825,654,733.5,737.74,810,1016.35,Surged Additional 50% Reduction,Iraq,IRQ,2020-06-17,v3
2020-05-01,Rt,1.46409156547729,1.56665332397418,1.61487519775694,1.6117629364232,1.660620262653,1.72749982989191,Surged Additional 50% Reduction,Iraq,IRQ,2020-06-17,v3
2020-05-01,cumulative_infections,29324.875,33909.5,38062.5,38118.495,41837,48367.4,Surged Maintain Status Quo,Iraq,IRQ,2020-06-17,v3
2020-05-01,deaths,1,1,1,1.45,2,3,Surged Maintain Status Quo,Iraq,IRQ,2020-06-17,v3
2020-05-01,hospital_demand,43.975,60,70,71.755,81,106.05,Surged Maintain Status Quo,Iraq,IRQ,2020-06-17,v3
2020-05-01,ICU_demand,10,15,19,19.02,22.25,31,Surged Maintain Status Quo,Iraq,IRQ,2020-06-17,v3
2020-05-01,infections,540.825,654,733.5,737.74,810,1016.35,Surged Maintain Status Quo,Iraq,IRQ,2020-06-17,v3
2020-05-01,Rt,1.46409156547729,1.56665332397418,1.61487519775694,1.6117629364232,1.660620262653,1.72749982989191,Surged Maintain Status Quo,Iraq,IRQ,2020-06-17,v3
2020-05-01,cumulative_infections,29324.875,33909.5,38062.5,38118.495,41837,48367.4,Surged Relax Interventions 50%,Iraq,IRQ,2020-06-17,v3
2020-05-01,deaths,1,1,1,1.45,2,3,Surged Relax Interventions 50%,Iraq,IRQ,2020-06-17,v3
2020-05-01,hospital_demand,43.975,60,70,71.755,81,106.05,Surged Relax Interventions 50%,Iraq,IRQ,2020-06-17,v3
2020-05-01,ICU_demand,10,15,19,19.02,22.25,31,Surged Relax Interventions 50%,Iraq,IRQ,2020-06-17,v3
2020-05-01,infections,540.825,654,733.5,737.74,810,1016.35,Surged Relax Interventions 50%,Iraq,IRQ,2020-06-17,v3
2020-05-01,Rt,1.46409156547729,1.56665332397418,1.61487519775694,1.6117629364232,1.660620262653,1.72749982989191,Surged Relax Interventions 50%,Iraq,IRQ,2020-06-17,v3
2020-05-02,cumulative_infections,29455.275,35073,38852.5,39070.025,43052.25,48498.475,Additional 50% Reduction,Iraq,IRQ,2020-06-17,v3
2020-05-02,deaths,1,1,1,1.57,2,3,Additional 50% Reduction,Iraq,IRQ,2020-06-17,v3
2020-05-02,hospital_demand,46,65.75,74,75.44,84,105,Additional 50% Reduction,Iraq,IRQ,2020-06-17,v3
2020-05-02,ICU_demand,10.975,16,19,19.86,23,33.025,Additional 50% Reduction,Iraq,IRQ,2020-06-17,v3
2020-05-02,infections,574.975,716,803,808.825,897.25,1071.375,Additional 50% Reduction,Iraq,IRQ,2020-06-17,v3
2020-05-02,Rt,1.49627734327249,1.59269393389938,1.63880698717213,1.63175483599975,1.67248511239725,1.73168800987309,Additional 50% Reduction,Iraq,IRQ,2020-06-17,v3
2020-05-02,cumulative_infections,29455.275,35073,38852.5,39070.025,43052.25,48498.475,Maintain Status Quo,Iraq,IRQ,2020-06-17,v3
2020-05-02,deaths,1,1,1,1.57,2,3,Maintain Status Quo,Iraq,IRQ,2020-06-17,v3
2020-05-02,hospital_demand,46,65.75,74,75.44,84,105,Maintain Status Quo,Iraq,IRQ,2020-06-17,v3
2020-05-02,ICU_demand,10.975,16,19,19.86,23,33.025,Maintain Status Quo,Iraq,IRQ,2020-06-17,v3
2020-05-02,infections,574.975,716,803,808.825,897.25,1071.375,Maintain Status Quo,Iraq,IRQ,2020-06-17,v3
2020-05-02,Rt,1.49627734327249,1.59269393389938,1.63880698717213,1.63175483599975,1.67248511239725,1.73168800987309,Maintain Status Quo,Iraq,IRQ,2020-06-17,v3
2020-05-02,cumulative_infections,29455.275,35073,38852.5,39070.025,43052.25,48498.475,Relax Interventions 50%,Iraq,IRQ,2020-06-17,v3
2020-05-02,deaths,1,1,1,1.57,2,3,Relax Interventions 50%,Iraq,IRQ,2020-06-17,v3
2020-05-02,hospital_demand,46,65.75,74,75.44,84,105,Relax Interventions 50%,Iraq,IRQ,2020-06-17,v3
2020-05-02,ICU_demand,10.975,16,19,19.86,23,33.025,Relax Interventions 50%,Iraq,IRQ,2020-06-17,v3
2020-05-02,infections,574.975,716,803,808.825,897.25,1071.375,Relax Interventions 50%,Iraq,IRQ,2020-06-17,v3
2020-05-02,Rt,1.49627734327249,1.59269393389938,1.63880698717213,1.63175483599975,1.67248511239725,1.73168800987309,Relax Interventions 50%,Iraq,IRQ,2020-06-17,v3
2020-05-02,cumulative_infections,30151.525,34594,38814,38923.135,42654,49183.2,Surged Additional 50% Reduction,Iraq,IRQ,2020-06-17,v3
2020-05-02,deaths,1,1,1,1.545,2,4,Surged Additional 50% Reduction,Iraq,IRQ,2020-06-17,v3
2020-05-02,hospital_demand,46.975,65,75,76.125,86,111.075,Surged Additional 50% Reduction,Iraq,IRQ,2020-06-17,v3
2020-05-02,ICU_demand,10,15.75,19,19.77,24,31.025,Surged Additional 50% Reduction,Iraq,IRQ,2020-06-17,v3
2020-05-02,infections,592.85,709,793,804.64,877.25,1118.4,Surged Additional 50% Reduction,Iraq,IRQ,2020-06-17,v3
2020-05-02,Rt,1.48783070210135,1.58421510506296,1.63039603025067,1.62730510671394,1.67265711078717,1.73839917552705,Surged Additional 50% Reduction,Iraq,IRQ,2020-06-17,v3
2020-05-02,cumulative_infections,30151.525,34594,38814,38923.135,42654,49183.2,Surged Maintain Status Quo,Iraq,IRQ,2020-06-17,v3
2020-05-02,deaths,1,1,1,1.545,2,4,Surged Maintain Status Quo,Iraq,IRQ,2020-06-17,v3
2020-05-02,hospital_demand,46.975,65,75,76.125,86,111.075,Surged Maintain Status Quo,Iraq,IRQ,2020-06-17,v3
2020-05-02,ICU_demand,10,15.75,19,19.77,24,31.025,Surged Maintain Status Quo,Iraq,IRQ,2020-06-17,v3
2020-05-02,infections,592.85,709,793,804.64,877.25,1118.4,Surged Maintain Status Quo,Iraq,IRQ,2020-06-17,v3
2020-05-02,Rt,1.48783070210135,1.58421510506296,1.63039603025067,1.62730510671394,1.67265711078717,1.73839917552705,Surged Maintain Status Quo,Iraq,IRQ,2020-06-17,v3
2020-05-02,cumulative_infections,30151.525,34594,38814,38923.135,42654,49183.2,Surged Relax Interventions 50%,Iraq,IRQ,2020-06-17,v3
2020-05-02,deaths,1,1,1,1.545,2,4,Surged Relax Interventions 50%,Iraq,IRQ,2020-06-17,v3
2020-05-02,hospital_demand,46.975,65,75,76.125,86,111.075,Surged Relax Interventions 50%,Iraq,IRQ,2020-06-17,v3
2020-05-02,ICU_demand,10,15.75,19,19.77,24,31.025,Surged Relax Interventions 50%,Iraq,IRQ,2020-06-17,v3
2020-05-02,infections,592.85,709,793,804.64,877.25,1118.4,Surged Relax Interventions 50%,Iraq,IRQ,2020-06-17,v3
2020-05-02,Rt,1.48783070210135,1.58421510506296,1.63039603025067,1.62730510671394,1.67265711078717,1.73839917552705,Surged Relax Interventions 50%,Iraq,IRQ,2020-06-17,v3
2020-05-03,cumulative_infections,30173.375,35869.75,39785.5,39941.16,43874.5,49621.425,Additional 50% Reduction,Iraq,IRQ,2020-06-17,v3
2020-05-03,deaths,1,1,1,1.565,2,3.02500000000001,Additional 50% Reduction,Iraq,IRQ,2020-06-17,v3
2020-05-03,hospital_demand,48.975,70.75,78.5,80.565,91.25,113.1,Additional 50% Reduction,Iraq,IRQ,2020-06-17,v3
2020-05-03,ICU_demand,11.975,17,20,20.99,24,32,Additional 50% Reduction,Iraq,IRQ,2020-06-17,v3
2020-05-03,infections,639,768.75,862,871.135,965.25,1171.075,Additional 50% Reduction,Iraq,IRQ,2020-06-17,v3
2020-05-03,Rt,1.65394559089588,1.7057187361189,1.73370936661352,1.73518082944855,1.76486199216017,1.81650766620139,Additional 50% Reduction,Iraq,IRQ,2020-06-17,v3
2020-05-03,cumulative_infections,30173.375,35869.75,39785.5,39941.16,43874.5,49621.425,Maintain Status Quo,Iraq,IRQ,2020-06-17,v3
2020-05-03,deaths,1,1,1,1.565,2,3.02500000000001,Maintain Status Quo,Iraq,IRQ,2020-06-17,v3
2020-05-03,hospital_demand,48.975,70.75,78.5,80.565,91.25,113.1,Maintain Status Quo,Iraq,IRQ,2020-06-17,v3
2020-05-03,ICU_demand,11.975,17,20,20.99,24,32,Maintain Status Quo,Iraq,IRQ,2020-06-17,v3
2020-05-03,infections,639,768.75,862,871.135,965.25,1171.075,Maintain Status Quo,Iraq,IRQ,2020-06-17,v3
2020-05-03,Rt,1.65394559089588,1.7057187361189,1.73370936661352,1.73518082944855,1.76486199216017,1.81650766620139,Maintain Status Quo,Iraq,IRQ,2020-06-17,v3
2020-05-03,cumulative_infections,30173.375,35869.75,39785.5,39941.16,43874.5,49621.425,Relax Interventions 50%,Iraq,IRQ,2020-06-17,v3
2020-05-03,deaths,1,1,1,1.565,2,3.02500000000001,Relax Interventions 50%,Iraq,IRQ,2020-06-17,v3
2020-05-03,hospital_demand,48.975,70.75,78.5,80.565,91.25,113.1,Relax Interventions 50%,Iraq,IRQ,2020-06-17,v3
2020-05-03,ICU_demand,11.975,17,20,20.99,24,32,Relax Interventions 50%,Iraq,IRQ,2020-06-17,v3
2020-05-03,infections,639,768.75,862,871.135,965.25,1171.075,Relax Interventions 50%,Iraq,IRQ,2020-06-17,v3
2020-05-03,Rt,1.65394559089588,1.7057187361189,1.73370936661352,1.73518082944855,1.76486199216017,1.81650766620139,Relax Interventions 50%,Iraq,IRQ,2020-06-17,v3
2020-05-03,cumulative_infections,30968.05,35412.75,39542.5,39792.675,43668.25,50349.225,Surged Additional 50% Reduction,Iraq,IRQ,2020-06-17,v3
2020-05-03,deaths,1,1,1,1.615,2,4,Surged Additional 50% Reduction,Iraq,IRQ,2020-06-17,v3
2020-05-03,hospital_demand,52.9,69,80,81.185,91,116.1,Surged Additional 50% Reduction,Iraq,IRQ,2020-06-17,v3
2020-05-03,ICU_demand,11,16,21,20.785,25,33,Surged Additional 50% Reduction,Iraq,IRQ,2020-06-17,v3
2020-05-03,infections,631.925,762.75,859.5,869.54,957.5,1186.4,Surged Additional 50% Reduction,Iraq,IRQ,2020-06-17,v3
2020-05-03,Rt,1.64542601648369,1.70502631983152,1.72848037251292,1.73334306290472,1.76688580625934,1.81880975454661,Surged Additional 50% Reduction,Iraq,IRQ,2020-06-17,v3
2020-05-03,cumulative_infections,30968.05,35412.75,39542.5,39792.675,43668.25,50349.225,Surged Maintain Status Quo,Iraq,IRQ,2020-06-17,v3
2020-05-03,deaths,1,1,1,1.615,2,4,Surged Maintain Status Quo,Iraq,IRQ,2020-06-17,v3
2020-05-03,hospital_demand,52.9,69,80,81.185,91,116.1,Surged Maintain Status Quo,Iraq,IRQ,2020-06-17,v3
2020-05-03,ICU_demand,11,16,21,20.785,25,33,Surged Maintain Status Quo,Iraq,IRQ,2020-06-17,v3
2020-05-03,infections,631.925,762.75,859.5,869.54,957.5,1186.4,Surged Maintain Status Quo,Iraq,IRQ,2020-06-17,v3
2020-05-03,Rt,1.64542601648369,1.70502631983152,1.72848037251292,1.73334306290472,1.76688580625934,1.81880975454661,Surged Maintain Status Quo,Iraq,IRQ,2020-06-17,v3
2020-05-03,cumulative_infections,30968.05,35412.75,39542.5,39792.675,43668.25,50349.225,Surged Relax Interventions 50%,Iraq,IRQ,2020-06-17,v3
2020-05-03,deaths,1,1,1,1.615,2,4,Surged Relax Interventions 50%,Iraq,IRQ,2020-06-17,v3
2020-05-03,hospital_demand,52.9,69,80,81.185,91,116.1,Surged Relax Interventions 50%,Iraq,IRQ,2020-06-17,v3
2020-05-03,ICU_demand,11,16,21,20.785,25,33,Surged Relax Interventions 50%,Iraq,IRQ,2020-06-17,v3
2020-05-03,infections,631.925,762.75,859.5,869.54,957.5,1186.4,Surged Relax Interventions 50%,Iraq,IRQ,2020-06-17,v3
2020-05-03,Rt,1.64542601648369,1.70502631983152,1.72848037251292,1.73334306290472,1.76688580625934,1.81880975454661,Surged Relax Interventions 50%,Iraq,IRQ,2020-06-17,v3
2020-05-04,cumulative_infections,30899.275,36691.75,40742,40887.96,44836.5,50856.2,Additional 50% Reduction,Iraq,IRQ,2020-06-17,v3
2020-05-04,deaths,1,1,2,1.795,2,4,Additional 50% Reduction,Iraq,IRQ,2020-06-17,v3
2020-05-04,hospital_demand,54.975,75,83.5,86.02,97,123,Additional 50% Reduction,Iraq,IRQ,2020-06-17,v3
2020-05-04,ICU_demand,12.975,18,21,21.885,25,32.05,Additional 50% Reduction,Iraq,IRQ,2020-06-17,v3
2020-05-04,infections,691.875,835.5,934,946.8,1033.25,1252.1,Additional 50% Reduction,Iraq,IRQ,2020-06-17,v3
2020-05-04,Rt,1.60373403780439,1.67140401846667,1.70332751793146,1.70051911763881,1.73207648311699,1.78575756310993,Additional 50% Reduction,Iraq,IRQ,2020-06-17,v3
2020-05-04,cumulative_infections,30899.275,36691.75,40742,40887.96,44836.5,50856.2,Maintain Status Quo,Iraq,IRQ,2020-06-17,v3
2020-05-04,deaths,1,1,2,1.795,2,4,Maintain Status Quo,Iraq,IRQ,2020-06-17,v3
2020-05-04,hospital_demand,54.975,75,83.5,86.02,97,123,Maintain Status Quo,Iraq,IRQ,2020-06-17,v3
2020-05-04,ICU_demand,12.975,18,21,21.885,25,32.05,Maintain Status Quo,Iraq,IRQ,2020-06-17,v3
2020-05-04,infections,691.875,835.5,934,946.8,1033.25,1252.1,Maintain Status Quo,Iraq,IRQ,2020-06-17,v3
2020-05-04,Rt,1.60373403780439,1.67140401846667,1.70332751793146,1.70051911763881,1.73207648311699,1.78575756310993,Maintain Status Quo,Iraq,IRQ,2020-06-17,v3
2020-05-04,cumulative_infections,30899.275,36691.75,40742,40887.96,44836.5,50856.2,Relax Interventions 50%,Iraq,IRQ,2020-06-17,v3
2020-05-04,deaths,1,1,2,1.795,2,4,Relax Interventions 50%,Iraq,IRQ,2020-06-17,v3
2020-05-04,hospital_demand,54.975,75,83.5,86.02,97,123,Relax Interventions 50%,Iraq,IRQ,2020-06-17,v3
2020-05-04,ICU_demand,12.975,18,21,21.885,25,32.05,Relax Interventions 50%,Iraq,IRQ,2020-06-17,v3
2020-05-04,infections,691.875,835.5,934,946.8,1033.25,1252.1,Relax Interventions 50%,Iraq,IRQ,2020-06-17,v3
2020-05-04,Rt,1.60373403780439,1.67140401846667,1.70332751793146,1.70051911763881,1.73207648311699,1.78575756310993,Relax Interventions 50%,Iraq,IRQ,2020-06-17,v3
2020-05-04,cumulative_infections,31569.825,36224.75,40339.5,40735.245,44740,51491.65,Surged Additional 50% Reduction,Iraq,IRQ,2020-06-17,v3
2020-05-04,deaths,1,1,2,1.73,2,3,Surged Additional 50% Reduction,Iraq,IRQ,2020-06-17,v3
2020-05-04,hospital_demand,53,75,85.5,87.6,99,121.075,Surged Additional 50% Reduction,Iraq,IRQ,2020-06-17,v3
2020-05-04,ICU_demand,11,17,22,21.8,26,34.025,Surged Additional 50% Reduction,Iraq,IRQ,2020-06-17,v3
2020-05-04,infections,690.9,828.5,942.5,942.57,1032.25,1263.625,Surged Additional 50% Reduction,Iraq,IRQ,2020-06-17,v3
2020-05-04,Rt,1.58927801241488,1.66659996927232,1.6946753751345,1.6978017436536,1.7364291785978,1.78493385214956,Surged Additional 50% Reduction,Iraq,IRQ,2020-06-17,v3
2020-05-04,cumulative_infections,31569.825,36224.75,40339.5,40735.245,44740,51491.65,Surged Maintain Status Quo,Iraq,IRQ,2020-06-17,v3
2020-05-04,deaths,1,1,2,1.73,2,3,Surged Maintain Status Quo,Iraq,IRQ,2020-06-17,v3
2020-05-04,hospital_demand,53,75,85.5,87.6,99,121.075,Surged Maintain Status Quo,Iraq,IRQ,2020-06-17,v3
2020-05-04,ICU_demand,11,17,22,21.8,26,34.025,Surged Maintain Status Quo,Iraq,IRQ,2020-06-17,v3
2020-05-04,infections,690.9,828.5,942.5,942.57,1032.25,1263.625,Surged Maintain Status Quo,Iraq,IRQ,2020-06-17,v3
2020-05-04,Rt,1.58927801241488,1.66659996927232,1.6946753751345,1.6978017436536,1.7364291785978,1.78493385214956,Surged Maintain Status Quo,Iraq,IRQ,2020-06-17,v3
2020-05-04,cumulative_infections,31569.825,36224.75,40339.5,40735.245,44740,51491.65,Surged Relax Interventions 50%,Iraq,IRQ,2020-06-17,v3
2020-05-04,deaths,1,1,2,1.73,2,3,Surged Relax Interventions 50%,Iraq,IRQ,2020-06-17,v3
2020-05-04,hospital_demand,53,75,85.5,87.6,99,121.075,Surged Relax Interventions 50%,Iraq,IRQ,2020-06-17,v3
2020-05-04,ICU_demand,11,17,22,21.8,26,34.025,Surged Relax Interventions 50%,Iraq,IRQ,2020-06-17,v3
2020-05-04,infections,690.9,828.5,942.5,942.57,1032.25,1263.625,Surged Relax Interventions 50%,Iraq,IRQ,2020-06-17,v3
2020-05-04,Rt,1.58927801241488,1.66659996927232,1.6946753751345,1.6978017436536,1.7364291785978,1.78493385214956,Surged Relax Interventions 50%,Iraq,IRQ,2020-06-17,v3
2020-05-05,cumulative_infections,31733.225,37631,41890.5,41919.855,45938.75,52190.65,Additional 50% Reduction,Iraq,IRQ,2020-06-17,v3
2020-05-05,deaths,1,1,1,1.625,2,4,Additional 50% Reduction,Iraq,IRQ,2020-06-17,v3
2020-05-05,hospital_demand,58.975,79,92,92.48,104.25,135,Additional 50% Reduction,Iraq,IRQ,2020-06-17,v3
2020-05-05,ICU_demand,14,19.75,23,23.32,27,34.05,Additional 50% Reduction,Iraq,IRQ,2020-06-17,v3
2020-05-05,infections,763.725,907.5,1007.5,1031.895,1145.75,1333.75,Additional 50% Reduction,Iraq,IRQ,2020-06-17,v3
2020-05-05,Rt,1.60373403780439,1.67140401846667,1.70332751793146,1.70051911763881,1.73207648311699,1.78575756310993,Additional 50% Reduction,Iraq,IRQ,2020-06-17,v3
2020-05-05,cumulative_infections,31733.225,37631,41890.5,41919.855,45938.75,52190.65,Maintain Status Quo,Iraq,IRQ,2020-06-17,v3
2020-05-05,deaths,1,1,1,1.625,2,4,Maintain Status Quo,Iraq,IRQ,2020-06-17,v3
2020-05-05,hospital_demand,58.975,79,92,92.48,104.25,135,Maintain Status Quo,Iraq,IRQ,2020-06-17,v3
2020-05-05,ICU_demand,14,19.75,23,23.32,27,34.05,Maintain Status Quo,Iraq,IRQ,2020-06-17,v3
2020-05-05,infections,763.725,907.5,1007.5,1031.895,1145.75,1333.75,Maintain Status Quo,Iraq,IRQ,2020-06-17,v3
2020-05-05,Rt,1.60373403780439,1.67140401846667,1.70332751793146,1.70051911763881,1.73207648311699,1.78575756310993,Maintain Status Quo,Iraq,IRQ,2020-06-17,v3
2020-05-05,cumulative_infections,31733.225,37631,41890.5,41919.855,45938.75,52190.65,Relax Interventions 50%,Iraq,IRQ,2020-06-17,v3
2020-05-05,deaths,1,1,1,1.625,2,4,Relax Interventions 50%,Iraq,IRQ,2020-06-17,v3
2020-05-05,hospital_demand,58.975,79,92,92.48,104.25,135,Relax Interventions 50%,Iraq,IRQ,2020-06-17,v3
2020-05-05,ICU_demand,14,19.75,23,23.32,27,34.05,Relax Interventions 50%,Iraq,IRQ,2020-06-17,v3
2020-05-05,infections,763.725,907.5,1007.5,1031.895,1145.75,1333.75,Relax Interventions 50%,Iraq,IRQ,2020-06-17,v3
2020-05-05,Rt,1.60373403780439,1.67140401846667,1.70332751793146,1.70051911763881,1.73207648311699,1.78575756310993,Relax Interventions 50%,Iraq,IRQ,2020-06-17,v3
2020-05-05,cumulative_infections,32469.375,37158,41255,41759.645,45930.75,52821.15,Surged Additional 50% Reduction,Iraq,IRQ,2020-06-17,v3
2020-05-05,deaths,1,1,1,1.645,2,4,Surged Additional 50% Reduction,Iraq,IRQ,2020-06-17,v3
2020-05-05,hospital_demand,63.9,80,93,94.145,105,133.05,Surged Additional 50% Reduction,Iraq,IRQ,2020-06-17,v3
2020-05-05,ICU_demand,12,18,23,23.055,27,37,Surged Additional 50% Reduction,Iraq,IRQ,2020-06-17,v3
2020-05-05,infections,766.875,906,1010.5,1024.4,1121,1418.1,Surged Additional 50% Reduction,Iraq,IRQ,2020-06-17,v3
2020-05-05,Rt,1.58927801241488,1.66659996927232,1.6946753751345,1.6978017436536,1.7364291785978,1.78493385214956,Surged Additional 50% Reduction,Iraq,IRQ,2020-06-17,v3
2020-05-05,cumulative_infections,32469.375,37158,41255,41759.645,45930.75,52821.15,Surged Maintain Status Quo,Iraq,IRQ,2020-06-17,v3
2020-05-05,deaths,1,1,1,1.645,2,4,Surged Maintain Status Quo,Iraq,IRQ,2020-06-17,v3
2020-05-05,hospital_demand,63.9,80,93,94.145,105,133.05,Surged Maintain Status Quo,Iraq,IRQ,2020-06-17,v3
2020-05-05,ICU_demand,12,18,23,23.055,27,37,Surged Maintain Status Quo,Iraq,IRQ,2020-06-17,v3
2020-05-05,infections,766.875,906,1010.5,1024.4,1121,1418.1,Surged Maintain Status Quo,Iraq,IRQ,2020-06-17,v3
2020-05-05,Rt,1.58927801241488,1.66659996927232,1.6946753751345,1.6978017436536,1.7364291785978,1.78493385214956,Surged Maintain Status Quo,Iraq,IRQ,2020-06-17,v3
2020-05-05,cumulative_infections,32469.375,37158,41255,41759.645,45930.75,52821.15,Surged Relax Interventions 50%,Iraq,IRQ,2020-06-17,v3
2020-05-05,deaths,1,1,1,1.645,2,4,Surged Relax Interventions 50%,Iraq,IRQ,2020-06-17,v3
2020-05-05,hospital_demand,63.9,80,93,94.145,105,133.05,Surged Relax Interventions 50%,Iraq,IRQ,2020-06-17,v3
2020-05-05,ICU_demand,12,18,23,23.055,27,37,Surged Relax Interventions 50%,Iraq,IRQ,2020-06-17,v3
2020-05-05,infections,766.875,906,1010.5,1024.4,1121,1418.1,Surged Relax Interventions 50%,Iraq,IRQ,2020-06-17,v3
2020-05-05,Rt,1.58927801241488,1.66659996927232,1.6946753751345,1.6978017436536,1.7364291785978,1.78493385214956,Surged Relax Interventions 50%,Iraq,IRQ,2020-06-17,v3
2020-05-06,cumulative_infections,32597.875,38703.5,42955,43041.42,47203.75,53678.35,Additional 50% Reduction,Iraq,IRQ,2020-06-17,v3
2020-05-06,deaths,1,2,2,2.32,3,4.02500000000001,Additional 50% Reduction,Iraq,IRQ,2020-06-17,v3
2020-05-06,hospital_demand,66.925,86,99,99.735,112.25,142.025,Additional 50% Reduction,Iraq,IRQ,2020-06-17,v3
2020-05-06,ICU_demand,14,20,24,24.24,28,37,Additional 50% Reduction,Iraq,IRQ,2020-06-17,v3
2020-05-06,infections,831.6,985.5,1112.5,1121.565,1246.75,1491,Additional 50% Reduction,Iraq,IRQ,2020-06-17,v3
2020-05-06,Rt,1.66231888587327,1.71083932389336,1.74025775400297,1.74097305971222,1.7703861424505,1.82036706238449,Additional 50% Reduction,Iraq,IRQ,2020-06-17,v3
2020-05-06,cumulative_infections,32597.875,38703.5,42955,43041.42,47203.75,53678.35,Maintain Status Quo,Iraq,IRQ,2020-06-17,v3
2020-05-06,deaths,1,2,2,2.32,3,4.02500000000001,Maintain Status Quo,Iraq,IRQ,2020-06-17,v3
2020-05-06,hospital_demand,66.925,86,99,99.735,112.25,142.025,Maintain Status Quo,Iraq,IRQ,2020-06-17,v3
2020-05-06,ICU_demand,14,20,24,24.24,28,37,Maintain Status Quo,Iraq,IRQ,2020-06-17,v3
2020-05-06,infections,831.6,985.5,1112.5,1121.565,1246.75,1491,Maintain Status Quo,Iraq,IRQ,2020-06-17,v3
2020-05-06,Rt,1.66231888587327,1.71083932389336,1.74025775400297,1.74097305971222,1.7703861424505,1.82036706238449,Maintain Status Quo,Iraq,IRQ,2020-06-17,v3
2020-05-06,cumulative_infections,32597.875,38703.5,42955,43041.42,47203.75,53678.35,Relax Interventions 50%,Iraq,IRQ,2020-06-17,v3
2020-05-06,deaths,1,2,2,2.32,3,4.02500000000001,Relax Interventions 50%,Iraq,IRQ,2020-06-17,v3
2020-05-06,hospital_demand,66.925,86,99,99.735,112.25,142.025,Relax Interventions 50%,Iraq,IRQ,2020-06-17,v3
2020-05-06,ICU_demand,14,20,24,24.24,28,37,Relax Interventions 50%,Iraq,IRQ,2020-06-17,v3
2020-05-06,infections,831.6,985.5,1112.5,1121.565,1246.75,1491,Relax Interventions 50%,Iraq,IRQ,2020-06-17,v3
2020-05-06,Rt,1.66231888587327,1.71083932389336,1.74025775400297,1.74097305971222,1.7703861424505,1.82036706238449,Relax Interventions 50%,Iraq,IRQ,2020-06-17,v3
2020-05-06,cumulative_infections,33286.175,38221,42330,42880.755,47225.75,54316.4,Surged Additional 50% Reduction,Iraq,IRQ,2020-06-17,v3
2020-05-06,deaths,1,2,2,2.47,3,5,Surged Additional 50% Reduction,Iraq,IRQ,2020-06-17,v3
2020-05-06,hospital_demand,65.95,86,99,100.59,112,140.025,Surged Additional 50% Reduction,Iraq,IRQ,2020-06-17,v3
2020-05-06,ICU_demand,12,20,24,24.2,28,36.025,Surged Additional 50% Reduction,Iraq,IRQ,2020-06-17,v3
2020-05-06,infections,818.875,988.75,1106,1121.11,1230.75,1521.15,Surged Additional 50% Reduction,Iraq,IRQ,2020-06-17,v3
2020-05-06,Rt,1.65355249697741,1.71085929899717,1.73449528796738,1.7392826255536,1.77187115260607,1.82314913171936,Surged Additional 50% Reduction,Iraq,IRQ,2020-06-17,v3
2020-05-06,cumulative_infections,33286.175,38221,42330,42880.755,47225.75,54316.4,Surged Maintain Status Quo,Iraq,IRQ,2020-06-17,v3
2020-05-06,deaths,1,2,2,2.47,3,5,Surged Maintain Status Quo,Iraq,IRQ,2020-06-17,v3
2020-05-06,hospital_demand,65.95,86,99,100.59,112,140.025,Surged Maintain Status Quo,Iraq,IRQ,2020-06-17,v3
2020-05-06,ICU_demand,12,20,24,24.2,28,36.025,Surged Maintain Status Quo,Iraq,IRQ,2020-06-17,v3
2020-05-06,infections,818.875,988.75,1106,1121.11,1230.75,1521.15,Surged Maintain Status Quo,Iraq,IRQ,2020-06-17,v3
2020-05-06,Rt,1.65355249697741,1.71085929899717,1.73449528796738,1.7392826255536,1.77187115260607,1.82314913171936,Surged Maintain Status Quo,Iraq,IRQ,2020-06-17,v3
2020-05-06,cumulative_infections,33286.175,38221,42330,42880.755,47225.75,54316.4,Surged Relax Interventions 50%,Iraq,IRQ,2020-06-17,v3
2020-05-06,deaths,1,2,2,2.47,3,5,Surged Relax Interventions 50%,Iraq,IRQ,2020-06-17,v3
2020-05-06,hospital_demand,65.95,86,99,100.59,112,140.025,Surged Relax Interventions 50%,Iraq,IRQ,2020-06-17,v3
2020-05-06,ICU_demand,12,20,24,24.2,28,36.025,Surged Relax Interventions 50%,Iraq,IRQ,2020-06-17,v3
2020-05-06,infections,818.875,988.75,1106,1121.11,1230.75,1521.15,Surged Relax Interventions 50%,Iraq,IRQ,2020-06-17,v3
2020-05-06,Rt,1.65355249697741,1.71085929899717,1.73449528796738,1.7392826255536,1.77187115260607,1.82314913171936,Surged Relax Interventions 50%,Iraq,IRQ,2020-06-17,v3
2020-05-07,cumulative_infections,33682.175,39632,44152,44269.015,48459,55293.7,Additional 50% Reduction,Iraq,IRQ,2020-06-17,v3
2020-05-07,deaths,0,0,1,0.835,1,3,Additional 50% Reduction,Iraq,IRQ,2020-06-17,v3
2020-05-07,hospital_demand,67,91,109,107.575,121,154.025,Additional 50% Reduction,Iraq,IRQ,2020-06-17,v3
2020-05-07,ICU_demand,15,22,26,26.525,30.25,40.025,Additional 50% Reduction,Iraq,IRQ,2020-06-17,v3
2020-05-07,infections,906.45,1080.75,1206.5,1227.595,1367,1640.15,Additional 50% Reduction,Iraq,IRQ,2020-06-17,v3
2020-05-07,Rt,1.67911147336678,1.72262015648309,1.7518312690072,1.7525694351702,1.77955864193599,1.83298879159019,Additional 50% Reduction,Iraq,IRQ,2020-06-17,v3
2020-05-07,cumulative_infections,33682.175,39632,44152,44269.015,48459,55293.7,Maintain Status Quo,Iraq,IRQ,2020-06-17,v3
2020-05-07,deaths,0,0,1,0.835,1,3,Maintain Status Quo,Iraq,IRQ,2020-06-17,v3
2020-05-07,hospital_demand,67,91,109,107.575,121,154.025,Maintain Status Quo,Iraq,IRQ,2020-06-17,v3
2020-05-07,ICU_demand,15,22,26,26.525,30.25,40.025,Maintain Status Quo,Iraq,IRQ,2020-06-17,v3
2020-05-07,infections,906.45,1080.75,1206.5,1227.595,1367,1640.15,Maintain Status Quo,Iraq,IRQ,2020-06-17,v3
2020-05-07,Rt,1.67911147336678,1.72262015648309,1.7518312690072,1.7525694351702,1.77955864193599,1.83298879159019,Maintain Status Quo,Iraq,IRQ,2020-06-17,v3
2020-05-07,cumulative_infections,33682.175,39632,44152,44269.015,48459,55293.7,Relax Interventions 50%,Iraq,IRQ,2020-06-17,v3
2020-05-07,deaths,0,0,1,0.835,1,3,Relax Interventions 50%,Iraq,IRQ,2020-06-17,v3
2020-05-07,hospital_demand,67,91,109,107.575,121,154.025,Relax Interventions 50%,Iraq,IRQ,2020-06-17,v3
2020-05-07,ICU_demand,15,22,26,26.525,30.25,40.025,Relax Interventions 50%,Iraq,IRQ,2020-06-17,v3
2020-05-07,infections,906.45,1080.75,1206.5,1227.595,1367,1640.15,Relax Interventions 50%,Iraq,IRQ,2020-06-17,v3
2020-05-07,Rt,1.67911147336678,1.72262015648309,1.7518312690072,1.7525694351702,1.77955864193599,1.83298879159019,Relax Interventions 50%,Iraq,IRQ,2020-06-17,v3
2020-05-07,cumulative_infections,34234.3,39409,43624,44102.605,48632,55766.725,Surged Additional 50% Reduction,Iraq,IRQ,2020-06-17,v3
2020-05-07,deaths,0,0,0,0.805,1,3.02500000000001,Surged Additional 50% Reduction,Iraq,IRQ,2020-06-17,v3
2020-05-07,hospital_demand,72.95,95,108,109.385,120.25,151.125,Surged Additional 50% Reduction,Iraq,IRQ,2020-06-17,v3
2020-05-07,ICU_demand,15.975,22,26.5,26.625,30.25,40,Surged Additional 50% Reduction,Iraq,IRQ,2020-06-17,v3
2020-05-07,infections,899.775,1088.75,1202,1221.85,1361,1662.25,Surged Additional 50% Reduction,Iraq,IRQ,2020-06-17,v3
2020-05-07,Rt,1.66635043372878,1.72278344833107,1.74676204739564,1.75117423508916,1.78321148546889,1.834620475533,Surged Additional 50% Reduction,Iraq,IRQ,2020-06-17,v3
2020-05-07,cumulative_infections,34234.3,39409,43624,44102.605,48632,55766.725,Surged Maintain Status Quo,Iraq,IRQ,2020-06-17,v3
2020-05-07,deaths,0,0,0,0.805,1,3.02500000000001,Surged Maintain Status Quo,Iraq,IRQ,2020-06-17,v3
2020-05-07,hospital_demand,72.95,95,108,109.385,120.25,151.125,Surged Maintain Status Quo,Iraq,IRQ,2020-06-17,v3
2020-05-07,ICU_demand,15.975,22,26.5,26.625,30.25,40,Surged Maintain Status Quo,Iraq,IRQ,2020-06-17,v3
2020-05-07,infections,899.775,1088.75,1202,1221.85,1361,1662.25,Surged Maintain Status Quo,Iraq,IRQ,2020-06-17,v3
2020-05-07,Rt,1.66635043372878,1.72278344833107,1.74676204739564,1.75117423508916,1.78321148546889,1.834620475533,Surged Maintain Status Quo,Iraq,IRQ,2020-06-17,v3
2020-05-07,cumulative_infections,34234.3,39409,43624,44102.605,48632,55766.725,Surged Relax Interventions 50%,Iraq,IRQ,2020-06-17,v3
2020-05-07,deaths,0,0,0,0.805,1,3.02500000000001,Surged Relax Interventions 50%,Iraq,IRQ,2020-06-17,v3
2020-05-07,hospital_demand,72.95,95,108,109.385,120.25,151.125,Surged Relax Interventions 50%,Iraq,IRQ,2020-06-17,v3
2020-05-07,ICU_demand,15.975,22,26.5,26.625,30.25,40,Surged Relax Interventions 50%,Iraq,IRQ,2020-06-17,v3
2020-05-07,infections,899.775,1088.75,1202,1221.85,1361,1662.25,Surged Relax Interventions 50%,Iraq,IRQ,2020-06-17,v3
2020-05-07,Rt,1.66635043372878,1.72278344833107,1.74676204739564,1.75117423508916,1.78321148546889,1.834620475533,Surged Relax Interventions 50%,Iraq,IRQ,2020-06-17,v3
2020-05-08,cumulative_infections,34857,40915.75,45465.5,45612.205,49829.5,57051.35,Additional 50% Reduction,Iraq,IRQ,2020-06-17,v3
2020-05-08,deaths,0,0,1,0.89,1,3,Additional 50% Reduction,Iraq,IRQ,2020-06-17,v3
2020-05-08,hospital_demand,79.975,101.75,116,117.715,131.25,164.025,Additional 50% Reduction,Iraq,IRQ,2020-06-17,v3
2020-05-08,ICU_demand,17.975,25,29,29.365,34,44.025,Additional 50% Reduction,Iraq,IRQ,2020-06-17,v3
2020-05-08,infections,1016.95,1188.75,1311.5,1343.19,1488,1763.575,Additional 50% Reduction,Iraq,IRQ,2020-06-17,v3
2020-05-08,Rt,1.6400135440458,1.69634905429122,1.72513494184024,1.72553639367911,1.756753149355,1.81007748301136,Additional 50% Reduction,Iraq,IRQ,2020-06-17,v3
2020-05-08,cumulative_infections,34857,40915.75,45465.5,45612.205,49829.5,57051.35,Maintain Status Quo,Iraq,IRQ,2020-06-17,v3
2020-05-08,deaths,0,0,1,0.89,1,3,Maintain Status Quo,Iraq,IRQ,2020-06-17,v3
2020-05-08,hospital_demand,79.975,101.75,116,117.715,131.25,164.025,Maintain Status Quo,Iraq,IRQ,2020-06-17,v3
2020-05-08,ICU_demand,17.975,25,29,29.365,34,44.025,Maintain Status Quo,Iraq,IRQ,2020-06-17,v3
2020-05-08,infections,1016.95,1188.75,1311.5,1343.19,1488,1763.575,Maintain Status Quo,Iraq,IRQ,2020-06-17,v3
2020-05-08,Rt,1.6400135440458,1.69634905429122,1.72513494184024,1.72553639367911,1.756753149355,1.81007748301136,Maintain Status Quo,Iraq,IRQ,2020-06-17,v3
2020-05-08,cumulative_infections,34857,40915.75,45465.5,45612.205,49829.5,57051.35,Relax Interventions 50%,Iraq,IRQ,2020-06-17,v3
2020-05-08,deaths,0,0,1,0.89,1,3,Relax Interventions 50%,Iraq,IRQ,2020-06-17,v3
2020-05-08,hospital_demand,79.975,101.75,116,117.715,131.25,164.025,Relax Interventions 50%,Iraq,IRQ,2020-06-17,v3
2020-05-08,ICU_demand,17.975,25,29,29.365,34,44.025,Relax Interventions 50%,Iraq,IRQ,2020-06-17,v3
2020-05-08,infections,1016.95,1188.75,1311.5,1343.19,1488,1763.575,Relax Interventions 50%,Iraq,IRQ,2020-06-17,v3
2020-05-08,Rt,1.6400135440458,1.69634905429122,1.72513494184024,1.72553639367911,1.756753149355,1.81007748301136,Relax Interventions 50%,Iraq,IRQ,2020-06-17,v3
2020-05-08,cumulative_infections,35228.95,40576.5,44867,45436.72,50061,57458.475,Surged Additional 50% Reduction,Iraq,IRQ,2020-06-17,v3
2020-05-08,deaths,0,0,1,0.9,2,3,Surged Additional 50% Reduction,Iraq,IRQ,2020-06-17,v3
2020-05-08,hospital_demand,81.925,102.75,119,118.685,130.25,168.05,Surged Additional 50% Reduction,Iraq,IRQ,2020-06-17,v3
2020-05-08,ICU_demand,16.975,24,29,29.165,34,44,Surged Additional 50% Reduction,Iraq,IRQ,2020-06-17,v3
2020-05-08,infections,987.475,1187.75,1319.5,1334.115,1451,1779.125,Surged Additional 50% Reduction,Iraq,IRQ,2020-06-17,v3
2020-05-08,Rt,1.62977482454832,1.69641847328618,1.71930022938106,1.72345351697007,1.75790452356069,1.80772057241598,Surged Additional 50% Reduction,Iraq,IRQ,2020-06-17,v3
2020-05-08,cumulative_infections,35228.95,40576.5,44867,45436.72,50061,57458.475,Surged Maintain Status Quo,Iraq,IRQ,2020-06-17,v3
2020-05-08,deaths,0,0,1,0.9,2,3,Surged Maintain Status Quo,Iraq,IRQ,2020-06-17,v3
2020-05-08,hospital_demand,81.925,102.75,119,118.685,130.25,168.05,Surged Maintain Status Quo,Iraq,IRQ,2020-06-17,v3
2020-05-08,ICU_demand,16.975,24,29,29.165,34,44,Surged Maintain Status Quo,Iraq,IRQ,2020-06-17,v3
2020-05-08,infections,987.475,1187.75,1319.5,1334.115,1451,1779.125,Surged Maintain Status Quo,Iraq,IRQ,2020-06-17,v3
2020-05-08,Rt,1.62977482454832,1.69641847328618,1.71930022938106,1.72345351697007,1.75790452356069,1.80772057241598,Surged Maintain Status Quo,Iraq,IRQ,2020-06-17,v3
2020-05-08,cumulative_infections,35228.95,40576.5,44867,45436.72,50061,57458.475,Surged Relax Interventions 50%,Iraq,IRQ,2020-06-17,v3
2020-05-08,deaths,0,0,1,0.9,2,3,Surged Relax Interventions 50%,Iraq,IRQ,2020-06-17,v3
2020-05-08,hospital_demand,81.925,102.75,119,118.685,130.25,168.05,Surged Relax Interventions 50%,Iraq,IRQ,2020-06-17,v3
2020-05-08,ICU_demand,16.975,24,29,29.165,34,44,Surged Relax Interventions 50%,Iraq,IRQ,2020-06-17,v3
2020-05-08,infections,987.475,1187.75,1319.5,1334.115,1451,1779.125,Surged Relax Interventions 50%,Iraq,IRQ,2020-06-17,v3
2020-05-08,Rt,1.62977482454832,1.69641847328618,1.71930022938106,1.72345351697007,1.75790452356069,1.80772057241598,Surged Relax Interventions 50%,Iraq,IRQ,2020-06-17,v3
2020-05-09,cumulative_infections,36210.975,42316.75,47018,47083.78,51338.75,58983.975,Additional 50% Reduction,Iraq,IRQ,2020-06-17,v3
2020-05-09,deaths,1,1,2,2.125,3,5,Additional 50% Reduction,Iraq,IRQ,2020-06-17,v3
2020-05-09,hospital_demand,86.975,110,126,127.12,142,179,Additional 50% Reduction,Iraq,IRQ,2020-06-17,v3
2020-05-09,ICU_demand,18,26,31,31.345,36,45.025,Additional 50% Reduction,Iraq,IRQ,2020-06-17,v3
2020-05-09,infections,1083.85,1300.75,1453.5,1471.575,1635.75,1940.05,Additional 50% Reduction,Iraq,IRQ,2020-06-17,v3
2020-05-09,Rt,1.62880975127553,1.6895258376253,1.71776776641366,1.71782954757594,1.74936163431584,1.80488336046834,Additional 50% Reduction,Iraq,IRQ,2020-06-17,v3
2020-05-09,cumulative_infections,36210.975,42316.75,47018,47083.78,51338.75,58983.975,Maintain Status Quo,Iraq,IRQ,2020-06-17,v3
2020-05-09,deaths,1,1,2,2.125,3,5,Maintain Status Quo,Iraq,IRQ,2020-06-17,v3
2020-05-09,hospital_demand,86.975,110,126,127.12,142,179,Maintain Status Quo,Iraq,IRQ,2020-06-17,v3
2020-05-09,ICU_demand,18,26,31,31.345,36,45.025,Maintain Status Quo,Iraq,IRQ,2020-06-17,v3
2020-05-09,infections,1083.85,1300.75,1453.5,1471.575,1635.75,1940.05,Maintain Status Quo,Iraq,IRQ,2020-06-17,v3
2020-05-09,Rt,1.62880975127553,1.6895258376253,1.71776776641366,1.71782954757594,1.74936163431584,1.80488336046834,Maintain Status Quo,Iraq,IRQ,2020-06-17,v3
2020-05-09,cumulative_infections,36210.975,42316.75,47018,47083.78,51338.75,58983.975,Relax Interventions 50%,Iraq,IRQ,2020-06-17,v3
2020-05-09,deaths,1,1,2,2.125,3,5,Relax Interventions 50%,Iraq,IRQ,2020-06-17,v3
2020-05-09,hospital_demand,86.975,110,126,127.12,142,179,Relax Interventions 50%,Iraq,IRQ,2020-06-17,v3
2020-05-09,ICU_demand,18,26,31,31.345,36,45.025,Relax Interventions 50%,Iraq,IRQ,2020-06-17,v3
2020-05-09,infections,1083.85,1300.75,1453.5,1471.575,1635.75,1940.05,Relax Interventions 50%,Iraq,IRQ,2020-06-17,v3
2020-05-09,Rt,1.62880975127553,1.6895258376253,1.71776776641366,1.71782954757594,1.74936163431584,1.80488336046834,Relax Interventions 50%,Iraq,IRQ,2020-06-17,v3
2020-05-09,cumulative_infections,36372.2,41995.25,46273.5,46900.395,51589.5,59172.475,Surged Additional 50% Reduction,Iraq,IRQ,2020-06-17,v3
2020-05-09,deaths,1,1,2,2.25,3,5,Surged Additional 50% Reduction,Iraq,IRQ,2020-06-17,v3
2020-05-09,hospital_demand,88.975,110.75,130,128.305,140,179.075,Surged Additional 50% Reduction,Iraq,IRQ,2020-06-17,v3
2020-05-09,ICU_demand,19,26,31,31.215,35.25,47.075,Surged Additional 50% Reduction,Iraq,IRQ,2020-06-17,v3
2020-05-09,infections,1088.875,1287.75,1448.5,1463.675,1607.5,2022.325,Surged Additional 50% Reduction,Iraq,IRQ,2020-06-17,v3
2020-05-09,Rt,1.6172832163205,1.6876716896042,1.71167328712509,1.71555099915172,1.75096263431946,1.7997084124764,Surged Additional 50% Reduction,Iraq,IRQ,2020-06-17,v3
2020-05-09,cumulative_infections,36372.2,41995.25,46273.5,46900.395,51589.5,59172.475,Surged Maintain Status Quo,Iraq,IRQ,2020-06-17,v3
2020-05-09,deaths,1,1,2,2.25,3,5,Surged Maintain Status Quo,Iraq,IRQ,2020-06-17,v3
2020-05-09,hospital_demand,88.975,110.75,130,128.305,140,179.075,Surged Maintain Status Quo,Iraq,IRQ,2020-06-17,v3
2020-05-09,ICU_demand,19,26,31,31.215,35.25,47.075,Surged Maintain Status Quo,Iraq,IRQ,2020-06-17,v3
2020-05-09,infections,1088.875,1287.75,1448.5,1463.675,1607.5,2022.325,Surged Maintain Status Quo,Iraq,IRQ,2020-06-17,v3
2020-05-09,Rt,1.6172832163205,1.6876716896042,1.71167328712509,1.71555099915172,1.75096263431946,1.7997084124764,Surged Maintain Status Quo,Iraq,IRQ,2020-06-17,v3
2020-05-09,cumulative_infections,36372.2,41995.25,46273.5,46900.395,51589.5,59172.475,Surged Relax Interventions 50%,Iraq,IRQ,2020-06-17,v3
2020-05-09,deaths,1,1,2,2.25,3,5,Surged Relax Interventions 50%,Iraq,IRQ,2020-06-17,v3
2020-05-09,hospital_demand,88.975,110.75,130,128.305,140,179.075,Surged Relax Interventions 50%,Iraq,IRQ,2020-06-17,v3
2020-05-09,ICU_demand,19,26,31,31.215,35.25,47.075,Surged Relax Interventions 50%,Iraq,IRQ,2020-06-17,v3
2020-05-09,infections,1088.875,1287.75,1448.5,1463.675,1607.5,2022.325,Surged Relax Interventions 50%,Iraq,IRQ,2020-06-17,v3
2020-05-09,Rt,1.6172832163205,1.6876716896042,1.71167328712509,1.71555099915172,1.75096263431946,1.7997084124764,Surged Relax Interventions 50%,Iraq,IRQ,2020-06-17,v3
2020-05-10,cumulative_infections,37510.55,43799.25,48747.5,48694.705,53016.25,60790.75,Additional 50% Reduction,Iraq,IRQ,2020-06-17,v3
2020-05-10,deaths,1,2,2,2.43,3,5,Additional 50% Reduction,Iraq,IRQ,2020-06-17,v3
2020-05-10,hospital_demand,91.975,117.75,136,137.055,152.25,188,Additional 50% Reduction,Iraq,IRQ,2020-06-17,v3
2020-05-10,ICU_demand,19.975,28,33,33.41,38,49.05,Additional 50% Reduction,Iraq,IRQ,2020-06-17,v3
2020-05-10,infections,1187.85,1410.25,1593,1610.925,1796.5,2142.15,Additional 50% Reduction,Iraq,IRQ,2020-06-17,v3
2020-05-10,Rt,1.76889164744575,1.81295262418492,1.84097929347509,1.84189395769404,1.86369273309915,1.94165963154962,Additional 50% Reduction,Iraq,IRQ,2020-06-17,v3
2020-05-10,cumulative_infections,37510.55,43799.25,48747.5,48694.705,53016.25,60790.75,Maintain Status Quo,Iraq,IRQ,2020-06-17,v3
2020-05-10,deaths,1,2,2,2.43,3,5,Maintain Status Quo,Iraq,IRQ,2020-06-17,v3
2020-05-10,hospital_demand,91.975,117.75,136,137.055,152.25,188,Maintain Status Quo,Iraq,IRQ,2020-06-17,v3
2020-05-10,ICU_demand,19.975,28,33,33.41,38,49.05,Maintain Status Quo,Iraq,IRQ,2020-06-17,v3
2020-05-10,infections,1187.85,1410.25,1593,1610.925,1796.5,2142.15,Maintain Status Quo,Iraq,IRQ,2020-06-17,v3
2020-05-10,Rt,1.76889164744575,1.81295262418492,1.84097929347509,1.84189395769404,1.86369273309915,1.94165963154962,Maintain Status Quo,Iraq,IRQ,2020-06-17,v3
2020-05-10,cumulative_infections,37510.55,43799.25,48747.5,48694.705,53016.25,60790.75,Relax Interventions 50%,Iraq,IRQ,2020-06-17,v3
2020-05-10,deaths,1,2,2,2.43,3,5,Relax Interventions 50%,Iraq,IRQ,2020-06-17,v3
2020-05-10,hospital_demand,91.975,117.75,136,137.055,152.25,188,Relax Interventions 50%,Iraq,IRQ,2020-06-17,v3
2020-05-10,ICU_demand,19.975,28,33,33.41,38,49.05,Relax Interventions 50%,Iraq,IRQ,2020-06-17,v3
2020-05-10,infections,1187.85,1410.25,1593,1610.925,1796.5,2142.15,Relax Interventions 50%,Iraq,IRQ,2020-06-17,v3
2020-05-10,Rt,1.76889164744575,1.81295262418492,1.84097929347509,1.84189395769404,1.86369273309915,1.94165963154962,Relax Interventions 50%,Iraq,IRQ,2020-06-17,v3
2020-05-10,cumulative_infections,37790.275,43638.25,47822.5,48503.695,53275.5,61218.75,Surged Additional 50% Reduction,Iraq,IRQ,2020-06-17,v3
2020-05-10,deaths,1,2,2,2.425,3,4.02500000000001,Surged Additional 50% Reduction,Iraq,IRQ,2020-06-17,v3
2020-05-10,hospital_demand,94,120,139,138.135,152,194.025,Surged Additional 50% Reduction,Iraq,IRQ,2020-06-17,v3
2020-05-10,ICU_demand,20.975,28,33,33.2,38,51.075,Surged Additional 50% Reduction,Iraq,IRQ,2020-06-17,v3
2020-05-10,infections,1196.6,1411.5,1578.5,1603.3,1755,2134.025,Surged Additional 50% Reduction,Iraq,IRQ,2020-06-17,v3
2020-05-10,Rt,1.76656863126942,1.810705084026,1.83214479003427,1.84278219160374,1.86799836864607,1.94144396064204,Surged Additional 50% Reduction,Iraq,IRQ,2020-06-17,v3
2020-05-10,cumulative_infections,37790.275,43638.25,47822.5,48503.695,53275.5,61218.75,Surged Maintain Status Quo,Iraq,IRQ,2020-06-17,v3
2020-05-10,deaths,1,2,2,2.425,3,4.02500000000001,Surged Maintain Status Quo,Iraq,IRQ,2020-06-17,v3
2020-05-10,hospital_demand,94,120,139,138.135,152,194.025,Surged Maintain Status Quo,Iraq,IRQ,2020-06-17,v3
2020-05-10,ICU_demand,20.975,28,33,33.2,38,51.075,Surged Maintain Status Quo,Iraq,IRQ,2020-06-17,v3
2020-05-10,infections,1196.6,1411.5,1578.5,1603.3,1755,2134.025,Surged Maintain Status Quo,Iraq,IRQ,2020-06-17,v3
2020-05-10,Rt,1.76656863126942,1.810705084026,1.83214479003427,1.84278219160374,1.86799836864607,1.94144396064204,Surged Maintain Status Quo,Iraq,IRQ,2020-06-17,v3
2020-05-10,cumulative_infections,37790.275,43638.25,47822.5,48503.695,53275.5,61218.75,Surged Relax Interventions 50%,Iraq,IRQ,2020-06-17,v3
2020-05-10,deaths,1,2,2,2.425,3,4.02500000000001,Surged Relax Interventions 50%,Iraq,IRQ,2020-06-17,v3
2020-05-10,hospital_demand,94,120,139,138.135,152,194.025,Surged Relax Interventions 50%,Iraq,IRQ,2020-06-17,v3
2020-05-10,ICU_demand,20.975,28,33,33.2,38,51.075,Surged Relax Interventions 50%,Iraq,IRQ,2020-06-17,v3
2020-05-10,infections,1196.6,1411.5,1578.5,1603.3,1755,2134.025,Surged Relax Interventions 50%,Iraq,IRQ,2020-06-17,v3
2020-05-10,Rt,1.76656863126942,1.810705084026,1.83214479003427,1.84278219160374,1.86799836864607,1.94144396064204,Surged Relax Interventions 50%,Iraq,IRQ,2020-06-17,v3
2020-05-11,cumulative_infections,39012.925,45487.75,50531,50459.05,54869.25,62714.775,Additional 50% Reduction,Iraq,IRQ,2020-06-17,v3
2020-05-11,deaths,1,1,2,2.525,3,6,Additional 50% Reduction,Iraq,IRQ,2020-06-17,v3
2020-05-11,hospital_demand,99.975,129,149,149.13,167.25,205.025,Additional 50% Reduction,Iraq,IRQ,2020-06-17,v3
2020-05-11,ICU_demand,22,30,36,36.075,41,51.075,Additional 50% Reduction,Iraq,IRQ,2020-06-17,v3
2020-05-11,infections,1312.775,1542.75,1721.5,1764.345,1955.25,2333,Additional 50% Reduction,Iraq,IRQ,2020-06-17,v3
2020-05-11,Rt,1.76889164744575,1.81295262418492,1.84097929347509,1.84189395769404,1.86369273309915,1.94165963154963,Additional 50% Reduction,Iraq,IRQ,2020-06-17,v3
2020-05-11,cumulative_infections,39012.925,45487.75,50531,50459.05,54869.25,62714.775,Maintain Status Quo,Iraq,IRQ,2020-06-17,v3
2020-05-11,deaths,1,1,2,2.525,3,6,Maintain Status Quo,Iraq,IRQ,2020-06-17,v3
2020-05-11,hospital_demand,99.975,129,149,149.13,167.25,205.025,Maintain Status Quo,Iraq,IRQ,2020-06-17,v3
2020-05-11,ICU_demand,22,30,36,36.075,41,51.075,Maintain Status Quo,Iraq,IRQ,2020-06-17,v3
2020-05-11,infections,1312.775,1542.75,1721.5,1764.345,1955.25,2333,Maintain Status Quo,Iraq,IRQ,2020-06-17,v3
2020-05-11,Rt,1.76889164744575,1.81295262418492,1.84097929347509,1.84189395769404,1.86369273309915,1.94165963154963,Maintain Status Quo,Iraq,IRQ,2020-06-17,v3
2020-05-11,cumulative_infections,39012.925,45487.75,50531,50459.05,54869.25,62714.775,Relax Interventions 50%,Iraq,IRQ,2020-06-17,v3
2020-05-11,deaths,1,1,2,2.525,3,6,Relax Interventions 50%,Iraq,IRQ,2020-06-17,v3
2020-05-11,hospital_demand,99.975,129,149,149.13,167.25,205.025,Relax Interventions 50%,Iraq,IRQ,2020-06-17,v3
2020-05-11,ICU_demand,22,30,36,36.075,41,51.075,Relax Interventions 50%,Iraq,IRQ,2020-06-17,v3
2020-05-11,infections,1312.775,1542.75,1721.5,1764.345,1955.25,2333,Relax Interventions 50%,Iraq,IRQ,2020-06-17,v3
2020-05-11,Rt,1.76889164744575,1.81295262418492,1.84097929347509,1.84189395769404,1.86369273309915,1.94165963154963,Relax Interventions 50%,Iraq,IRQ,2020-06-17,v3
2020-05-11,cumulative_infections,39451.65,45247.5,49463.5,50255.97,54987.25,63270.15,Surged Additional 50% Reduction,Iraq,IRQ,2020-06-17,v3
2020-05-11,deaths,1,1.75,2,2.29,3,5,Surged Additional 50% Reduction,Iraq,IRQ,2020-06-17,v3
2020-05-11,hospital_demand,103.9,131,149,150.015,167.25,213.075,Surged Additional 50% Reduction,Iraq,IRQ,2020-06-17,v3
2020-05-11,ICU_demand,22.975,30,36,35.65,41,53.025,Surged Additional 50% Reduction,Iraq,IRQ,2020-06-17,v3
2020-05-11,infections,1279.675,1580.75,1727.5,1752.275,1908,2315.175,Surged Additional 50% Reduction,Iraq,IRQ,2020-06-17,v3
2020-05-11,Rt,1.76656863126942,1.810705084026,1.83214479003427,1.84278219160374,1.86799836864607,1.94144396064204,Surged Additional 50% Reduction,Iraq,IRQ,2020-06-17,v3
2020-05-11,cumulative_infections,39451.65,45247.5,49463.5,50255.97,54987.25,63270.15,Surged Maintain Status Quo,Iraq,IRQ,2020-06-17,v3
2020-05-11,deaths,1,1.75,2,2.29,3,5,Surged Maintain Status Quo,Iraq,IRQ,2020-06-17,v3
2020-05-11,hospital_demand,103.9,131,149,150.015,167.25,213.075,Surged Maintain Status Quo,Iraq,IRQ,2020-06-17,v3
2020-05-11,ICU_demand,22.975,30,36,35.65,41,53.025,Surged Maintain Status Quo,Iraq,IRQ,2020-06-17,v3
2020-05-11,infections,1279.675,1580.75,1727.5,1752.275,1908,2315.175,Surged Maintain Status Quo,Iraq,IRQ,2020-06-17,v3
2020-05-11,Rt,1.76656863126942,1.810705084026,1.83214479003427,1.84278219160374,1.86799836864607,1.94144396064204,Surged Maintain Status Quo,Iraq,IRQ,2020-06-17,v3
2020-05-11,cumulative_infections,39451.65,45247.5,49463.5,50255.97,54987.25,63270.15,Surged Relax Interventions 50%,Iraq,IRQ,2020-06-17,v3
2020-05-11,deaths,1,1.75,2,2.29,3,5,Surged Relax Interventions 50%,Iraq,IRQ,2020-06-17,v3
2020-05-11,hospital_demand,103.9,131,149,150.015,167.25,213.075,Surged Relax Interventions 50%,Iraq,IRQ,2020-06-17,v3
2020-05-11,ICU_demand,22.975,30,36,35.65,41,53.025,Surged Relax Interventions 50%,Iraq,IRQ,2020-06-17,v3
2020-05-11,infections,1279.675,1580.75,1727.5,1752.275,1908,2315.175,Surged Relax Interventions 50%,Iraq,IRQ,2020-06-17,v3
2020-05-11,Rt,1.76656863126942,1.810705084026,1.83214479003427,1.84278219160374,1.86799836864607,1.94144396064204,Surged Relax Interventions 50%,Iraq,IRQ,2020-06-17,v3
2020-05-12,cumulative_infections,40645.725,47302.25,52543,52403.65,56870.5,64902.1,Additional 50% Reduction,Iraq,IRQ,2020-06-17,v3
2020-05-12,deaths,1,1,2,2.27,3,5,Additional 50% Reduction,Iraq,IRQ,2020-06-17,v3
2020-05-12,hospital_demand,111,138.75,162,162.285,183,219,Additional 50% Reduction,Iraq,IRQ,2020-06-17,v3
2020-05-12,ICU_demand,24.975,33,39,39.18,45,54.025,Additional 50% Reduction,Iraq,IRQ,2020-06-17,v3
2020-05-12,infections,1448.35,1714.5,1906,1944.6,2180.5,2537.35,Additional 50% Reduction,Iraq,IRQ,2020-06-17,v3
2020-05-12,Rt,1.77504449125135,1.82103655605558,1.85085583534296,1.85163562000354,1.87265604676248,1.95611550194947,Additional 50% Reduction,Iraq,IRQ,2020-06-17,v3
2020-05-12,cumulative_infections,40645.725,47302.25,52543,52403.65,56870.5,64902.1,Maintain Status Quo,Iraq,IRQ,2020-06-17,v3
2020-05-12,deaths,1,1,2,2.27,3,5,Maintain Status Quo,Iraq,IRQ,2020-06-17,v3
2020-05-12,hospital_demand,111,138.75,162,162.285,183,219,Maintain Status Quo,Iraq,IRQ,2020-06-17,v3
2020-05-12,ICU_demand,24.975,33,39,39.18,45,54.025,Maintain Status Quo,Iraq,IRQ,2020-06-17,v3
2020-05-12,infections,1448.35,1714.5,1906,1944.6,2180.5,2537.35,Maintain Status Quo,Iraq,IRQ,2020-06-17,v3
2020-05-12,Rt,1.77504449125135,1.82103655605558,1.85085583534296,1.85163562000354,1.87265604676248,1.95611550194947,Maintain Status Quo,Iraq,IRQ,2020-06-17,v3
2020-05-12,cumulative_infections,40645.725,47302.25,52543,52403.65,56870.5,64902.1,Relax Interventions 50%,Iraq,IRQ,2020-06-17,v3
2020-05-12,deaths,1,1,2,2.27,3,5,Relax Interventions 50%,Iraq,IRQ,2020-06-17,v3
2020-05-12,hospital_demand,111,138.75,162,162.285,183,219,Relax Interventions 50%,Iraq,IRQ,2020-06-17,v3
2020-05-12,ICU_demand,24.975,33,39,39.18,45,54.025,Relax Interventions 50%,Iraq,IRQ,2020-06-17,v3
2020-05-12,infections,1448.35,1714.5,1906,1944.6,2180.5,2537.35,Relax Interventions 50%,Iraq,IRQ,2020-06-17,v3
2020-05-12,Rt,1.77504449125135,1.82103655605558,1.85085583534296,1.85163562000354,1.87265604676248,1.95611550194947,Relax Interventions 50%,Iraq,IRQ,2020-06-17,v3
2020-05-12,cumulative_infections,40982.775,47152.75,51328,52185.795,56993.5,65582.275,Surged Additional 50% Reduction,Iraq,IRQ,2020-06-17,v3
2020-05-12,deaths,1,1,2,2.16,3,5,Surged Additional 50% Reduction,Iraq,IRQ,2020-06-17,v3
2020-05-12,hospital_demand,111.95,144,160.5,162.78,181.25,223.2,Surged Additional 50% Reduction,Iraq,IRQ,2020-06-17,v3
2020-05-12,ICU_demand,25.95,33,38,38.855,44,55.05,Surged Additional 50% Reduction,Iraq,IRQ,2020-06-17,v3
2020-05-12,infections,1418.5,1739,1907.5,1929.825,2117,2548.1,Surged Additional 50% Reduction,Iraq,IRQ,2020-06-17,v3
2020-05-12,Rt,1.78133619042194,1.81990837850657,1.84137331103604,1.8527735980611,1.87764032370326,1.95544561824702,Surged Additional 50% Reduction,Iraq,IRQ,2020-06-17,v3
2020-05-12,cumulative_infections,40982.775,47152.75,51328,52185.795,56993.5,65582.275,Surged Maintain Status Quo,Iraq,IRQ,2020-06-17,v3
2020-05-12,deaths,1,1,2,2.16,3,5,Surged Maintain Status Quo,Iraq,IRQ,2020-06-17,v3
2020-05-12,hospital_demand,111.95,144,160.5,162.78,181.25,223.2,Surged Maintain Status Quo,Iraq,IRQ,2020-06-17,v3
2020-05-12,ICU_demand,25.95,33,38,38.855,44,55.05,Surged Maintain Status Quo,Iraq,IRQ,2020-06-17,v3
2020-05-12,infections,1418.5,1739,1907.5,1929.825,2117,2548.1,Surged Maintain Status Quo,Iraq,IRQ,2020-06-17,v3
2020-05-12,Rt,1.78133619042194,1.81990837850657,1.84137331103604,1.8527735980611,1.87764032370326,1.95544561824702,Surged Maintain Status Quo,Iraq,IRQ,2020-06-17,v3
2020-05-12,cumulative_infections,40982.775,47152.75,51328,52185.795,56993.5,65582.275,Surged Relax Interventions 50%,Iraq,IRQ,2020-06-17,v3
2020-05-12,deaths,1,1,2,2.16,3,5,Surged Relax Interventions 50%,Iraq,IRQ,2020-06-17,v3
2020-05-12,hospital_demand,111.95,144,160.5,162.78,181.25,223.2,Surged Relax Interventions 50%,Iraq,IRQ,2020-06-17,v3
2020-05-12,ICU_demand,25.95,33,38,38.855,44,55.05,Surged Relax Interventions 50%,Iraq,IRQ,2020-06-17,v3
2020-05-12,infections,1418.5,1739,1907.5,1929.825,2117,2548.1,Surged Relax Interventions 50%,Iraq,IRQ,2020-06-17,v3
2020-05-12,Rt,1.78133619042194,1.81990837850657,1.84137331103604,1.8527735980611,1.87764032370326,1.95544561824702,Surged Relax Interventions 50%,Iraq,IRQ,2020-06-17,v3
2020-05-13,cumulative_infections,42112.9,49340.75,54735,54549,59030.75,67297.2,Additional 50% Reduction,Iraq,IRQ,2020-06-17,v3
2020-05-13,deaths,1,2,3,2.735,4,6,Additional 50% Reduction,Iraq,IRQ,2020-06-17,v3
2020-05-13,hospital_demand,122.975,152,176,177.105,199.25,238.025,Additional 50% Reduction,Iraq,IRQ,2020-06-17,v3
2020-05-13,ICU_demand,27,37,43,42.455,48,58,Additional 50% Reduction,Iraq,IRQ,2020-06-17,v3
2020-05-13,infections,1598.65,1873,2116.5,2145.35,2390.75,2834.425,Additional 50% Reduction,Iraq,IRQ,2020-06-17,v3
2020-05-13,Rt,1.76133603702543,1.80243852662852,1.83043006487906,1.83215692785016,1.85505024427357,1.92728802337202,Additional 50% Reduction,Iraq,IRQ,2020-06-17,v3
2020-05-13,cumulative_infections,42112.9,49340.75,54735,54549,59030.75,67297.2,Maintain Status Quo,Iraq,IRQ,2020-06-17,v3
2020-05-13,deaths,1,2,3,2.735,4,6,Maintain Status Quo,Iraq,IRQ,2020-06-17,v3
2020-05-13,hospital_demand,122.975,152,176,177.105,199.25,238.025,Maintain Status Quo,Iraq,IRQ,2020-06-17,v3
2020-05-13,ICU_demand,27,37,43,42.455,48,58,Maintain Status Quo,Iraq,IRQ,2020-06-17,v3
2020-05-13,infections,1598.65,1873,2116.5,2145.35,2390.75,2834.425,Maintain Status Quo,Iraq,IRQ,2020-06-17,v3
2020-05-13,Rt,1.76133603702543,1.80243852662852,1.83043006487906,1.83215692785016,1.85505024427357,1.92728802337202,Maintain Status Quo,Iraq,IRQ,2020-06-17,v3
2020-05-13,cumulative_infections,42112.9,49340.75,54735,54549,59030.75,67297.2,Relax Interventions 50%,Iraq,IRQ,2020-06-17,v3
2020-05-13,deaths,1,2,3,2.735,4,6,Relax Interventions 50%,Iraq,IRQ,2020-06-17,v3
2020-05-13,hospital_demand,122.975,152,176,177.105,199.25,238.025,Relax Interventions 50%,Iraq,IRQ,2020-06-17,v3
2020-05-13,ICU_demand,27,37,43,42.455,48,58,Relax Interventions 50%,Iraq,IRQ,2020-06-17,v3
2020-05-13,infections,1598.65,1873,2116.5,2145.35,2390.75,2834.425,Relax Interventions 50%,Iraq,IRQ,2020-06-17,v3
2020-05-13,Rt,1.76133603702543,1.80243852662852,1.83043006487906,1.83215692785016,1.85505024427357,1.92728802337202,Relax Interventions 50%,Iraq,IRQ,2020-06-17,v3
2020-05-13,cumulative_infections,42475.85,49195.25,53431.5,54328.8,59146.25,68072.9,Surged Additional 50% Reduction,Iraq,IRQ,2020-06-17,v3
2020-05-13,deaths,1,2,3,2.785,4,6,Surged Additional 50% Reduction,Iraq,IRQ,2020-06-17,v3
2020-05-13,hospital_demand,122.975,157,176.5,177.34,195,242.125,Surged Additional 50% Reduction,Iraq,IRQ,2020-06-17,v3
2020-05-13,ICU_demand,28,36,42,42.405,48,58.05,Surged Additional 50% Reduction,Iraq,IRQ,2020-06-17,v3
2020-05-13,infections,1602.525,1917.5,2113.5,2143.005,2345.75,2805.575,Surged Additional 50% Reduction,Iraq,IRQ,2020-06-17,v3
2020-05-13,Rt,1.75509660031756,1.80186727640047,1.82393801658885,1.83279563763827,1.85749520423488,1.92735557633813,Surged Additional 50% Reduction,Iraq,IRQ,2020-06-17,v3
2020-05-13,cumulative_infections,42475.85,49195.25,53431.5,54328.8,59146.25,68072.9,Surged Maintain Status Quo,Iraq,IRQ,2020-06-17,v3
2020-05-13,deaths,1,2,3,2.785,4,6,Surged Maintain Status Quo,Iraq,IRQ,2020-06-17,v3
2020-05-13,hospital_demand,122.975,157,176.5,177.34,195,242.125,Surged Maintain Status Quo,Iraq,IRQ,2020-06-17,v3
2020-05-13,ICU_demand,28,36,42,42.405,48,58.05,Surged Maintain Status Quo,Iraq,IRQ,2020-06-17,v3
2020-05-13,infections,1602.525,1917.5,2113.5,2143.005,2345.75,2805.575,Surged Maintain Status Quo,Iraq,IRQ,2020-06-17,v3
2020-05-13,Rt,1.75509660031756,1.80186727640047,1.82393801658885,1.83279563763827,1.85749520423488,1.92735557633813,Surged Maintain Status Quo,Iraq,IRQ,2020-06-17,v3
2020-05-13,cumulative_infections,42475.85,49195.25,53431.5,54328.8,59146.25,68072.9,Surged Relax Interventions 50%,Iraq,IRQ,2020-06-17,v3
2020-05-13,deaths,1,2,3,2.785,4,6,Surged Relax Interventions 50%,Iraq,IRQ,2020-06-17,v3
2020-05-13,hospital_demand,122.975,157,176.5,177.34,195,242.125,Surged Relax Interventions 50%,Iraq,IRQ,2020-06-17,v3
2020-05-13,ICU_demand,28,36,42,42.405,48,58.05,Surged Relax Interventions 50%,Iraq,IRQ,2020-06-17,v3
2020-05-13,infections,1602.525,1917.5,2113.5,2143.005,2345.75,2805.575,Surged Relax Interventions 50%,Iraq,IRQ,2020-06-17,v3
2020-05-13,Rt,1.75509660031756,1.80186727640047,1.82393801658885,1.83279563763827,1.85749520423488,1.92735557633813,Surged Relax Interventions 50%,Iraq,IRQ,2020-06-17,v3
2020-05-14,cumulative_infections,44034.55,51450,57030.5,56936.075,61592.5,70049.725,Additional 50% Reduction,Iraq,IRQ,2020-06-17,v3
2020-05-14,deaths,1,2,3,3.18,4,6.02500000000001,Additional 50% Reduction,Iraq,IRQ,2020-06-17,v3
2020-05-14,hospital_demand,139.875,169,190,193.68,219,259.175,Additional 50% Reduction,Iraq,IRQ,2020-06-17,v3
2020-05-14,ICU_demand,28,39.75,46,46.13,52.25,64,Additional 50% Reduction,Iraq,IRQ,2020-06-17,v3
2020-05-14,infections,1783.925,2108,2329,2387.075,2677.25,3093.2,Additional 50% Reduction,Iraq,IRQ,2020-06-17,v3
2020-05-14,Rt,1.72876709496034,1.7648250970027,1.79281203869448,1.79326787686242,1.81722853811859,1.87462102498409,Additional 50% Reduction,Iraq,IRQ,2020-06-17,v3
2020-05-14,cumulative_infections,44034.55,51450,57030.5,56936.075,61592.5,70049.725,Maintain Status Quo,Iraq,IRQ,2020-06-17,v3
2020-05-14,deaths,1,2,3,3.18,4,6.02500000000001,Maintain Status Quo,Iraq,IRQ,2020-06-17,v3
2020-05-14,hospital_demand,139.875,169,190,193.68,219,259.175,Maintain Status Quo,Iraq,IRQ,2020-06-17,v3
2020-05-14,ICU_demand,28,39.75,46,46.13,52.25,64,Maintain Status Quo,Iraq,IRQ,2020-06-17,v3
2020-05-14,infections,1783.925,2108,2329,2387.075,2677.25,3093.2,Maintain Status Quo,Iraq,IRQ,2020-06-17,v3
2020-05-14,Rt,1.72876709496034,1.7648250970027,1.79281203869448,1.79326787686242,1.81722853811859,1.87462102498409,Maintain Status Quo,Iraq,IRQ,2020-06-17,v3
2020-05-14,cumulative_infections,44034.55,51450,57030.5,56936.075,61592.5,70049.725,Relax Interventions 50%,Iraq,IRQ,2020-06-17,v3
2020-05-14,deaths,1,2,3,3.18,4,6.02500000000001,Relax Interventions 50%,Iraq,IRQ,2020-06-17,v3
2020-05-14,hospital_demand,139.875,169,190,193.68,219,259.175,Relax Interventions 50%,Iraq,IRQ,2020-06-17,v3
2020-05-14,ICU_demand,28,39.75,46,46.13,52.25,64,Relax Interventions 50%,Iraq,IRQ,2020-06-17,v3
2020-05-14,infections,1783.925,2108,2329,2387.075,2677.25,3093.2,Relax Interventions 50%,Iraq,IRQ,2020-06-17,v3
2020-05-14,Rt,1.72876709496034,1.7648250970027,1.79281203869448,1.79326787686242,1.81722853811859,1.87462102498409,Relax Interventions 50%,Iraq,IRQ,2020-06-17,v3
2020-05-14,cumulative_infections,44361.475,51425,55787,56700.655,61617.25,70638.2,Surged Additional 50% Reduction,Iraq,IRQ,2020-06-17,v3
2020-05-14,deaths,1,2,3,3.105,4,6.02500000000001,Surged Additional 50% Reduction,Iraq,IRQ,2020-06-17,v3
2020-05-14,hospital_demand,139,172,193.5,193.545,214,266.025,Surged Additional 50% Reduction,Iraq,IRQ,2020-06-17,v3
2020-05-14,ICU_demand,31,39,45,45.84,53,63.075,Surged Additional 50% Reduction,Iraq,IRQ,2020-06-17,v3
2020-05-14,infections,1778.875,2120,2353.5,2371.855,2586.25,3092.875,Surged Additional 50% Reduction,Iraq,IRQ,2020-06-17,v3
2020-05-14,Rt,1.7119156779607,1.76169243030726,1.78687411712805,1.79291129816796,1.82119994518661,1.87909985775033,Surged Additional 50% Reduction,Iraq,IRQ,2020-06-17,v3
2020-05-14,cumulative_infections,44361.475,51425,55787,56700.655,61617.25,70638.2,Surged Maintain Status Quo,Iraq,IRQ,2020-06-17,v3
2020-05-14,deaths,1,2,3,3.105,4,6.02500000000001,Surged Maintain Status Quo,Iraq,IRQ,2020-06-17,v3
2020-05-14,hospital_demand,139,172,193.5,193.545,214,266.025,Surged Maintain Status Quo,Iraq,IRQ,2020-06-17,v3
2020-05-14,ICU_demand,31,39,45,45.84,53,63.075,Surged Maintain Status Quo,Iraq,IRQ,2020-06-17,v3
2020-05-14,infections,1778.875,2120,2353.5,2371.855,2586.25,3092.875,Surged Maintain Status Quo,Iraq,IRQ,2020-06-17,v3
2020-05-14,Rt,1.7119156779607,1.76169243030726,1.78687411712805,1.79291129816796,1.82119994518661,1.87909985775033,Surged Maintain Status Quo,Iraq,IRQ,2020-06-17,v3
2020-05-14,cumulative_infections,44361.475,51425,55787,56700.655,61617.25,70638.2,Surged Relax Interventions 50%,Iraq,IRQ,2020-06-17,v3
2020-05-14,deaths,1,2,3,3.105,4,6.02500000000001,Surged Relax Interventions 50%,Iraq,IRQ,2020-06-17,v3
2020-05-14,hospital_demand,139,172,193.5,193.545,214,266.025,Surged Relax Interventions 50%,Iraq,IRQ,2020-06-17,v3
2020-05-14,ICU_demand,31,39,45,45.84,53,63.075,Surged Relax Interventions 50%,Iraq,IRQ,2020-06-17,v3
2020-05-14,infections,1778.875,2120,2353.5,2371.855,2586.25,3092.875,Surged Relax Interventions 50%,Iraq,IRQ,2020-06-17,v3
2020-05-14,Rt,1.7119156779607,1.76169243030726,1.78687411712805,1.79291129816796,1.82119994518661,1.87909985775033,Surged Relax Interventions 50%,Iraq,IRQ,2020-06-17,v3
2020-05-15,cumulative_infections,46105.4,53968.75,59785.5,59573.915,64689.75,73553.05,Additional 50% Reduction,Iraq,IRQ,2020-06-17,v3
2020-05-15,deaths,0,1,1,1.78,3,5,Additional 50% Reduction,Iraq,IRQ,2020-06-17,v3
2020-05-15,hospital_demand,148.975,185.75,207.5,211.625,238.25,282,Additional 50% Reduction,Iraq,IRQ,2020-06-17,v3
2020-05-15,ICU_demand,34,43,50,50.965,57,71.025,Additional 50% Reduction,Iraq,IRQ,2020-06-17,v3
2020-05-15,infections,1947.375,2308,2582,2637.84,2940.5,3452.5,Additional 50% Reduction,Iraq,IRQ,2020-06-17,v3
2020-05-15,Rt,1.69022385304674,1.73335904099507,1.76121584483614,1.76224458702614,1.7899839155729,1.8460933089221,Additional 50% Reduction,Iraq,IRQ,2020-06-17,v3
2020-05-15,cumulative_infections,46105.4,53968.75,59785.5,59573.915,64689.75,73553.05,Maintain Status Quo,Iraq,IRQ,2020-06-17,v3
2020-05-15,deaths,0,1,1,1.78,3,5,Maintain Status Quo,Iraq,IRQ,2020-06-17,v3
2020-05-15,hospital_demand,148.975,185.75,207.5,211.625,238.25,282,Maintain Status Quo,Iraq,IRQ,2020-06-17,v3
2020-05-15,ICU_demand,34,43,50,50.965,57,71.025,Maintain Status Quo,Iraq,IRQ,2020-06-17,v3
2020-05-15,infections,1947.375,2308,2582,2637.84,2940.5,3452.5,Maintain Status Quo,Iraq,IRQ,2020-06-17,v3
2020-05-15,Rt,1.69022385304674,1.73335904099507,1.76121584483614,1.76224458702614,1.7899839155729,1.8460933089221,Maintain Status Quo,Iraq,IRQ,2020-06-17,v3
2020-05-15,cumulative_infections,46105.4,53968.75,59785.5,59573.915,64689.75,73553.05,Relax Interventions 50%,Iraq,IRQ,2020-06-17,v3
2020-05-15,deaths,0,1,1,1.78,3,5,Relax Interventions 50%,Iraq,IRQ,2020-06-17,v3
2020-05-15,hospital_demand,148.975,185.75,207.5,211.625,238.25,282,Relax Interventions 50%,Iraq,IRQ,2020-06-17,v3
2020-05-15,ICU_demand,34,43,50,50.965,57,71.025,Relax Interventions 50%,Iraq,IRQ,2020-06-17,v3
2020-05-15,infections,1947.375,2308,2582,2637.84,2940.5,3452.5,Relax Interventions 50%,Iraq,IRQ,2020-06-17,v3
2020-05-15,Rt,1.69022385304674,1.73335904099507,1.76121584483614,1.76224458702614,1.7899839155729,1.8460933089221,Relax Interventions 50%,Iraq,IRQ,2020-06-17,v3
2020-05-15,cumulative_infections,46937.65,54088.75,58396.5,59313.71,64518.25,74068.875,Surged Additional 50% Reduction,Iraq,IRQ,2020-06-17,v3
2020-05-15,deaths,0,1,2,1.92,3,5.02500000000001,Surged Additional 50% Reduction,Iraq,IRQ,2020-06-17,v3
2020-05-15,hospital_demand,150.975,187,211,211.29,231,294.15,Surged Additional 50% Reduction,Iraq,IRQ,2020-06-17,v3
2020-05-15,ICU_demand,33.975,44,49.5,50.69,56,72.025,Surged Additional 50% Reduction,Iraq,IRQ,2020-06-17,v3
2020-05-15,infections,1966.8,2352.5,2570.5,2613.055,2839.5,3369.525,Surged Additional 50% Reduction,Iraq,IRQ,2020-06-17,v3
2020-05-15,Rt,1.6767017887313,1.73324844747211,1.75567334036668,1.76109596469424,1.79275227049625,1.84129618852085,Surged Additional 50% Reduction,Iraq,IRQ,2020-06-17,v3
2020-05-15,cumulative_infections,46937.65,54088.75,58396.5,59313.71,64518.25,74068.875,Surged Maintain Status Quo,Iraq,IRQ,2020-06-17,v3
2020-05-15,deaths,0,1,2,1.92,3,5.02500000000001,Surged Maintain Status Quo,Iraq,IRQ,2020-06-17,v3
2020-05-15,hospital_demand,150.975,187,211,211.29,231,294.15,Surged Maintain Status Quo,Iraq,IRQ,2020-06-17,v3
2020-05-15,ICU_demand,33.975,44,49.5,50.69,56,72.025,Surged Maintain Status Quo,Iraq,IRQ,2020-06-17,v3
2020-05-15,infections,1966.8,2352.5,2570.5,2613.055,2839.5,3369.525,Surged Maintain Status Quo,Iraq,IRQ,2020-06-17,v3
2020-05-15,Rt,1.6767017887313,1.73324844747211,1.75567334036668,1.76109596469424,1.79275227049625,1.84129618852085,Surged Maintain Status Quo,Iraq,IRQ,2020-06-17,v3
2020-05-15,cumulative_infections,46937.65,54088.75,58396.5,59313.71,64518.25,74068.875,Surged Relax Interventions 50%,Iraq,IRQ,2020-06-17,v3
2020-05-15,deaths,0,1,2,1.92,3,5.02500000000001,Surged Relax Interventions 50%,Iraq,IRQ,2020-06-17,v3
2020-05-15,hospital_demand,150.975,187,211,211.29,231,294.15,Surged Relax Interventions 50%,Iraq,IRQ,2020-06-17,v3
2020-05-15,ICU_demand,33.975,44,49.5,50.69,56,72.025,Surged Relax Interventions 50%,Iraq,IRQ,2020-06-17,v3
2020-05-15,infections,1966.8,2352.5,2570.5,2613.055,2839.5,3369.525,Surged Relax Interventions 50%,Iraq,IRQ,2020-06-17,v3
2020-05-15,Rt,1.6767017887313,1.73324844747211,1.75567334036668,1.76109596469424,1.79275227049625,1.84129618852085,Surged Relax Interventions 50%,Iraq,IRQ,2020-06-17,v3
2020-05-16,cumulative_infections,48372.75,56505.75,62665,62477.43,68158.75,77309.8,Additional 50% Reduction,Iraq,IRQ,2020-06-17,v3
2020-05-16,deaths,1,2,3,3.015,4,6,Additional 50% Reduction,Iraq,IRQ,2020-06-17,v3
2020-05-16,hospital_demand,167.975,204,228.5,232.405,260,309.025,Additional 50% Reduction,Iraq,IRQ,2020-06-17,v3
2020-05-16,ICU_demand,37.975,48,55,56.205,63,79,Additional 50% Reduction,Iraq,IRQ,2020-06-17,v3
2020-05-16,infections,2163.075,2558.75,2834,2903.515,3239.25,3764.2,Additional 50% Reduction,Iraq,IRQ,2020-06-17,v3
2020-05-16,Rt,1.69022385304674,1.73335904099507,1.76121584483614,1.76224458702614,1.7899839155729,1.8460933089221,Additional 50% Reduction,Iraq,IRQ,2020-06-17,v3
2020-05-16,cumulative_infections,48372.75,56505.75,62665,62477.43,68158.75,77309.8,Maintain Status Quo,Iraq,IRQ,2020-06-17,v3
2020-05-16,deaths,1,2,3,3.015,4,6,Maintain Status Quo,Iraq,IRQ,2020-06-17,v3
2020-05-16,hospital_demand,167.975,204,228.5,232.405,260,309.025,Maintain Status Quo,Iraq,IRQ,2020-06-17,v3
2020-05-16,ICU_demand,37.975,48,55,56.205,63,79,Maintain Status Quo,Iraq,IRQ,2020-06-17,v3
2020-05-16,infections,2163.075,2558.75,2834,2903.515,3239.25,3764.2,Maintain Status Quo,Iraq,IRQ,2020-06-17,v3
2020-05-16,Rt,1.69022385304674,1.73335904099507,1.76121584483614,1.76224458702614,1.7899839155729,1.8460933089221,Maintain Status Quo,Iraq,IRQ,2020-06-17,v3
2020-05-16,cumulative_infections,48372.75,56505.75,62665,62477.43,68158.75,77309.8,Relax Interventions 50%,Iraq,IRQ,2020-06-17,v3
2020-05-16,deaths,1,2,3,3.015,4,6,Relax Interventions 50%,Iraq,IRQ,2020-06-17,v3
2020-05-16,hospital_demand,167.975,204,228.5,232.405,260,309.025,Relax Interventions 50%,Iraq,IRQ,2020-06-17,v3
2020-05-16,ICU_demand,37.975,48,55,56.205,63,79,Relax Interventions 50%,Iraq,IRQ,2020-06-17,v3
2020-05-16,infections,2163.075,2558.75,2834,2903.515,3239.25,3764.2,Relax Interventions 50%,Iraq,IRQ,2020-06-17,v3
2020-05-16,Rt,1.69022385304674,1.73335904099507,1.76121584483614,1.76224458702614,1.7899839155729,1.8460933089221,Relax Interventions 50%,Iraq,IRQ,2020-06-17,v3
2020-05-16,cumulative_infections,49636.775,56816,61434.5,62198.94,67436.25,78030.925,Surged Additional 50% Reduction,Iraq,IRQ,2020-06-17,v3
2020-05-16,deaths,1,2,3,3.075,4,7,Surged Additional 50% Reduction,Iraq,IRQ,2020-06-17,v3
2020-05-16,hospital_demand,162,206.75,231.5,230.62,250,318.025,Surged Additional 50% Reduction,Iraq,IRQ,2020-06-17,v3
2020-05-16,ICU_demand,38,48,54,55.35,62,79.025,Surged Additional 50% Reduction,Iraq,IRQ,2020-06-17,v3
2020-05-16,infections,2115.2,2571.5,2850.5,2885.23,3131.25,3664.65,Surged Additional 50% Reduction,Iraq,IRQ,2020-06-17,v3
2020-05-16,Rt,1.6767017887313,1.73324844747211,1.75567334036668,1.76109596469424,1.79275227049625,1.84129618852085,Surged Additional 50% Reduction,Iraq,IRQ,2020-06-17,v3
2020-05-16,cumulative_infections,49636.775,56816,61434.5,62198.94,67436.25,78030.925,Surged Maintain Status Quo,Iraq,IRQ,2020-06-17,v3
2020-05-16,deaths,1,2,3,3.075,4,7,Surged Maintain Status Quo,Iraq,IRQ,2020-06-17,v3
2020-05-16,hospital_demand,162,206.75,231.5,230.62,250,318.025,Surged Maintain Status Quo,Iraq,IRQ,2020-06-17,v3
2020-05-16,ICU_demand,38,48,54,55.35,62,79.025,Surged Maintain Status Quo,Iraq,IRQ,2020-06-17,v3
2020-05-16,infections,2115.2,2571.5,2850.5,2885.23,3131.25,3664.65,Surged Maintain Status Quo,Iraq,IRQ,2020-06-17,v3
2020-05-16,Rt,1.6767017887313,1.73324844747211,1.75567334036668,1.76109596469424,1.79275227049625,1.84129618852085,Surged Maintain Status Quo,Iraq,IRQ,2020-06-17,v3
2020-05-16,cumulative_infections,49636.775,56816,61434.5,62198.94,67436.25,78030.925,Surged Relax Interventions 50%,Iraq,IRQ,2020-06-17,v3
2020-05-16,deaths,1,2,3,3.075,4,7,Surged Relax Interventions 50%,Iraq,IRQ,2020-06-17,v3
2020-05-16,hospital_demand,162,206.75,231.5,230.62,250,318.025,Surged Relax Interventions 50%,Iraq,IRQ,2020-06-17,v3
2020-05-16,ICU_demand,38,48,54,55.35,62,79.025,Surged Relax Interventions 50%,Iraq,IRQ,2020-06-17,v3
2020-05-16,infections,2115.2,2571.5,2850.5,2885.23,3131.25,3664.65,Surged Relax Interventions 50%,Iraq,IRQ,2020-06-17,v3
2020-05-16,Rt,1.6767017887313,1.73324844747211,1.75567334036668,1.76109596469424,1.79275227049625,1.84129618852085,Surged Relax Interventions 50%,Iraq,IRQ,2020-06-17,v3
2020-05-17,cumulative_infections,50919.375,59368,65845,65660.995,71777.25,81568.35,Additional 50% Reduction,Iraq,IRQ,2020-06-17,v3
2020-05-17,deaths,1,2.75,4,3.845,5,8,Additional 50% Reduction,Iraq,IRQ,2020-06-17,v3
2020-05-17,hospital_demand,187,224.75,248,253.78,282.25,334.15,Additional 50% Reduction,Iraq,IRQ,2020-06-17,v3
2020-05-17,ICU_demand,40,54,61,61.455,69,84,Additional 50% Reduction,Iraq,IRQ,2020-06-17,v3
2020-05-17,infections,2399.8,2804.75,3136,3183.565,3588.75,4155.05,Additional 50% Reduction,Iraq,IRQ,2020-06-17,v3
2020-05-17,Rt,1.76393336441472,1.80721196568204,1.83456471226538,1.83605114298011,1.85849096234354,1.93247864047921,Additional 50% Reduction,Iraq,IRQ,2020-06-17,v3
2020-05-17,cumulative_infections,50919.375,59368,65845,65660.995,71777.25,81568.35,Maintain Status Quo,Iraq,IRQ,2020-06-17,v3
2020-05-17,deaths,1,2.75,4,3.845,5,8,Maintain Status Quo,Iraq,IRQ,2020-06-17,v3
2020-05-17,hospital_demand,187,224.75,248,253.78,282.25,334.15,Maintain Status Quo,Iraq,IRQ,2020-06-17,v3
2020-05-17,ICU_demand,40,54,61,61.455,69,84,Maintain Status Quo,Iraq,IRQ,2020-06-17,v3
2020-05-17,infections,2399.8,2804.75,3136,3183.565,3588.75,4155.05,Maintain Status Quo,Iraq,IRQ,2020-06-17,v3
2020-05-17,Rt,1.76393336441472,1.80721196568204,1.83456471226538,1.83605114298011,1.85849096234354,1.93247864047921,Maintain Status Quo,Iraq,IRQ,2020-06-17,v3
2020-05-17,cumulative_infections,50919.375,59368,65845,65660.995,71777.25,81568.35,Relax Interventions 50%,Iraq,IRQ,2020-06-17,v3
2020-05-17,deaths,1,2.75,4,3.845,5,8,Relax Interventions 50%,Iraq,IRQ,2020-06-17,v3
2020-05-17,hospital_demand,187,224.75,248,253.78,282.25,334.15,Relax Interventions 50%,Iraq,IRQ,2020-06-17,v3
2020-05-17,ICU_demand,40,54,61,61.455,69,84,Relax Interventions 50%,Iraq,IRQ,2020-06-17,v3
2020-05-17,infections,2399.8,2804.75,3136,3183.565,3588.75,4155.05,Relax Interventions 50%,Iraq,IRQ,2020-06-17,v3
2020-05-17,Rt,1.76393336441472,1.80721196568204,1.83456471226538,1.83605114298011,1.85849096234354,1.93247864047921,Relax Interventions 50%,Iraq,IRQ,2020-06-17,v3
2020-05-17,cumulative_infections,51930.625,59676.25,64689,65364.29,70888.75,82306.15,Surged Additional 50% Reduction,Iraq,IRQ,2020-06-17,v3
2020-05-17,deaths,1,3,4,3.865,5,7,Surged Additional 50% Reduction,Iraq,IRQ,2020-06-17,v3
2020-05-17,hospital_demand,176.925,224,251,251.5,273,342.175,Surged Additional 50% Reduction,Iraq,IRQ,2020-06-17,v3
2020-05-17,ICU_demand,43.975,52.75,59,60.6,67.25,85,Surged Additional 50% Reduction,Iraq,IRQ,2020-06-17,v3
2020-05-17,infections,2347.45,2831.5,3165,3165.35,3454.25,4133.675,Surged Additional 50% Reduction,Iraq,IRQ,2020-06-17,v3
2020-05-17,Rt,1.75946948693511,1.80555867830741,1.82678588449345,1.83678963406525,1.86115785407711,1.93299743868226,Surged Additional 50% Reduction,Iraq,IRQ,2020-06-17,v3
2020-05-17,cumulative_infections,51930.625,59676.25,64689,65364.29,70888.75,82306.15,Surged Maintain Status Quo,Iraq,IRQ,2020-06-17,v3
2020-05-17,deaths,1,3,4,3.865,5,7,Surged Maintain Status Quo,Iraq,IRQ,2020-06-17,v3
2020-05-17,hospital_demand,176.925,224,251,251.5,273,342.175,Surged Maintain Status Quo,Iraq,IRQ,2020-06-17,v3
2020-05-17,ICU_demand,43.975,52.75,59,60.6,67.25,85,Surged Maintain Status Quo,Iraq,IRQ,2020-06-17,v3
2020-05-17,infections,2347.45,2831.5,3165,3165.35,3454.25,4133.675,Surged Maintain Status Quo,Iraq,IRQ,2020-06-17,v3
2020-05-17,Rt,1.75946948693511,1.80555867830741,1.82678588449345,1.83678963406525,1.86115785407711,1.93299743868226,Surged Maintain Status Quo,Iraq,IRQ,2020-06-17,v3
2020-05-17,cumulative_infections,51930.625,59676.25,64689,65364.29,70888.75,82306.15,Surged Relax Interventions 50%,Iraq,IRQ,2020-06-17,v3
2020-05-17,deaths,1,3,4,3.865,5,7,Surged Relax Interventions 50%,Iraq,IRQ,2020-06-17,v3
2020-05-17,hospital_demand,176.925,224,251,251.5,273,342.175,Surged Relax Interventions 50%,Iraq,IRQ,2020-06-17,v3
2020-05-17,ICU_demand,43.975,52.75,59,60.6,67.25,85,Surged Relax Interventions 50%,Iraq,IRQ,2020-06-17,v3
2020-05-17,infections,2347.45,2831.5,3165,3165.35,3454.25,4133.675,Surged Relax Interventions 50%,Iraq,IRQ,2020-06-17,v3
2020-05-17,Rt,1.75946948693511,1.80555867830741,1.82678588449345,1.83678963406525,1.86115785407711,1.93299743868226,Surged Relax Interventions 50%,Iraq,IRQ,2020-06-17,v3
2020-05-18,cumulative_infections,53746.5,62470,69286.5,69153.505,75536,86208.2,Additional 50% Reduction,Iraq,IRQ,2020-06-17,v3
2020-05-18,deaths,1,2,3,3.63,5,8,Additional 50% Reduction,Iraq,IRQ,2020-06-17,v3
2020-05-18,hospital_demand,207.975,245,275,278.375,309.25,367.1,Additional 50% Reduction,Iraq,IRQ,2020-06-17,v3
2020-05-18,ICU_demand,46,57.75,68,67.035,76,90.025,Additional 50% Reduction,Iraq,IRQ,2020-06-17,v3
2020-05-18,infections,2639.675,3059,3407,3492.51,3931.25,4512.875,Additional 50% Reduction,Iraq,IRQ,2020-06-17,v3
2020-05-18,Rt,1.76003745727178,1.80026244861334,1.82856509953844,1.83021013400838,1.85340257327507,1.92528145744709,Additional 50% Reduction,Iraq,IRQ,2020-06-17,v3
2020-05-18,cumulative_infections,53746.5,62470,69286.5,69153.505,75536,86208.2,Maintain Status Quo,Iraq,IRQ,2020-06-17,v3
2020-05-18,deaths,1,2,3,3.63,5,8,Maintain Status Quo,Iraq,IRQ,2020-06-17,v3
2020-05-18,hospital_demand,207.975,245,275,278.375,309.25,367.1,Maintain Status Quo,Iraq,IRQ,2020-06-17,v3
2020-05-18,ICU_demand,46,57.75,68,67.035,76,90.025,Maintain Status Quo,Iraq,IRQ,2020-06-17,v3
2020-05-18,infections,2639.675,3059,3407,3492.51,3931.25,4512.875,Maintain Status Quo,Iraq,IRQ,2020-06-17,v3
2020-05-18,Rt,1.76003745727178,1.80026244861334,1.82856509953844,1.83021013400838,1.85340257327507,1.92528145744709,Maintain Status Quo,Iraq,IRQ,2020-06-17,v3
2020-05-18,cumulative_infections,53746.5,62470,69286.5,69153.505,75536,86208.2,Relax Interventions 50%,Iraq,IRQ,2020-06-17,v3
2020-05-18,deaths,1,2,3,3.63,5,8,Relax Interventions 50%,Iraq,IRQ,2020-06-17,v3
2020-05-18,hospital_demand,207.975,245,275,278.375,309.25,367.1,Relax Interventions 50%,Iraq,IRQ,2020-06-17,v3
2020-05-18,ICU_demand,46,57.75,68,67.035,76,90.025,Relax Interventions 50%,Iraq,IRQ,2020-06-17,v3
2020-05-18,infections,2639.675,3059,3407,3492.51,3931.25,4512.875,Relax Interventions 50%,Iraq,IRQ,2020-06-17,v3
2020-05-18,Rt,1.76003745727178,1.80026244861334,1.82856509953844,1.83021013400838,1.85340257327507,1.92528145744709,Relax Interventions 50%,Iraq,IRQ,2020-06-17,v3
2020-05-18,cumulative_infections,54516.475,62856.75,68014.5,68833.29,74590,86913.85,Surged Additional 50% Reduction,Iraq,IRQ,2020-06-17,v3
2020-05-18,deaths,1,2,3,3.585,5,8,Surged Additional 50% Reduction,Iraq,IRQ,2020-06-17,v3
2020-05-18,hospital_demand,194.875,246.75,276,276.915,300.5,377.05,Surged Additional 50% Reduction,Iraq,IRQ,2020-06-17,v3
2020-05-18,ICU_demand,48,58,65,66.6,74,91.075,Surged Additional 50% Reduction,Iraq,IRQ,2020-06-17,v3
2020-05-18,infections,2562.25,3094.5,3455,3469,3751.25,4483.25,Surged Additional 50% Reduction,Iraq,IRQ,2020-06-17,v3
2020-05-18,Rt,1.75291525731753,1.80011207778161,1.82197543853863,1.83079896805383,1.85593882764649,1.92453446165632,Surged Additional 50% Reduction,Iraq,IRQ,2020-06-17,v3
2020-05-18,cumulative_infections,54516.475,62856.75,68014.5,68833.29,74590,86913.85,Surged Maintain Status Quo,Iraq,IRQ,2020-06-17,v3
2020-05-18,deaths,1,2,3,3.585,5,8,Surged Maintain Status Quo,Iraq,IRQ,2020-06-17,v3
2020-05-18,hospital_demand,194.875,246.75,276,276.915,300.5,377.05,Surged Maintain Status Quo,Iraq,IRQ,2020-06-17,v3
2020-05-18,ICU_demand,48,58,65,66.6,74,91.075,Surged Maintain Status Quo,Iraq,IRQ,2020-06-17,v3
2020-05-18,infections,2562.25,3094.5,3455,3469,3751.25,4483.25,Surged Maintain Status Quo,Iraq,IRQ,2020-06-17,v3
2020-05-18,Rt,1.75291525731753,1.80011207778161,1.82197543853863,1.83079896805383,1.85593882764649,1.92453446165632,Surged Maintain Status Quo,Iraq,IRQ,2020-06-17,v3
2020-05-18,cumulative_infections,54516.475,62856.75,68014.5,68833.29,74590,86913.85,Surged Relax Interventions 50%,Iraq,IRQ,2020-06-17,v3
2020-05-18,deaths,1,2,3,3.585,5,8,Surged Relax Interventions 50%,Iraq,IRQ,2020-06-17,v3
2020-05-18,hospital_demand,194.875,246.75,276,276.915,300.5,377.05,Surged Relax Interventions 50%,Iraq,IRQ,2020-06-17,v3
2020-05-18,ICU_demand,48,58,65,66.6,74,91.075,Surged Relax Interventions 50%,Iraq,IRQ,2020-06-17,v3
2020-05-18,infections,2562.25,3094.5,3455,3469,3751.25,4483.25,Surged Relax Interventions 50%,Iraq,IRQ,2020-06-17,v3
2020-05-18,Rt,1.75291525731753,1.80011207778161,1.82197543853863,1.83079896805383,1.85593882764649,1.92453446165632,Surged Relax Interventions 50%,Iraq,IRQ,2020-06-17,v3
2020-05-19,cumulative_infections,56796.075,66021.5,73216,73010.97,79655.75,91379.725,Additional 50% Reduction,Iraq,IRQ,2020-06-17,v3
2020-05-19,deaths,1,3,4,4.675,6,10,Additional 50% Reduction,Iraq,IRQ,2020-06-17,v3
2020-05-19,hospital_demand,229,267.75,304.5,305.7,342,394.125,Additional 50% Reduction,Iraq,IRQ,2020-06-17,v3
2020-05-19,ICU_demand,50.975,64,74,73.69,82,101.075,Additional 50% Reduction,Iraq,IRQ,2020-06-17,v3
2020-05-19,infections,2881.375,3373.5,3761,3857.465,4357.25,4981.875,Additional 50% Reduction,Iraq,IRQ,2020-06-17,v3
2020-05-19,Rt,1.76766119668675,1.81128522222484,1.83914456764353,1.83994616066684,1.86192033178263,1.93860672529635,Additional 50% Reduction,Iraq,IRQ,2020-06-17,v3
2020-05-19,cumulative_infections,56796.075,66021.5,73216,73010.97,79655.75,91379.725,Maintain Status Quo,Iraq,IRQ,2020-06-17,v3
2020-05-19,deaths,1,3,4,4.675,6,10,Maintain Status Quo,Iraq,IRQ,2020-06-17,v3
2020-05-19,hospital_demand,229,267.75,304.5,305.7,342,394.125,Maintain Status Quo,Iraq,IRQ,2020-06-17,v3
2020-05-19,ICU_demand,50.975,64,74,73.69,82,101.075,Maintain Status Quo,Iraq,IRQ,2020-06-17,v3
2020-05-19,infections,2881.375,3373.5,3761,3857.465,4357.25,4981.875,Maintain Status Quo,Iraq,IRQ,2020-06-17,v3
2020-05-19,Rt,1.76766119668675,1.81128522222484,1.83914456764353,1.83994616066684,1.86192033178263,1.93860672529635,Maintain Status Quo,Iraq,IRQ,2020-06-17,v3
2020-05-19,cumulative_infections,56796.075,66021.5,73216,73010.97,79655.75,91379.725,Relax Interventions 50%,Iraq,IRQ,2020-06-17,v3
2020-05-19,deaths,1,3,4,4.675,6,10,Relax Interventions 50%,Iraq,IRQ,2020-06-17,v3
2020-05-19,hospital_demand,229,267.75,304.5,305.7,342,394.125,Relax Interventions 50%,Iraq,IRQ,2020-06-17,v3
2020-05-19,ICU_demand,50.975,64,74,73.69,82,101.075,Relax Interventions 50%,Iraq,IRQ,2020-06-17,v3
2020-05-19,infections,2881.375,3373.5,3761,3857.465,4357.25,4981.875,Relax Interventions 50%,Iraq,IRQ,2020-06-17,v3
2020-05-19,Rt,1.76766119668675,1.81128522222484,1.83914456764353,1.83994616066684,1.86192033178263,1.93860672529635,Relax Interventions 50%,Iraq,IRQ,2020-06-17,v3
2020-05-19,cumulative_infections,57576.85,66035.5,71816,72660.295,78804.5,91690.95,Surged Additional 50% Reduction,Iraq,IRQ,2020-06-17,v3
2020-05-19,deaths,1.975,3,4,4.4,5,9,Surged Additional 50% Reduction,Iraq,IRQ,2020-06-17,v3
2020-05-19,hospital_demand,217.95,271,304.5,304.515,331.25,414.1,Surged Additional 50% Reduction,Iraq,IRQ,2020-06-17,v3
2020-05-19,ICU_demand,51.975,64,71,72.67,81,100.025,Surged Additional 50% Reduction,Iraq,IRQ,2020-06-17,v3
2020-05-19,infections,2898.225,3411.5,3810.5,3827.005,4158.5,4925.325,Surged Additional 50% Reduction,Iraq,IRQ,2020-06-17,v3
2020-05-19,Rt,1.76384334507588,1.80909980333092,1.83059893981426,1.84078447117574,1.86554609463578,1.93862805148013,Surged Additional 50% Reduction,Iraq,IRQ,2020-06-17,v3
2020-05-19,cumulative_infections,57576.85,66035.5,71816,72660.295,78804.5,91690.95,Surged Maintain Status Quo,Iraq,IRQ,2020-06-17,v3
2020-05-19,deaths,1.975,3,4,4.4,5,9,Surged Maintain Status Quo,Iraq,IRQ,2020-06-17,v3
2020-05-19,hospital_demand,217.95,271,304.5,304.515,331.25,414.1,Surged Maintain Status Quo,Iraq,IRQ,2020-06-17,v3
2020-05-19,ICU_demand,51.975,64,71,72.67,81,100.025,Surged Maintain Status Quo,Iraq,IRQ,2020-06-17,v3
2020-05-19,infections,2898.225,3411.5,3810.5,3827.005,4158.5,4925.325,Surged Maintain Status Quo,Iraq,IRQ,2020-06-17,v3
2020-05-19,Rt,1.76384334507588,1.80909980333092,1.83059893981426,1.84078447117574,1.86554609463578,1.93862805148013,Surged Maintain Status Quo,Iraq,IRQ,2020-06-17,v3
2020-05-19,cumulative_infections,57576.85,66035.5,71816,72660.295,78804.5,91690.95,Surged Relax Interventions 50%,Iraq,IRQ,2020-06-17,v3
2020-05-19,deaths,1.975,3,4,4.4,5,9,Surged Relax Interventions 50%,Iraq,IRQ,2020-06-17,v3
2020-05-19,hospital_demand,217.95,271,304.5,304.515,331.25,414.1,Surged Relax Interventions 50%,Iraq,IRQ,2020-06-17,v3
2020-05-19,ICU_demand,51.975,64,71,72.67,81,100.025,Surged Relax Interventions 50%,Iraq,IRQ,2020-06-17,v3
2020-05-19,infections,2898.225,3411.5,3810.5,3827.005,4158.5,4925.325,Surged Relax Interventions 50%,Iraq,IRQ,2020-06-17,v3
2020-05-19,Rt,1.76384334507588,1.80909980333092,1.83059893981426,1.84078447117574,1.86554609463578,1.93862805148013,Surged Relax Interventions 50%,Iraq,IRQ,2020-06-17,v3
2020-05-20,cumulative_infections,60192.725,69728.25,77636,77268.665,84257.75,97004.525,Additional 50% Reduction,Iraq,IRQ,2020-06-17,v3
2020-05-20,deaths,2,3,4,4.64,6,9,Additional 50% Reduction,Iraq,IRQ,2020-06-17,v3
2020-05-20,hospital_demand,251.875,295.75,330.5,335.265,373,437.1,Additional 50% Reduction,Iraq,IRQ,2020-06-17,v3
2020-05-20,ICU_demand,56.975,69.75,80.5,80.94,90,113.05,Additional 50% Reduction,Iraq,IRQ,2020-06-17,v3
2020-05-20,infections,3177.9,3743.5,4199,4257.695,4766.75,5549.325,Additional 50% Reduction,Iraq,IRQ,2020-06-17,v3
2020-05-20,Rt,1.77627517008271,1.82274854677476,1.8530127500629,1.8535844520444,1.87434069555449,1.95913690552588,Additional 50% Reduction,Iraq,IRQ,2020-06-17,v3
2020-05-20,cumulative_infections,60192.725,69728.25,77636,77268.665,84257.75,97004.525,Maintain Status Quo,Iraq,IRQ,2020-06-17,v3
2020-05-20,deaths,2,3,4,4.64,6,9,Maintain Status Quo,Iraq,IRQ,2020-06-17,v3
2020-05-20,hospital_demand,251.875,295.75,330.5,335.265,373,437.1,Maintain Status Quo,Iraq,IRQ,2020-06-17,v3
2020-05-20,ICU_demand,56.975,69.75,80.5,80.94,90,113.05,Maintain Status Quo,Iraq,IRQ,2020-06-17,v3
2020-05-20,infections,3177.9,3743.5,4199,4257.695,4766.75,5549.325,Maintain Status Quo,Iraq,IRQ,2020-06-17,v3
2020-05-20,Rt,1.77627517008271,1.82274854677476,1.8530127500629,1.8535844520444,1.87434069555449,1.95913690552588,Maintain Status Quo,Iraq,IRQ,2020-06-17,v3
2020-05-20,cumulative_infections,60192.725,69728.25,77636,77268.665,84257.75,97004.525,Relax Interventions 50%,Iraq,IRQ,2020-06-17,v3
2020-05-20,deaths,2,3,4,4.64,6,9,Relax Interventions 50%,Iraq,IRQ,2020-06-17,v3
2020-05-20,hospital_demand,251.875,295.75,330.5,335.265,373,437.1,Relax Interventions 50%,Iraq,IRQ,2020-06-17,v3
2020-05-20,ICU_demand,56.975,69.75,80.5,80.94,90,113.05,Relax Interventions 50%,Iraq,IRQ,2020-06-17,v3
2020-05-20,infections,3177.9,3743.5,4199,4257.695,4766.75,5549.325,Relax Interventions 50%,Iraq,IRQ,2020-06-17,v3
2020-05-20,Rt,1.77627517008271,1.82274854677476,1.8530127500629,1.8535844520444,1.87434069555449,1.95913690552588,Relax Interventions 50%,Iraq,IRQ,2020-06-17,v3
2020-05-20,cumulative_infections,60718.425,69481.5,75989.5,76885.73,83480,96631.325,Surged Additional 50% Reduction,Iraq,IRQ,2020-06-17,v3
2020-05-20,deaths,2,3,4,4.805,6,10,Surged Additional 50% Reduction,Iraq,IRQ,2020-06-17,v3
2020-05-20,hospital_demand,244.775,295,333,334.545,367.5,445.15,Surged Additional 50% Reduction,Iraq,IRQ,2020-06-17,v3
2020-05-20,ICU_demand,57,69.75,78,79.245,88,106.025,Surged Additional 50% Reduction,Iraq,IRQ,2020-06-17,v3
2020-05-20,infections,3136.575,3798.75,4205,4225.435,4591.5,5418.1,Surged Additional 50% Reduction,Iraq,IRQ,2020-06-17,v3
2020-05-20,Rt,1.78429114043068,1.82221157033813,1.84295742602569,1.85477240265382,1.87985926341176,1.95780058639096,Surged Additional 50% Reduction,Iraq,IRQ,2020-06-17,v3
2020-05-20,cumulative_infections,60718.425,69481.5,75989.5,76885.73,83480,96631.325,Surged Maintain Status Quo,Iraq,IRQ,2020-06-17,v3
2020-05-20,deaths,2,3,4,4.805,6,10,Surged Maintain Status Quo,Iraq,IRQ,2020-06-17,v3
2020-05-20,hospital_demand,244.775,295,333,334.545,367.5,445.15,Surged Maintain Status Quo,Iraq,IRQ,2020-06-17,v3
2020-05-20,ICU_demand,57,69.75,78,79.245,88,106.025,Surged Maintain Status Quo,Iraq,IRQ,2020-06-17,v3
2020-05-20,infections,3136.575,3798.75,4205,4225.435,4591.5,5418.1,Surged Maintain Status Quo,Iraq,IRQ,2020-06-17,v3
2020-05-20,Rt,1.78429114043068,1.82221157033813,1.84295742602569,1.85477240265382,1.87985926341176,1.95780058639096,Surged Maintain Status Quo,Iraq,IRQ,2020-06-17,v3
2020-05-20,cumulative_infections,60718.425,69481.5,75989.5,76885.73,83480,96631.325,Surged Relax Interventions 50%,Iraq,IRQ,2020-06-17,v3
2020-05-20,deaths,2,3,4,4.805,6,10,Surged Relax Interventions 50%,Iraq,IRQ,2020-06-17,v3
2020-05-20,hospital_demand,244.775,295,333,334.545,367.5,445.15,Surged Relax Interventions 50%,Iraq,IRQ,2020-06-17,v3
2020-05-20,ICU_demand,57,69.75,78,79.245,88,106.025,Surged Relax Interventions 50%,Iraq,IRQ,2020-06-17,v3
2020-05-20,infections,3136.575,3798.75,4205,4225.435,4591.5,5418.1,Surged Relax Interventions 50%,Iraq,IRQ,2020-06-17,v3
2020-05-20,Rt,1.78429114043068,1.82221157033813,1.84295742602569,1.85477240265382,1.87985926341176,1.95780058639096,Surged Relax Interventions 50%,Iraq,IRQ,2020-06-17,v3
2020-05-21,cumulative_infections,64067.2,73866.5,81979,81971.15,89456,103294.45,Additional 50% Reduction,Iraq,IRQ,2020-06-17,v3
2020-05-21,deaths,2,3,5,5.07,6,10,Additional 50% Reduction,Iraq,IRQ,2020-06-17,v3
2020-05-21,hospital_demand,270,323,366.5,369.115,411.25,483,Additional 50% Reduction,Iraq,IRQ,2020-06-17,v3
2020-05-21,ICU_demand,62,76,88,88.565,100,121.025,Additional 50% Reduction,Iraq,IRQ,2020-06-17,v3
2020-05-21,infections,3412.875,4138,4574,4702.485,5271.25,6146.425,Additional 50% Reduction,Iraq,IRQ,2020-06-17,v3
2020-05-21,Rt,1.77873662874825,1.82533063112444,1.85669256192583,1.85748257468493,1.87821809768552,1.96518088521902,Additional 50% Reduction,Iraq,IRQ,2020-06-17,v3
2020-05-21,cumulative_infections,64067.2,73866.5,81979,81971.15,89456,103294.45,Maintain Status Quo,Iraq,IRQ,2020-06-17,v3
2020-05-21,deaths,2,3,5,5.07,6,10,Maintain Status Quo,Iraq,IRQ,2020-06-17,v3
2020-05-21,hospital_demand,270,323,366.5,369.115,411.25,483,Maintain Status Quo,Iraq,IRQ,2020-06-17,v3
2020-05-21,ICU_demand,62,76,88,88.565,100,121.025,Maintain Status Quo,Iraq,IRQ,2020-06-17,v3
2020-05-21,infections,3412.875,4138,4574,4702.485,5271.25,6146.425,Maintain Status Quo,Iraq,IRQ,2020-06-17,v3
2020-05-21,Rt,1.77873662874825,1.82533063112444,1.85669256192583,1.85748257468493,1.87821809768552,1.96518088521902,Maintain Status Quo,Iraq,IRQ,2020-06-17,v3
2020-05-21,cumulative_infections,64067.2,73866.5,81979,81971.15,89456,103294.45,Relax Interventions 50%,Iraq,IRQ,2020-06-17,v3
2020-05-21,deaths,2,3,5,5.07,6,10,Relax Interventions 50%,Iraq,IRQ,2020-06-17,v3
2020-05-21,hospital_demand,270,323,366.5,369.115,411.25,483,Relax Interventions 50%,Iraq,IRQ,2020-06-17,v3
2020-05-21,ICU_demand,62,76,88,88.565,100,121.025,Relax Interventions 50%,Iraq,IRQ,2020-06-17,v3
2020-05-21,infections,3412.875,4138,4574,4702.485,5271.25,6146.425,Relax Interventions 50%,Iraq,IRQ,2020-06-17,v3
2020-05-21,Rt,1.77873662874825,1.82533063112444,1.85669256192583,1.85748257468493,1.87821809768552,1.96518088521902,Relax Interventions 50%,Iraq,IRQ,2020-06-17,v3
2020-05-21,cumulative_infections,64206.475,73572.5,80792.5,81562.405,88724.75,101980.35,Surged Additional 50% Reduction,Iraq,IRQ,2020-06-17,v3
2020-05-21,deaths,1,3,5,4.77,6,9,Surged Additional 50% Reduction,Iraq,IRQ,2020-06-17,v3
2020-05-21,hospital_demand,274.975,327,365,367.54,401,481.3,Surged Additional 50% Reduction,Iraq,IRQ,2020-06-17,v3
2020-05-21,ICU_demand,61.975,76.75,84,86.8,98,118,Surged Additional 50% Reduction,Iraq,IRQ,2020-06-17,v3
2020-05-21,infections,3600.1,4186.25,4654.5,4676.675,5075.75,6023.25,Surged Additional 50% Reduction,Iraq,IRQ,2020-06-17,v3
2020-05-21,Rt,1.78864271319125,1.82636104430643,1.84808512004024,1.85877049216887,1.88367968106381,1.9625110906267,Surged Additional 50% Reduction,Iraq,IRQ,2020-06-17,v3
2020-05-21,cumulative_infections,64206.475,73572.5,80792.5,81562.405,88724.75,101980.35,Surged Maintain Status Quo,Iraq,IRQ,2020-06-17,v3
2020-05-21,deaths,1,3,5,4.77,6,9,Surged Maintain Status Quo,Iraq,IRQ,2020-06-17,v3
2020-05-21,hospital_demand,274.975,327,365,367.54,401,481.3,Surged Maintain Status Quo,Iraq,IRQ,2020-06-17,v3
2020-05-21,ICU_demand,61.975,76.75,84,86.8,98,118,Surged Maintain Status Quo,Iraq,IRQ,2020-06-17,v3
2020-05-21,infections,3600.1,4186.25,4654.5,4676.675,5075.75,6023.25,Surged Maintain Status Quo,Iraq,IRQ,2020-06-17,v3
2020-05-21,Rt,1.78864271319125,1.82636104430643,1.84808512004024,1.85877049216887,1.88367968106381,1.9625110906267,Surged Maintain Status Quo,Iraq,IRQ,2020-06-17,v3
2020-05-21,cumulative_infections,64206.475,73572.5,80792.5,81562.405,88724.75,101980.35,Surged Relax Interventions 50%,Iraq,IRQ,2020-06-17,v3
2020-05-21,deaths,1,3,5,4.77,6,9,Surged Relax Interventions 50%,Iraq,IRQ,2020-06-17,v3
2020-05-21,hospital_demand,274.975,327,365,367.54,401,481.3,Surged Relax Interventions 50%,Iraq,IRQ,2020-06-17,v3
2020-05-21,ICU_demand,61.975,76.75,84,86.8,98,118,Surged Relax Interventions 50%,Iraq,IRQ,2020-06-17,v3
2020-05-21,infections,3600.1,4186.25,4654.5,4676.675,5075.75,6023.25,Surged Relax Interventions 50%,Iraq,IRQ,2020-06-17,v3
2020-05-21,Rt,1.78864271319125,1.82636104430643,1.84808512004024,1.85877049216887,1.88367968106381,1.9625110906267,Surged Relax Interventions 50%,Iraq,IRQ,2020-06-17,v3
2020-05-22,cumulative_infections,68194.55,78663,86957.5,87183.79,95297.5,110354.625,Additional 50% Reduction,Iraq,IRQ,2020-06-17,v3
2020-05-22,deaths,2,4,5,5.63,7,10,Additional 50% Reduction,Iraq,IRQ,2020-06-17,v3
2020-05-22,hospital_demand,300.925,356.5,404,406.03,451.25,533.125,Additional 50% Reduction,Iraq,IRQ,2020-06-17,v3
2020-05-22,ICU_demand,68.975,84,97.5,97.455,109,132.025,Additional 50% Reduction,Iraq,IRQ,2020-06-17,v3
2020-05-22,infections,3844.65,4584,5131.5,5212.64,5855.25,6752.075,Additional 50% Reduction,Iraq,IRQ,2020-06-17,v3
2020-05-22,Rt,1.75873893530869,1.79793573247903,1.82639074925983,1.82826355611726,1.85181562409058,1.92327506329302,Additional 50% Reduction,Iraq,IRQ,2020-06-17,v3
2020-05-22,cumulative_infections,68194.55,78663,86957.5,87183.79,95297.5,110354.625,Maintain Status Quo,Iraq,IRQ,2020-06-17,v3
2020-05-22,deaths,2,4,5,5.63,7,10,Maintain Status Quo,Iraq,IRQ,2020-06-17,v3
2020-05-22,hospital_demand,300.925,356.5,404,406.03,451.25,533.125,Maintain Status Quo,Iraq,IRQ,2020-06-17,v3
2020-05-22,ICU_demand,68.975,84,97.5,97.455,109,132.025,Maintain Status Quo,Iraq,IRQ,2020-06-17,v3
2020-05-22,infections,3844.65,4584,5131.5,5212.64,5855.25,6752.075,Maintain Status Quo,Iraq,IRQ,2020-06-17,v3
2020-05-22,Rt,1.75873893530869,1.79793573247903,1.82639074925983,1.82826355611726,1.85181562409058,1.92327506329302,Maintain Status Quo,Iraq,IRQ,2020-06-17,v3
2020-05-22,cumulative_infections,68194.55,78663,86957.5,87183.79,95297.5,110354.625,Relax Interventions 50%,Iraq,IRQ,2020-06-17,v3
2020-05-22,deaths,2,4,5,5.63,7,10,Relax Interventions 50%,Iraq,IRQ,2020-06-17,v3
2020-05-22,hospital_demand,300.925,356.5,404,406.03,451.25,533.125,Relax Interventions 50%,Iraq,IRQ,2020-06-17,v3
2020-05-22,ICU_demand,68.975,84,97.5,97.455,109,132.025,Relax Interventions 50%,Iraq,IRQ,2020-06-17,v3
2020-05-22,infections,3844.65,4584,5131.5,5212.64,5855.25,6752.075,Relax Interventions 50%,Iraq,IRQ,2020-06-17,v3
2020-05-22,Rt,1.75873893530869,1.79793573247903,1.82639074925983,1.82826355611726,1.85181562409058,1.92327506329302,Relax Interventions 50%,Iraq,IRQ,2020-06-17,v3
2020-05-22,cumulative_infections,68139.975,78049.75,85972,86744.54,94400.75,108417.675,Surged Additional 50% Reduction,Iraq,IRQ,2020-06-17,v3
2020-05-22,deaths,3,5,6,6.145,7,11,Surged Additional 50% Reduction,Iraq,IRQ,2020-06-17,v3
2020-05-22,hospital_demand,300.875,355.75,400,403.785,442.25,533.25,Surged Additional 50% Reduction,Iraq,IRQ,2020-06-17,v3
2020-05-22,ICU_demand,67.95,84,92.5,94.935,106.25,129.05,Surged Additional 50% Reduction,Iraq,IRQ,2020-06-17,v3
2020-05-22,infections,3901.875,4640,5179,5182.135,5604.5,6633.775,Surged Additional 50% Reduction,Iraq,IRQ,2020-06-17,v3
2020-05-22,Rt,1.75075477684616,1.79827341468413,1.82001303607808,1.82880252468155,1.85438253700132,1.92171380130374,Surged Additional 50% Reduction,Iraq,IRQ,2020-06-17,v3
2020-05-22,cumulative_infections,68139.975,78049.75,85972,86744.54,94400.75,108417.675,Surged Maintain Status Quo,Iraq,IRQ,2020-06-17,v3
2020-05-22,deaths,3,5,6,6.145,7,11,Surged Maintain Status Quo,Iraq,IRQ,2020-06-17,v3
2020-05-22,hospital_demand,300.875,355.75,400,403.785,442.25,533.25,Surged Maintain Status Quo,Iraq,IRQ,2020-06-17,v3
2020-05-22,ICU_demand,67.95,84,92.5,94.935,106.25,129.05,Surged Maintain Status Quo,Iraq,IRQ,2020-06-17,v3
2020-05-22,infections,3901.875,4640,5179,5182.135,5604.5,6633.775,Surged Maintain Status Quo,Iraq,IRQ,2020-06-17,v3
2020-05-22,Rt,1.75075477684616,1.79827341468413,1.82001303607808,1.82880252468155,1.85438253700132,1.92171380130374,Surged Maintain Status Quo,Iraq,IRQ,2020-06-17,v3
2020-05-22,cumulative_infections,68139.975,78049.75,85972,86744.54,94400.75,108417.675,Surged Relax Interventions 50%,Iraq,IRQ,2020-06-17,v3
2020-05-22,deaths,3,5,6,6.145,7,11,Surged Relax Interventions 50%,Iraq,IRQ,2020-06-17,v3
2020-05-22,hospital_demand,300.875,355.75,400,403.785,442.25,533.25,Surged Relax Interventions 50%,Iraq,IRQ,2020-06-17,v3
2020-05-22,ICU_demand,67.95,84,92.5,94.935,106.25,129.05,Surged Relax Interventions 50%,Iraq,IRQ,2020-06-17,v3
2020-05-22,infections,3901.875,4640,5179,5182.135,5604.5,6633.775,Surged Relax Interventions 50%,Iraq,IRQ,2020-06-17,v3
2020-05-22,Rt,1.75075477684616,1.79827341468413,1.82001303607808,1.82880252468155,1.85438253700132,1.92171380130374,Surged Relax Interventions 50%,Iraq,IRQ,2020-06-17,v3
2020-05-23,cumulative_infections,72499.975,83805.75,92421,92958.385,101658.25,118012.125,Additional 50% Reduction,Iraq,IRQ,2020-06-17,v3
2020-05-23,deaths,3,5,6,6.62,8,11.025,Additional 50% Reduction,Iraq,IRQ,2020-06-17,v3
2020-05-23,hospital_demand,333.8,391,443.5,446.02,495.5,585.125,Additional 50% Reduction,Iraq,IRQ,2020-06-17,v3
2020-05-23,ICU_demand,76.95,92.5,106,106.825,120,144,Additional 50% Reduction,Iraq,IRQ,2020-06-17,v3
2020-05-23,infections,4300.975,5085.75,5705,5774.595,6456,7520.325,Additional 50% Reduction,Iraq,IRQ,2020-06-17,v3
2020-05-23,Rt,1.7368275693325,1.77408187339893,1.80360039686645,1.80492331787529,1.83067084027376,1.89240326067018,Additional 50% Reduction,Iraq,IRQ,2020-06-17,v3
2020-05-23,cumulative_infections,72499.975,83805.75,92421,92958.385,101658.25,118012.125,Maintain Status Quo,Iraq,IRQ,2020-06-17,v3
2020-05-23,deaths,3,5,6,6.62,8,11.025,Maintain Status Quo,Iraq,IRQ,2020-06-17,v3
2020-05-23,hospital_demand,333.8,391,443.5,446.02,495.5,585.125,Maintain Status Quo,Iraq,IRQ,2020-06-17,v3
2020-05-23,ICU_demand,76.95,92.5,106,106.825,120,144,Maintain Status Quo,Iraq,IRQ,2020-06-17,v3
2020-05-23,infections,4300.975,5085.75,5705,5774.595,6456,7520.325,Maintain Status Quo,Iraq,IRQ,2020-06-17,v3
2020-05-23,Rt,1.7368275693325,1.77408187339893,1.80360039686645,1.80492331787529,1.83067084027376,1.89240326067018,Maintain Status Quo,Iraq,IRQ,2020-06-17,v3
2020-05-23,cumulative_infections,72499.975,83805.75,92421,92958.385,101658.25,118012.125,Relax Interventions 50%,Iraq,IRQ,2020-06-17,v3
2020-05-23,deaths,3,5,6,6.62,8,11.025,Relax Interventions 50%,Iraq,IRQ,2020-06-17,v3
2020-05-23,hospital_demand,333.8,391,443.5,446.02,495.5,585.125,Relax Interventions 50%,Iraq,IRQ,2020-06-17,v3
2020-05-23,ICU_demand,76.95,92.5,106,106.825,120,144,Relax Interventions 50%,Iraq,IRQ,2020-06-17,v3
2020-05-23,infections,4300.975,5085.75,5705,5774.595,6456,7520.325,Relax Interventions 50%,Iraq,IRQ,2020-06-17,v3
2020-05-23,Rt,1.7368275693325,1.77408187339893,1.80360039686645,1.80492331787529,1.83067084027376,1.89240326067018,Relax Interventions 50%,Iraq,IRQ,2020-06-17,v3
2020-05-23,cumulative_infections,72432.525,82996.5,91864,92489.405,100553.75,115539.65,Surged Additional 50% Reduction,Iraq,IRQ,2020-06-17,v3
2020-05-23,deaths,3,5,6,6.62,8,12,Surged Additional 50% Reduction,Iraq,IRQ,2020-06-17,v3
2020-05-23,hospital_demand,320.95,396,440,444.53,489,578.05,Surged Additional 50% Reduction,Iraq,IRQ,2020-06-17,v3
2020-05-23,ICU_demand,71.975,93,104,104.14,114,140.075,Surged Additional 50% Reduction,Iraq,IRQ,2020-06-17,v3
2020-05-23,infections,4447.575,5121.5,5714.5,5744.865,6232.25,7193.875,Surged Additional 50% Reduction,Iraq,IRQ,2020-06-17,v3
2020-05-23,Rt,1.72485069279128,1.77283979312408,1.79755285578913,1.8048647894614,1.8303921175816,1.89480765429003,Surged Additional 50% Reduction,Iraq,IRQ,2020-06-17,v3
2020-05-23,cumulative_infections,72432.525,82996.5,91864,92489.405,100553.75,115539.65,Surged Maintain Status Quo,Iraq,IRQ,2020-06-17,v3
2020-05-23,deaths,3,5,6,6.62,8,12,Surged Maintain Status Quo,Iraq,IRQ,2020-06-17,v3
2020-05-23,hospital_demand,320.95,396,440,444.53,489,578.05,Surged Maintain Status Quo,Iraq,IRQ,2020-06-17,v3
2020-05-23,ICU_demand,71.975,93,104,104.14,114,140.075,Surged Maintain Status Quo,Iraq,IRQ,2020-06-17,v3
2020-05-23,infections,4447.575,5121.5,5714.5,5744.865,6232.25,7193.875,Surged Maintain Status Quo,Iraq,IRQ,2020-06-17,v3
2020-05-23,Rt,1.72485069279128,1.77283979312408,1.79755285578913,1.8048647894614,1.8303921175816,1.89480765429003,Surged Maintain Status Quo,Iraq,IRQ,2020-06-17,v3
2020-05-23,cumulative_infections,72432.525,82996.5,91864,92489.405,100553.75,115539.65,Surged Relax Interventions 50%,Iraq,IRQ,2020-06-17,v3
2020-05-23,deaths,3,5,6,6.62,8,12,Surged Relax Interventions 50%,Iraq,IRQ,2020-06-17,v3
2020-05-23,hospital_demand,320.95,396,440,444.53,489,578.05,Surged Relax Interventions 50%,Iraq,IRQ,2020-06-17,v3
2020-05-23,ICU_demand,71.975,93,104,104.14,114,140.075,Surged Relax Interventions 50%,Iraq,IRQ,2020-06-17,v3
2020-05-23,infections,4447.575,5121.5,5714.5,5744.865,6232.25,7193.875,Surged Relax Interventions 50%,Iraq,IRQ,2020-06-17,v3
2020-05-23,Rt,1.72485069279128,1.77283979312408,1.79755285578913,1.8048647894614,1.8303921175816,1.89480765429003,Surged Relax Interventions 50%,Iraq,IRQ,2020-06-17,v3
2020-05-24,cumulative_infections,77108.95,89585.75,98401,99340.88,108825.5,126104.2,Additional 50% Reduction,Iraq,IRQ,2020-06-17,v3
2020-05-24,deaths,3,5,7,6.67,8,11.025,Additional 50% Reduction,Iraq,IRQ,2020-06-17,v3
2020-05-24,hospital_demand,373.95,429.5,487.5,491.385,552.25,648.05,Additional 50% Reduction,Iraq,IRQ,2020-06-17,v3
2020-05-24,ICU_demand,82.975,100.75,115.5,117.835,133,162.075,Additional 50% Reduction,Iraq,IRQ,2020-06-17,v3
2020-05-24,infections,4637.2,5565,6288.5,6382.495,7133,8352.95,Additional 50% Reduction,Iraq,IRQ,2020-06-17,v3
2020-05-24,Rt,1.4418969900069,1.55577865808062,1.61310966029618,1.60147692877729,1.6502496393537,1.70863150668846,Additional 50% Reduction,Iraq,IRQ,2020-06-17,v3
2020-05-24,cumulative_infections,77108.95,89585.75,98401,99340.88,108825.5,126104.2,Maintain Status Quo,Iraq,IRQ,2020-06-17,v3
2020-05-24,deaths,3,5,7,6.67,8,11.025,Maintain Status Quo,Iraq,IRQ,2020-06-17,v3
2020-05-24,hospital_demand,373.95,429.5,487.5,491.385,552.25,648.05,Maintain Status Quo,Iraq,IRQ,2020-06-17,v3
2020-05-24,ICU_demand,82.975,100.75,115.5,117.835,133,162.075,Maintain Status Quo,Iraq,IRQ,2020-06-17,v3
2020-05-24,infections,4637.2,5565,6288.5,6382.495,7133,8352.95,Maintain Status Quo,Iraq,IRQ,2020-06-17,v3
2020-05-24,Rt,1.4418969900069,1.55577865808062,1.61310966029618,1.60147692877729,1.6502496393537,1.70863150668846,Maintain Status Quo,Iraq,IRQ,2020-06-17,v3
2020-05-24,cumulative_infections,77108.95,89585.75,98401,99340.88,108825.5,126104.2,Relax Interventions 50%,Iraq,IRQ,2020-06-17,v3
2020-05-24,deaths,3,5,7,6.67,8,11.025,Relax Interventions 50%,Iraq,IRQ,2020-06-17,v3
2020-05-24,hospital_demand,373.95,429.5,487.5,491.385,552.25,648.05,Relax Interventions 50%,Iraq,IRQ,2020-06-17,v3
2020-05-24,ICU_demand,82.975,100.75,115.5,117.835,133,162.075,Relax Interventions 50%,Iraq,IRQ,2020-06-17,v3
2020-05-24,infections,4637.2,5565,6288.5,6382.495,7133,8352.95,Relax Interventions 50%,Iraq,IRQ,2020-06-17,v3
2020-05-24,Rt,1.4418969900069,1.55577865808062,1.61310966029618,1.60147692877729,1.6502496393537,1.70863150668846,Relax Interventions 50%,Iraq,IRQ,2020-06-17,v3
2020-05-24,cumulative_infections,77027.525,88814,98264,98816.79,107151.75,123550.55,Surged Additional 50% Reduction,Iraq,IRQ,2020-06-17,v3
2020-05-24,deaths,3,5,6,6.655,8,12,Surged Additional 50% Reduction,Iraq,IRQ,2020-06-17,v3
2020-05-24,hospital_demand,358.975,437.75,487.5,489.3,537.25,630.325,Surged Additional 50% Reduction,Iraq,IRQ,2020-06-17,v3
2020-05-24,ICU_demand,81.975,101,114,114.36,126,154.15,Surged Additional 50% Reduction,Iraq,IRQ,2020-06-17,v3
2020-05-24,infections,4818.675,5602.75,6313.5,6327.385,6838.25,8057.65,Surged Additional 50% Reduction,Iraq,IRQ,2020-06-17,v3
2020-05-24,Rt,1.44058174549695,1.55052869184218,1.59867844162357,1.59627097367553,1.64928598749185,1.71660661270097,Surged Additional 50% Reduction,Iraq,IRQ,2020-06-17,v3
2020-05-24,cumulative_infections,77027.525,88814,98264,98816.79,107151.75,123550.55,Surged Maintain Status Quo,Iraq,IRQ,2020-06-17,v3
2020-05-24,deaths,3,5,6,6.655,8,12,Surged Maintain Status Quo,Iraq,IRQ,2020-06-17,v3
2020-05-24,hospital_demand,358.975,437.75,487.5,489.3,537.25,630.325,Surged Maintain Status Quo,Iraq,IRQ,2020-06-17,v3
2020-05-24,ICU_demand,81.975,101,114,114.36,126,154.15,Surged Maintain Status Quo,Iraq,IRQ,2020-06-17,v3
2020-05-24,infections,4818.675,5602.75,6313.5,6327.385,6838.25,8057.65,Surged Maintain Status Quo,Iraq,IRQ,2020-06-17,v3
2020-05-24,Rt,1.44058174549695,1.55052869184218,1.59867844162357,1.59627097367553,1.64928598749185,1.71660661270097,Surged Maintain Status Quo,Iraq,IRQ,2020-06-17,v3
2020-05-24,cumulative_infections,77027.525,88814,98264,98816.79,107151.75,123550.55,Surged Relax Interventions 50%,Iraq,IRQ,2020-06-17,v3
2020-05-24,deaths,3,5,6,6.655,8,12,Surged Relax Interventions 50%,Iraq,IRQ,2020-06-17,v3
2020-05-24,hospital_demand,358.975,437.75,487.5,489.3,537.25,630.325,Surged Relax Interventions 50%,Iraq,IRQ,2020-06-17,v3
2020-05-24,ICU_demand,81.975,101,114,114.36,126,154.15,Surged Relax Interventions 50%,Iraq,IRQ,2020-06-17,v3
2020-05-24,infections,4818.675,5602.75,6313.5,6327.385,6838.25,8057.65,Surged Relax Interventions 50%,Iraq,IRQ,2020-06-17,v3
2020-05-24,Rt,1.44058174549695,1.55052869184218,1.59867844162357,1.59627097367553,1.64928598749185,1.71660661270097,Surged Relax Interventions 50%,Iraq,IRQ,2020-06-17,v3
2020-05-25,cumulative_infections,82094.125,95679.5,105462.5,106333.16,116512,134809.625,Additional 50% Reduction,Iraq,IRQ,2020-06-17,v3
2020-05-25,deaths,3,6,8,7.865,10,13,Additional 50% Reduction,Iraq,IRQ,2020-06-17,v3
2020-05-25,hospital_demand,407.925,474.75,533,541.89,606.75,703.6,Additional 50% Reduction,Iraq,IRQ,2020-06-17,v3
2020-05-25,ICU_demand,93,111,127,129.68,146,174.1,Additional 50% Reduction,Iraq,IRQ,2020-06-17,v3
2020-05-25,infections,5109.675,6122.75,6902,6992.28,7793.75,9202.7,Additional 50% Reduction,Iraq,IRQ,2020-06-17,v3
2020-05-25,Rt,1.4418969900069,1.55577865808062,1.61310966029618,1.60147692877729,1.6502496393537,1.70863150668846,Additional 50% Reduction,Iraq,IRQ,2020-06-17,v3
2020-05-25,cumulative_infections,82094.125,95679.5,105462.5,106333.16,116512,134809.625,Maintain Status Quo,Iraq,IRQ,2020-06-17,v3
2020-05-25,deaths,3,6,8,7.865,10,13,Maintain Status Quo,Iraq,IRQ,2020-06-17,v3
2020-05-25,hospital_demand,407.925,474.75,533,541.89,606.75,703.6,Maintain Status Quo,Iraq,IRQ,2020-06-17,v3
2020-05-25,ICU_demand,93,111,127,129.68,146,174.1,Maintain Status Quo,Iraq,IRQ,2020-06-17,v3
2020-05-25,infections,5109.675,6122.75,6902,6992.28,7793.75,9202.7,Maintain Status Quo,Iraq,IRQ,2020-06-17,v3
2020-05-25,Rt,1.4418969900069,1.55577865808062,1.61310966029618,1.60147692877729,1.6502496393537,1.70863150668846,Maintain Status Quo,Iraq,IRQ,2020-06-17,v3
2020-05-25,cumulative_infections,82094.125,95679.5,105462.5,106333.16,116512,134809.625,Relax Interventions 50%,Iraq,IRQ,2020-06-17,v3
2020-05-25,deaths,3,6,8,7.865,10,13,Relax Interventions 50%,Iraq,IRQ,2020-06-17,v3
2020-05-25,hospital_demand,407.925,474.75,533,541.89,606.75,703.6,Relax Interventions 50%,Iraq,IRQ,2020-06-17,v3
2020-05-25,ICU_demand,93,111,127,129.68,146,174.1,Relax Interventions 50%,Iraq,IRQ,2020-06-17,v3
2020-05-25,infections,5109.675,6122.75,6902,6992.28,7793.75,9202.7,Relax Interventions 50%,Iraq,IRQ,2020-06-17,v3
2020-05-25,Rt,1.4418969900069,1.55577865808062,1.61310966029618,1.60147692877729,1.6502496393537,1.70863150668846,Relax Interventions 50%,Iraq,IRQ,2020-06-17,v3
2020-05-25,cumulative_infections,82447.65,94899.25,105078,105761.395,114610.5,132202.175,Surged Additional 50% Reduction,Iraq,IRQ,2020-06-17,v3
2020-05-25,deaths,4,6,7,7.68,9,14.025,Surged Additional 50% Reduction,Iraq,IRQ,2020-06-17,v3
2020-05-25,hospital_demand,393.95,481.5,535.5,539.245,591.25,702.1,Surged Additional 50% Reduction,Iraq,IRQ,2020-06-17,v3
2020-05-25,ICU_demand,91.875,112,123,126.035,138,169.275,Surged Additional 50% Reduction,Iraq,IRQ,2020-06-17,v3
2020-05-25,infections,5368.95,6172.5,6926.5,6944.605,7485.5,8803.2,Surged Additional 50% Reduction,Iraq,IRQ,2020-06-17,v3
2020-05-25,Rt,1.44058174549695,1.55052869184218,1.59867844162357,1.59627097367553,1.64928598749185,1.71660661270097,Surged Additional 50% Reduction,Iraq,IRQ,2020-06-17,v3
2020-05-25,cumulative_infections,82447.65,94899.25,105078,105761.395,114610.5,132202.175,Surged Maintain Status Quo,Iraq,IRQ,2020-06-17,v3
2020-05-25,deaths,4,6,7,7.68,9,14.025,Surged Maintain Status Quo,Iraq,IRQ,2020-06-17,v3
2020-05-25,hospital_demand,393.95,481.5,535.5,539.245,591.25,702.1,Surged Maintain Status Quo,Iraq,IRQ,2020-06-17,v3
2020-05-25,ICU_demand,91.875,112,123,126.035,138,169.275,Surged Maintain Status Quo,Iraq,IRQ,2020-06-17,v3
2020-05-25,infections,5368.95,6172.5,6926.5,6944.605,7485.5,8803.2,Surged Maintain Status Quo,Iraq,IRQ,2020-06-17,v3
2020-05-25,Rt,1.44058174549695,1.55052869184218,1.59867844162357,1.59627097367553,1.64928598749185,1.71660661270097,Surged Maintain Status Quo,Iraq,IRQ,2020-06-17,v3
2020-05-25,cumulative_infections,82447.65,94899.25,105078,105761.395,114610.5,132202.175,Surged Relax Interventions 50%,Iraq,IRQ,2020-06-17,v3
2020-05-25,deaths,4,6,7,7.68,9,14.025,Surged Relax Interventions 50%,Iraq,IRQ,2020-06-17,v3
2020-05-25,hospital_demand,393.95,481.5,535.5,539.245,591.25,702.1,Surged Relax Interventions 50%,Iraq,IRQ,2020-06-17,v3
2020-05-25,ICU_demand,91.875,112,123,126.035,138,169.275,Surged Relax Interventions 50%,Iraq,IRQ,2020-06-17,v3
2020-05-25,infections,5368.95,6172.5,6926.5,6944.605,7485.5,8803.2,Surged Relax Interventions 50%,Iraq,IRQ,2020-06-17,v3
2020-05-25,Rt,1.44058174549695,1.55052869184218,1.59867844162357,1.59627097367553,1.64928598749185,1.71660661270097,Surged Relax Interventions 50%,Iraq,IRQ,2020-06-17,v3
2020-05-26,cumulative_infections,87669.75,102213.75,113104.5,113901.275,124590.75,144080.6,Additional 50% Reduction,Iraq,IRQ,2020-06-17,v3
2020-05-26,deaths,3,6,8,7.665,9,14.025,Additional 50% Reduction,Iraq,IRQ,2020-06-17,v3
2020-05-26,hospital_demand,448.925,526.25,585,598.74,669.25,770.175,Additional 50% Reduction,Iraq,IRQ,2020-06-17,v3
2020-05-26,ICU_demand,106,125,141.5,143.305,161,189.05,Additional 50% Reduction,Iraq,IRQ,2020-06-17,v3
2020-05-26,infections,5452.375,6623.25,7485.5,7568.115,8431.25,9970.05,Additional 50% Reduction,Iraq,IRQ,2020-06-17,v3
2020-05-26,Rt,1.472356586554,1.57556799159794,1.62698342222147,1.61848472745888,1.66280098817447,1.72159012707239,Additional 50% Reduction,Iraq,IRQ,2020-06-17,v3
2020-05-26,cumulative_infections,87669.75,102213.75,113104.5,113901.275,124590.75,144080.6,Maintain Status Quo,Iraq,IRQ,2020-06-17,v3
2020-05-26,deaths,3,6,8,7.665,9,14.025,Maintain Status Quo,Iraq,IRQ,2020-06-17,v3
2020-05-26,hospital_demand,448.925,526.25,585,598.74,669.25,770.175,Maintain Status Quo,Iraq,IRQ,2020-06-17,v3
2020-05-26,ICU_demand,106,125,141.5,143.305,161,189.05,Maintain Status Quo,Iraq,IRQ,2020-06-17,v3
2020-05-26,infections,5452.375,6623.25,7485.5,7568.115,8431.25,9970.05,Maintain Status Quo,Iraq,IRQ,2020-06-17,v3
2020-05-26,Rt,1.472356586554,1.57556799159794,1.62698342222147,1.61848472745888,1.66280098817447,1.72159012707239,Maintain Status Quo,Iraq,IRQ,2020-06-17,v3
2020-05-26,cumulative_infections,87669.75,102213.75,113104.5,113901.275,124590.75,144080.6,Relax Interventions 50%,Iraq,IRQ,2020-06-17,v3
2020-05-26,deaths,3,6,8,7.665,9,14.025,Relax Interventions 50%,Iraq,IRQ,2020-06-17,v3
2020-05-26,hospital_demand,448.925,526.25,585,598.74,669.25,770.175,Relax Interventions 50%,Iraq,IRQ,2020-06-17,v3
2020-05-26,ICU_demand,106,125,141.5,143.305,161,189.05,Relax Interventions 50%,Iraq,IRQ,2020-06-17,v3
2020-05-26,infections,5452.375,6623.25,7485.5,7568.115,8431.25,9970.05,Relax Interventions 50%,Iraq,IRQ,2020-06-17,v3
2020-05-26,Rt,1.472356586554,1.57556799159794,1.62698342222147,1.61848472745888,1.66280098817447,1.72159012707239,Relax Interventions 50%,Iraq,IRQ,2020-06-17,v3
2020-05-26,cumulative_infections,88331.7,101636.75,112712.5,113275.05,121926.25,141693.7,Surged Additional 50% Reduction,Iraq,IRQ,2020-06-17,v3
2020-05-26,deaths,2,5,7,7.135,9,13,Surged Additional 50% Reduction,Iraq,IRQ,2020-06-17,v3
2020-05-26,hospital_demand,442.575,530,589.5,594.385,651.25,764.075,Surged Additional 50% Reduction,Iraq,IRQ,2020-06-17,v3
2020-05-26,ICU_demand,99.95,125,138,139.895,154,192.05,Surged Additional 50% Reduction,Iraq,IRQ,2020-06-17,v3
2020-05-26,infections,5614.95,6678.5,7509.5,7513.655,8141.5,9590.55,Surged Additional 50% Reduction,Iraq,IRQ,2020-06-17,v3
2020-05-26,Rt,1.46704088076902,1.56867230554252,1.61674109281561,1.61370301020165,1.66207642332983,1.72886152737616,Surged Additional 50% Reduction,Iraq,IRQ,2020-06-17,v3
2020-05-26,cumulative_infections,88331.7,101636.75,112712.5,113275.05,121926.25,141693.7,Surged Maintain Status Quo,Iraq,IRQ,2020-06-17,v3
2020-05-26,deaths,2,5,7,7.135,9,13,Surged Maintain Status Quo,Iraq,IRQ,2020-06-17,v3
2020-05-26,hospital_demand,442.575,530,589.5,594.385,651.25,764.075,Surged Maintain Status Quo,Iraq,IRQ,2020-06-17,v3
2020-05-26,ICU_demand,99.95,125,138,139.895,154,192.05,Surged Maintain Status Quo,Iraq,IRQ,2020-06-17,v3
2020-05-26,infections,5614.95,6678.5,7509.5,7513.655,8141.5,9590.55,Surged Maintain Status Quo,Iraq,IRQ,2020-06-17,v3
2020-05-26,Rt,1.46704088076902,1.56867230554252,1.61674109281561,1.61370301020165,1.66207642332983,1.72886152737616,Surged Maintain Status Quo,Iraq,IRQ,2020-06-17,v3
2020-05-26,cumulative_infections,88331.7,101636.75,112712.5,113275.05,121926.25,141693.7,Surged Relax Interventions 50%,Iraq,IRQ,2020-06-17,v3
2020-05-26,deaths,2,5,7,7.135,9,13,Surged Relax Interventions 50%,Iraq,IRQ,2020-06-17,v3
2020-05-26,hospital_demand,442.575,530,589.5,594.385,651.25,764.075,Surged Relax Interventions 50%,Iraq,IRQ,2020-06-17,v3
2020-05-26,ICU_demand,99.95,125,138,139.895,154,192.05,Surged Relax Interventions 50%,Iraq,IRQ,2020-06-17,v3
2020-05-26,infections,5614.95,6678.5,7509.5,7513.655,8141.5,9590.55,Surged Relax Interventions 50%,Iraq,IRQ,2020-06-17,v3
2020-05-26,Rt,1.46704088076902,1.56867230554252,1.61674109281561,1.61370301020165,1.66207642332983,1.72886152737616,Surged Relax Interventions 50%,Iraq,IRQ,2020-06-17,v3
2020-05-27,cumulative_infections,93839.75,109351.5,120795.5,122060.525,133305,153868.225,Additional 50% Reduction,Iraq,IRQ,2020-06-17,v3
2020-05-27,deaths,4,7,9,8.91,11,16,Additional 50% Reduction,Iraq,IRQ,2020-06-17,v3
2020-05-27,hospital_demand,490.975,582,649,661.565,740,852.325,Additional 50% Reduction,Iraq,IRQ,2020-06-17,v3
2020-05-27,ICU_demand,114.95,139,156.5,157.745,176,209.025,Additional 50% Reduction,Iraq,IRQ,2020-06-17,v3
2020-05-27,infections,6076.075,7119.75,8016.5,8159.25,9111.5,10718.6,Additional 50% Reduction,Iraq,IRQ,2020-06-17,v3
2020-05-27,Rt,1.58418846394285,1.65630536673284,1.69054072354893,1.68708592467413,1.71707676392865,1.77393468812593,Additional 50% Reduction,Iraq,IRQ,2020-06-17,v3
2020-05-27,cumulative_infections,93839.75,109351.5,120795.5,122060.525,133305,153868.225,Maintain Status Quo,Iraq,IRQ,2020-06-17,v3
2020-05-27,deaths,4,7,9,8.91,11,16,Maintain Status Quo,Iraq,IRQ,2020-06-17,v3
2020-05-27,hospital_demand,490.975,582,649,661.565,740,852.325,Maintain Status Quo,Iraq,IRQ,2020-06-17,v3
2020-05-27,ICU_demand,114.95,139,156.5,157.745,176,209.025,Maintain Status Quo,Iraq,IRQ,2020-06-17,v3
2020-05-27,infections,6076.075,7119.75,8016.5,8159.25,9111.5,10718.6,Maintain Status Quo,Iraq,IRQ,2020-06-17,v3
2020-05-27,Rt,1.58418846394285,1.65630536673284,1.69054072354893,1.68708592467413,1.71707676392865,1.77393468812593,Maintain Status Quo,Iraq,IRQ,2020-06-17,v3
2020-05-27,cumulative_infections,93839.75,109351.5,120795.5,122060.525,133305,153868.225,Relax Interventions 50%,Iraq,IRQ,2020-06-17,v3
2020-05-27,deaths,4,7,9,8.91,11,16,Relax Interventions 50%,Iraq,IRQ,2020-06-17,v3
2020-05-27,hospital_demand,490.975,582,649,661.565,740,852.325,Relax Interventions 50%,Iraq,IRQ,2020-06-17,v3
2020-05-27,ICU_demand,114.95,139,156.5,157.745,176,209.025,Relax Interventions 50%,Iraq,IRQ,2020-06-17,v3
2020-05-27,infections,6076.075,7119.75,8016.5,8159.25,9111.5,10718.6,Relax Interventions 50%,Iraq,IRQ,2020-06-17,v3
2020-05-27,Rt,1.58418846394285,1.65630536673284,1.69054072354893,1.68708592467413,1.71707676392865,1.77393468812593,Relax Interventions 50%,Iraq,IRQ,2020-06-17,v3
2020-05-27,cumulative_infections,94823.5,108809.75,120952.5,121353.215,130282.75,151843.425,Surged Additional 50% Reduction,Iraq,IRQ,2020-06-17,v3
2020-05-27,deaths,4,7,8,8.64,10,15,Surged Additional 50% Reduction,Iraq,IRQ,2020-06-17,v3
2020-05-27,hospital_demand,479.95,585.75,652,653.57,712.25,840.35,Surged Additional 50% Reduction,Iraq,IRQ,2020-06-17,v3
2020-05-27,ICU_demand,110,138,152,154.725,169.25,210.025,Surged Additional 50% Reduction,Iraq,IRQ,2020-06-17,v3
2020-05-27,infections,6074.5,7177.25,8041,8078.165,8732.5,10373.75,Surged Additional 50% Reduction,Iraq,IRQ,2020-06-17,v3
2020-05-27,Rt,1.57035653314808,1.65164367044531,1.68413766493754,1.68402870354538,1.72548875698237,1.775890527909,Surged Additional 50% Reduction,Iraq,IRQ,2020-06-17,v3
2020-05-27,cumulative_infections,94823.5,108809.75,120952.5,121353.215,130282.75,151843.425,Surged Maintain Status Quo,Iraq,IRQ,2020-06-17,v3
2020-05-27,deaths,4,7,8,8.64,10,15,Surged Maintain Status Quo,Iraq,IRQ,2020-06-17,v3
2020-05-27,hospital_demand,479.95,585.75,652,653.57,712.25,840.35,Surged Maintain Status Quo,Iraq,IRQ,2020-06-17,v3
2020-05-27,ICU_demand,110,138,152,154.725,169.25,210.025,Surged Maintain Status Quo,Iraq,IRQ,2020-06-17,v3
2020-05-27,infections,6074.5,7177.25,8041,8078.165,8732.5,10373.75,Surged Maintain Status Quo,Iraq,IRQ,2020-06-17,v3
2020-05-27,Rt,1.57035653314808,1.65164367044531,1.68413766493754,1.68402870354538,1.72548875698237,1.775890527909,Surged Maintain Status Quo,Iraq,IRQ,2020-06-17,v3
2020-05-27,cumulative_infections,94823.5,108809.75,120952.5,121353.215,130282.75,151843.425,Surged Relax Interventions 50%,Iraq,IRQ,2020-06-17,v3
2020-05-27,deaths,4,7,8,8.64,10,15,Surged Relax Interventions 50%,Iraq,IRQ,2020-06-17,v3
2020-05-27,hospital_demand,479.95,585.75,652,653.57,712.25,840.35,Surged Relax Interventions 50%,Iraq,IRQ,2020-06-17,v3
2020-05-27,ICU_demand,110,138,152,154.725,169.25,210.025,Surged Relax Interventions 50%,Iraq,IRQ,2020-06-17,v3
2020-05-27,infections,6074.5,7177.25,8041,8078.165,8732.5,10373.75,Surged Relax Interventions 50%,Iraq,IRQ,2020-06-17,v3
2020-05-27,Rt,1.57035653314808,1.65164367044531,1.68413766493754,1.68402870354538,1.72548875698237,1.775890527909,Surged Relax Interventions 50%,Iraq,IRQ,2020-06-17,v3
2020-05-28,cumulative_infections,100596.375,116938.75,128378,130849.5,143318.5,164542.625,Additional 50% Reduction,Iraq,IRQ,2020-06-17,v3
2020-05-28,deaths,4,7,9.5,9.485,11,17,Additional 50% Reduction,Iraq,IRQ,2020-06-17,v3
2020-05-28,hospital_demand,539.85,637.75,713,727.08,809.25,943.425,Additional 50% Reduction,Iraq,IRQ,2020-06-17,v3
2020-05-28,ICU_demand,128.95,153,171.5,173.865,194,229.025,Additional 50% Reduction,Iraq,IRQ,2020-06-17,v3
2020-05-28,infections,6467.05,7635.75,8628.5,8788.975,9812,11678.575,Additional 50% Reduction,Iraq,IRQ,2020-06-17,v3
2020-05-28,Rt,1.55050988859719,1.63200854819965,1.67083643098798,1.66412464706709,1.69810187575548,1.75635333061756,Additional 50% Reduction,Iraq,IRQ,2020-06-17,v3
2020-05-28,cumulative_infections,100596.375,116938.75,128378,130849.5,143318.5,164542.625,Maintain Status Quo,Iraq,IRQ,2020-06-17,v3
2020-05-28,deaths,4,7,9.5,9.485,11,17,Maintain Status Quo,Iraq,IRQ,2020-06-17,v3
2020-05-28,hospital_demand,539.85,637.75,713,727.08,809.25,943.425,Maintain Status Quo,Iraq,IRQ,2020-06-17,v3
2020-05-28,ICU_demand,128.95,153,171.5,173.865,194,229.025,Maintain Status Quo,Iraq,IRQ,2020-06-17,v3
2020-05-28,infections,6467.05,7635.75,8628.5,8788.975,9812,11678.575,Maintain Status Quo,Iraq,IRQ,2020-06-17,v3
2020-05-28,Rt,1.55050988859719,1.63200854819965,1.67083643098798,1.66412464706709,1.69810187575548,1.75635333061756,Maintain Status Quo,Iraq,IRQ,2020-06-17,v3
2020-05-28,cumulative_infections,100596.375,116938.75,128378,130849.5,143318.5,164542.625,Relax Interventions 50%,Iraq,IRQ,2020-06-17,v3
2020-05-28,deaths,4,7,9.5,9.485,11,17,Relax Interventions 50%,Iraq,IRQ,2020-06-17,v3
2020-05-28,hospital_demand,539.85,637.75,713,727.08,809.25,943.425,Relax Interventions 50%,Iraq,IRQ,2020-06-17,v3
2020-05-28,ICU_demand,128.95,153,171.5,173.865,194,229.025,Relax Interventions 50%,Iraq,IRQ,2020-06-17,v3
2020-05-28,infections,6467.05,7635.75,8628.5,8788.975,9812,11678.575,Relax Interventions 50%,Iraq,IRQ,2020-06-17,v3
2020-05-28,Rt,1.55050988859719,1.63200854819965,1.67083643098798,1.66412464706709,1.69810187575548,1.75635333061756,Relax Interventions 50%,Iraq,IRQ,2020-06-17,v3
2020-05-28,cumulative_infections,101863.15,116181.5,129744,130064.925,140154.25,162999.1,Surged Additional 50% Reduction,Iraq,IRQ,2020-06-17,v3
2020-05-28,deaths,4,7,9,9.38,11,16,Surged Additional 50% Reduction,Iraq,IRQ,2020-06-17,v3
2020-05-28,hospital_demand,542.8,648,715.5,718.71,781.5,952.025,Surged Additional 50% Reduction,Iraq,IRQ,2020-06-17,v3
2020-05-28,ICU_demand,121.9,152.75,168.5,170.785,188.25,228.05,Surged Additional 50% Reduction,Iraq,IRQ,2020-06-17,v3
2020-05-28,infections,6462.45,7778,8715.5,8711.71,9475,11256.1,Surged Additional 50% Reduction,Iraq,IRQ,2020-06-17,v3
2020-05-28,Rt,1.53821011735316,1.62423007745301,1.6618040276925,1.66048805279535,1.70485057452351,1.76040341799909,Surged Additional 50% Reduction,Iraq,IRQ,2020-06-17,v3
2020-05-28,cumulative_infections,101863.15,116181.5,129744,130064.925,140154.25,162999.1,Surged Maintain Status Quo,Iraq,IRQ,2020-06-17,v3
2020-05-28,deaths,4,7,9,9.38,11,16,Surged Maintain Status Quo,Iraq,IRQ,2020-06-17,v3
2020-05-28,hospital_demand,542.8,648,715.5,718.71,781.5,952.025,Surged Maintain Status Quo,Iraq,IRQ,2020-06-17,v3
2020-05-28,ICU_demand,121.9,152.75,168.5,170.785,188.25,228.05,Surged Maintain Status Quo,Iraq,IRQ,2020-06-17,v3
2020-05-28,infections,6462.45,7778,8715.5,8711.71,9475,11256.1,Surged Maintain Status Quo,Iraq,IRQ,2020-06-17,v3
2020-05-28,Rt,1.53821011735316,1.62423007745301,1.6618040276925,1.66048805279535,1.70485057452351,1.76040341799909,Surged Maintain Status Quo,Iraq,IRQ,2020-06-17,v3
2020-05-28,cumulative_infections,101863.15,116181.5,129744,130064.925,140154.25,162999.1,Surged Relax Interventions 50%,Iraq,IRQ,2020-06-17,v3
2020-05-28,deaths,4,7,9,9.38,11,16,Surged Relax Interventions 50%,Iraq,IRQ,2020-06-17,v3
2020-05-28,hospital_demand,542.8,648,715.5,718.71,781.5,952.025,Surged Relax Interventions 50%,Iraq,IRQ,2020-06-17,v3
2020-05-28,ICU_demand,121.9,152.75,168.5,170.785,188.25,228.05,Surged Relax Interventions 50%,Iraq,IRQ,2020-06-17,v3
2020-05-28,infections,6462.45,7778,8715.5,8711.71,9475,11256.1,Surged Relax Interventions 50%,Iraq,IRQ,2020-06-17,v3
2020-05-28,Rt,1.53821011735316,1.62423007745301,1.6618040276925,1.66048805279535,1.70485057452351,1.76040341799909,Surged Relax Interventions 50%,Iraq,IRQ,2020-06-17,v3
2020-05-29,cumulative_infections,107751.825,125387.75,137834.5,140391.98,154140.5,175390.45,Additional 50% Reduction,Iraq,IRQ,2020-06-17,v3
2020-05-29,deaths,4,7,10,9.985,13,17,Additional 50% Reduction,Iraq,IRQ,2020-06-17,v3
2020-05-29,hospital_demand,601.75,696,786,799.745,891.25,1038.2,Additional 50% Reduction,Iraq,IRQ,2020-06-17,v3
2020-05-29,ICU_demand,136.975,167,192,191.8,213,250.05,Additional 50% Reduction,Iraq,IRQ,2020-06-17,v3
2020-05-29,infections,7030.475,8320.5,9376.5,9542.48,10730.5,12597.8,Additional 50% Reduction,Iraq,IRQ,2020-06-17,v3
2020-05-29,Rt,1.55050988859719,1.63200854819965,1.67083643098798,1.66412464706709,1.69810187575548,1.75635333061756,Additional 50% Reduction,Iraq,IRQ,2020-06-17,v3
2020-05-29,cumulative_infections,107751.825,125387.75,137834.5,140391.98,154140.5,175390.45,Maintain Status Quo,Iraq,IRQ,2020-06-17,v3
2020-05-29,deaths,4,7,10,9.985,13,17,Maintain Status Quo,Iraq,IRQ,2020-06-17,v3
2020-05-29,hospital_demand,601.75,696,786,799.745,891.25,1038.2,Maintain Status Quo,Iraq,IRQ,2020-06-17,v3
2020-05-29,ICU_demand,136.975,167,192,191.8,213,250.05,Maintain Status Quo,Iraq,IRQ,2020-06-17,v3
2020-05-29,infections,7030.475,8320.5,9376.5,9542.48,10730.5,12597.8,Maintain Status Quo,Iraq,IRQ,2020-06-17,v3
2020-05-29,Rt,1.55050988859719,1.63200854819965,1.67083643098798,1.66412464706709,1.69810187575548,1.75635333061756,Maintain Status Quo,Iraq,IRQ,2020-06-17,v3
2020-05-29,cumulative_infections,107751.825,125387.75,137834.5,140391.98,154140.5,175390.45,Relax Interventions 50%,Iraq,IRQ,2020-06-17,v3
2020-05-29,deaths,4,7,10,9.985,13,17,Relax Interventions 50%,Iraq,IRQ,2020-06-17,v3
2020-05-29,hospital_demand,601.75,696,786,799.745,891.25,1038.2,Relax Interventions 50%,Iraq,IRQ,2020-06-17,v3
2020-05-29,ICU_demand,136.975,167,192,191.8,213,250.05,Relax Interventions 50%,Iraq,IRQ,2020-06-17,v3
2020-05-29,infections,7030.475,8320.5,9376.5,9542.48,10730.5,12597.8,Relax Interventions 50%,Iraq,IRQ,2020-06-17,v3
2020-05-29,Rt,1.55050988859719,1.63200854819965,1.67083643098798,1.66412464706709,1.69810187575548,1.75635333061756,Relax Interventions 50%,Iraq,IRQ,2020-06-17,v3
2020-05-29,cumulative_infections,109400.2,124774.75,139785,139526.935,150601.25,174926.325,Surged Additional 50% Reduction,Iraq,IRQ,2020-06-17,v3
2020-05-29,deaths,4.975,8,10,10.1,12,17,Surged Additional 50% Reduction,Iraq,IRQ,2020-06-17,v3
2020-05-29,hospital_demand,603.95,716,782.5,789.655,858,1043.05,Surged Additional 50% Reduction,Iraq,IRQ,2020-06-17,v3
2020-05-29,ICU_demand,137.925,169,187,188.58,208,251.05,Surged Additional 50% Reduction,Iraq,IRQ,2020-06-17,v3
2020-05-29,infections,7094.025,8409,9459.5,9462.01,10330.75,12311.375,Surged Additional 50% Reduction,Iraq,IRQ,2020-06-17,v3
2020-05-29,Rt,1.53821011735316,1.62423007745301,1.6618040276925,1.66048805279535,1.70485057452351,1.76040341799909,Surged Additional 50% Reduction,Iraq,IRQ,2020-06-17,v3
2020-05-29,cumulative_infections,109400.2,124774.75,139785,139526.935,150601.25,174926.325,Surged Maintain Status Quo,Iraq,IRQ,2020-06-17,v3
2020-05-29,deaths,4.975,8,10,10.1,12,17,Surged Maintain Status Quo,Iraq,IRQ,2020-06-17,v3
2020-05-29,hospital_demand,603.95,716,782.5,789.655,858,1043.05,Surged Maintain Status Quo,Iraq,IRQ,2020-06-17,v3
2020-05-29,ICU_demand,137.925,169,187,188.58,208,251.05,Surged Maintain Status Quo,Iraq,IRQ,2020-06-17,v3
2020-05-29,infections,7094.025,8409,9459.5,9462.01,10330.75,12311.375,Surged Maintain Status Quo,Iraq,IRQ,2020-06-17,v3
2020-05-29,Rt,1.53821011735316,1.62423007745301,1.6618040276925,1.66048805279535,1.70485057452351,1.76040341799909,Surged Maintain Status Quo,Iraq,IRQ,2020-06-17,v3
2020-05-29,cumulative_infections,109400.2,124774.75,139785,139526.935,150601.25,174926.325,Surged Relax Interventions 50%,Iraq,IRQ,2020-06-17,v3
2020-05-29,deaths,4.975,8,10,10.1,12,17,Surged Relax Interventions 50%,Iraq,IRQ,2020-06-17,v3
2020-05-29,hospital_demand,603.95,716,782.5,789.655,858,1043.05,Surged Relax Interventions 50%,Iraq,IRQ,2020-06-17,v3
2020-05-29,ICU_demand,137.925,169,187,188.58,208,251.05,Surged Relax Interventions 50%,Iraq,IRQ,2020-06-17,v3
2020-05-29,infections,7094.025,8409,9459.5,9462.01,10330.75,12311.375,Surged Relax Interventions 50%,Iraq,IRQ,2020-06-17,v3
2020-05-29,Rt,1.53821011735316,1.62423007745301,1.6618040276925,1.66048805279535,1.70485057452351,1.76040341799909,Surged Relax Interventions 50%,Iraq,IRQ,2020-06-17,v3
2020-05-30,cumulative_infections,115731.875,134730.5,148808,150766.08,165137,189550.7,Additional 50% Reduction,Iraq,IRQ,2020-06-17,v3
2020-05-30,deaths,5,9,11.5,11.57,14,19,Additional 50% Reduction,Iraq,IRQ,2020-06-17,v3
2020-05-30,hospital_demand,658.975,766,863,876.99,979.25,1149.05,Additional 50% Reduction,Iraq,IRQ,2020-06-17,v3
2020-05-30,ICU_demand,152.975,184,210,210.635,234.75,274.05,Additional 50% Reduction,Iraq,IRQ,2020-06-17,v3
2020-05-30,infections,7623.75,8979,10190.5,10374.1,11690.75,13764.025,Additional 50% Reduction,Iraq,IRQ,2020-06-17,v3
2020-05-30,Rt,1.55050988859719,1.63200854819965,1.67083643098798,1.66412464706709,1.69810187575548,1.75635333061756,Additional 50% Reduction,Iraq,IRQ,2020-06-17,v3
2020-05-30,cumulative_infections,115731.875,134730.5,148808,150766.08,165137,189550.7,Maintain Status Quo,Iraq,IRQ,2020-06-17,v3
2020-05-30,deaths,5,9,11.5,11.57,14,19,Maintain Status Quo,Iraq,IRQ,2020-06-17,v3
2020-05-30,hospital_demand,658.975,766,863,876.99,979.25,1149.05,Maintain Status Quo,Iraq,IRQ,2020-06-17,v3
2020-05-30,ICU_demand,152.975,184,210,210.635,234.75,274.05,Maintain Status Quo,Iraq,IRQ,2020-06-17,v3
2020-05-30,infections,7623.75,8979,10190.5,10374.1,11690.75,13764.025,Maintain Status Quo,Iraq,IRQ,2020-06-17,v3
2020-05-30,Rt,1.55050988859719,1.63200854819965,1.67083643098798,1.66412464706709,1.69810187575548,1.75635333061756,Maintain Status Quo,Iraq,IRQ,2020-06-17,v3
2020-05-30,cumulative_infections,115731.875,134730.5,148808,150766.08,165137,189550.7,Relax Interventions 50%,Iraq,IRQ,2020-06-17,v3
2020-05-30,deaths,5,9,11.5,11.57,14,19,Relax Interventions 50%,Iraq,IRQ,2020-06-17,v3
2020-05-30,hospital_demand,658.975,766,863,876.99,979.25,1149.05,Relax Interventions 50%,Iraq,IRQ,2020-06-17,v3
2020-05-30,ICU_demand,152.975,184,210,210.635,234.75,274.05,Relax Interventions 50%,Iraq,IRQ,2020-06-17,v3
2020-05-30,infections,7623.75,8979,10190.5,10374.1,11690.75,13764.025,Relax Interventions 50%,Iraq,IRQ,2020-06-17,v3
2020-05-30,Rt,1.55050988859719,1.63200854819965,1.67083643098798,1.66412464706709,1.69810187575548,1.75635333061756,Relax Interventions 50%,Iraq,IRQ,2020-06-17,v3
2020-05-30,cumulative_infections,117470.15,133854.75,150321.5,149785.735,162049.25,187777.15,Surged Additional 50% Reduction,Iraq,IRQ,2020-06-17,v3
2020-05-30,deaths,5,9,11,11.27,13,19.025,Surged Additional 50% Reduction,Iraq,IRQ,2020-06-17,v3
2020-05-30,hospital_demand,664.375,778.75,859.5,867.855,941.25,1131.175,Surged Additional 50% Reduction,Iraq,IRQ,2020-06-17,v3
2020-05-30,ICU_demand,153.925,185.75,202,206.9,229.25,270,Surged Additional 50% Reduction,Iraq,IRQ,2020-06-17,v3
2020-05-30,infections,7558.8,9111.75,10197,10258.8,11265,13395.125,Surged Additional 50% Reduction,Iraq,IRQ,2020-06-17,v3
2020-05-30,Rt,1.53821011735316,1.62423007745301,1.6618040276925,1.66048805279535,1.70485057452351,1.76040341799909,Surged Additional 50% Reduction,Iraq,IRQ,2020-06-17,v3
2020-05-30,cumulative_infections,117470.15,133854.75,150321.5,149785.735,162049.25,187777.15,Surged Maintain Status Quo,Iraq,IRQ,2020-06-17,v3
2020-05-30,deaths,5,9,11,11.27,13,19.025,Surged Maintain Status Quo,Iraq,IRQ,2020-06-17,v3
2020-05-30,hospital_demand,664.375,778.75,859.5,867.855,941.25,1131.175,Surged Maintain Status Quo,Iraq,IRQ,2020-06-17,v3
2020-05-30,ICU_demand,153.925,185.75,202,206.9,229.25,270,Surged Maintain Status Quo,Iraq,IRQ,2020-06-17,v3
2020-05-30,infections,7558.8,9111.75,10197,10258.8,11265,13395.125,Surged Maintain Status Quo,Iraq,IRQ,2020-06-17,v3
2020-05-30,Rt,1.53821011735316,1.62423007745301,1.6618040276925,1.66048805279535,1.70485057452351,1.76040341799909,Surged Maintain Status Quo,Iraq,IRQ,2020-06-17,v3
2020-05-30,cumulative_infections,117470.15,133854.75,150321.5,149785.735,162049.25,187777.15,Surged Relax Interventions 50%,Iraq,IRQ,2020-06-17,v3
2020-05-30,deaths,5,9,11,11.27,13,19.025,Surged Relax Interventions 50%,Iraq,IRQ,2020-06-17,v3
2020-05-30,hospital_demand,664.375,778.75,859.5,867.855,941.25,1131.175,Surged Relax Interventions 50%,Iraq,IRQ,2020-06-17,v3
2020-05-30,ICU_demand,153.925,185.75,202,206.9,229.25,270,Surged Relax Interventions 50%,Iraq,IRQ,2020-06-17,v3
2020-05-30,infections,7558.8,9111.75,10197,10258.8,11265,13395.125,Surged Relax Interventions 50%,Iraq,IRQ,2020-06-17,v3
2020-05-30,Rt,1.53821011735316,1.62423007745301,1.6618040276925,1.66048805279535,1.70485057452351,1.76040341799909,Surged Relax Interventions 50%,Iraq,IRQ,2020-06-17,v3
2020-05-31,cumulative_infections,124292.975,144656.75,160651.5,162108.89,177986.25,205528.575,Additional 50% Reduction,Iraq,IRQ,2020-06-17,v3
2020-05-31,deaths,7,10.75,13,13.24,15.25,22,Additional 50% Reduction,Iraq,IRQ,2020-06-17,v3
2020-05-31,hospital_demand,722.975,844,942.5,958.875,1073.25,1253.125,Additional 50% Reduction,Iraq,IRQ,2020-06-17,v3
2020-05-31,ICU_demand,161,202,227.5,230.76,259.25,305.025,Additional 50% Reduction,Iraq,IRQ,2020-06-17,v3
2020-05-31,infections,8287.55,9851.25,11179,11342.81,12814.75,15099.125,Additional 50% Reduction,Iraq,IRQ,2020-06-17,v3
2020-05-31,Rt,1.63733017591552,1.6946204197732,1.7232926318393,1.72360894243329,1.75492592919671,1.80878419385939,Additional 50% Reduction,Iraq,IRQ,2020-06-17,v3
2020-05-31,cumulative_infections,124292.975,144656.75,160651.5,162108.89,177986.25,205528.575,Maintain Status Quo,Iraq,IRQ,2020-06-17,v3
2020-05-31,deaths,7,10.75,13,13.24,15.25,22,Maintain Status Quo,Iraq,IRQ,2020-06-17,v3
2020-05-31,hospital_demand,722.975,844,942.5,958.875,1073.25,1253.125,Maintain Status Quo,Iraq,IRQ,2020-06-17,v3
2020-05-31,ICU_demand,161,202,227.5,230.76,259.25,305.025,Maintain Status Quo,Iraq,IRQ,2020-06-17,v3
2020-05-31,infections,8287.55,9851.25,11179,11342.81,12814.75,15099.125,Maintain Status Quo,Iraq,IRQ,2020-06-17,v3
2020-05-31,Rt,1.63733017591552,1.6946204197732,1.7232926318393,1.72360894243329,1.75492592919671,1.80878419385939,Maintain Status Quo,Iraq,IRQ,2020-06-17,v3
2020-05-31,cumulative_infections,124292.975,144656.75,160651.5,162108.89,177986.25,205528.575,Relax Interventions 50%,Iraq,IRQ,2020-06-17,v3
2020-05-31,deaths,7,10.75,13,13.24,15.25,22,Relax Interventions 50%,Iraq,IRQ,2020-06-17,v3
2020-05-31,hospital_demand,722.975,844,942.5,958.875,1073.25,1253.125,Relax Interventions 50%,Iraq,IRQ,2020-06-17,v3
2020-05-31,ICU_demand,161,202,227.5,230.76,259.25,305.025,Relax Interventions 50%,Iraq,IRQ,2020-06-17,v3
2020-05-31,infections,8287.55,9851.25,11179,11342.81,12814.75,15099.125,Relax Interventions 50%,Iraq,IRQ,2020-06-17,v3
2020-05-31,Rt,1.63733017591552,1.6946204197732,1.7232926318393,1.72360894243329,1.75492592919671,1.80878419385939,Relax Interventions 50%,Iraq,IRQ,2020-06-17,v3
2020-05-31,cumulative_infections,126356.45,143826.75,161098,161010.92,173938.25,202055.95,Surged Additional 50% Reduction,Iraq,IRQ,2020-06-17,v3
2020-05-31,deaths,6,10,13,13.135,16,21.025,Surged Additional 50% Reduction,Iraq,IRQ,2020-06-17,v3
2020-05-31,hospital_demand,729.975,847.75,939.5,947.815,1034,1245.05,Surged Additional 50% Reduction,Iraq,IRQ,2020-06-17,v3
2020-05-31,ICU_demand,172.825,203.75,226,227.38,251,293,Surged Additional 50% Reduction,Iraq,IRQ,2020-06-17,v3
2020-05-31,infections,8226.725,10013,11097.5,11225.185,12283.25,14799.45,Surged Additional 50% Reduction,Iraq,IRQ,2020-06-17,v3
2020-05-31,Rt,1.62664942935877,1.69458539099359,1.71747007779919,1.72147711238754,1.75666938206182,1.80496667541107,Surged Additional 50% Reduction,Iraq,IRQ,2020-06-17,v3
2020-05-31,cumulative_infections,126356.45,143826.75,161098,161010.92,173938.25,202055.95,Surged Maintain Status Quo,Iraq,IRQ,2020-06-17,v3
2020-05-31,deaths,6,10,13,13.135,16,21.025,Surged Maintain Status Quo,Iraq,IRQ,2020-06-17,v3
2020-05-31,hospital_demand,729.975,847.75,939.5,947.815,1034,1245.05,Surged Maintain Status Quo,Iraq,IRQ,2020-06-17,v3
2020-05-31,ICU_demand,172.825,203.75,226,227.38,251,293,Surged Maintain Status Quo,Iraq,IRQ,2020-06-17,v3
2020-05-31,infections,8226.725,10013,11097.5,11225.185,12283.25,14799.45,Surged Maintain Status Quo,Iraq,IRQ,2020-06-17,v3
2020-05-31,Rt,1.62664942935877,1.69458539099359,1.71747007779919,1.72147711238754,1.75666938206182,1.80496667541107,Surged Maintain Status Quo,Iraq,IRQ,2020-06-17,v3
2020-05-31,cumulative_infections,126356.45,143826.75,161098,161010.92,173938.25,202055.95,Surged Relax Interventions 50%,Iraq,IRQ,2020-06-17,v3
2020-05-31,deaths,6,10,13,13.135,16,21.025,Surged Relax Interventions 50%,Iraq,IRQ,2020-06-17,v3
2020-05-31,hospital_demand,729.975,847.75,939.5,947.815,1034,1245.05,Surged Relax Interventions 50%,Iraq,IRQ,2020-06-17,v3
2020-05-31,ICU_demand,172.825,203.75,226,227.38,251,293,Surged Relax Interventions 50%,Iraq,IRQ,2020-06-17,v3
2020-05-31,infections,8226.725,10013,11097.5,11225.185,12283.25,14799.45,Surged Relax Interventions 50%,Iraq,IRQ,2020-06-17,v3
2020-05-31,Rt,1.62664942935877,1.69458539099359,1.71747007779919,1.72147711238754,1.75666938206182,1.80496667541107,Surged Relax Interventions 50%,Iraq,IRQ,2020-06-17,v3
2020-06-01,cumulative_infections,133618.05,155560.5,172692.5,174512.37,192263.25,223313.425,Additional 50% Reduction,Iraq,IRQ,2020-06-17,v3
2020-06-01,deaths,7,11,14,13.925,17,23.025,Additional 50% Reduction,Iraq,IRQ,2020-06-17,v3
2020-06-01,hospital_demand,772.875,916.25,1028,1046.92,1161.5,1354.5,Additional 50% Reduction,Iraq,IRQ,2020-06-17,v3
2020-06-01,ICU_demand,186.95,222,249,253.725,283.25,333.025,Additional 50% Reduction,Iraq,IRQ,2020-06-17,v3
2020-06-01,infections,9022.55,10733.75,12201,12403.48,14002.25,16431.175,Additional 50% Reduction,Iraq,IRQ,2020-06-17,v3
2020-06-01,Rt,1.67070840510754,1.71636334677096,1.74637512294668,1.74676930569076,1.77491928184801,1.82508905708988,Additional 50% Reduction,Iraq,IRQ,2020-06-17,v3
2020-06-01,cumulative_infections,133618.05,155560.5,172692.5,174512.37,192263.25,223313.425,Maintain Status Quo,Iraq,IRQ,2020-06-17,v3
2020-06-01,deaths,7,11,14,13.925,17,23.025,Maintain Status Quo,Iraq,IRQ,2020-06-17,v3
2020-06-01,hospital_demand,772.875,916.25,1028,1046.92,1161.5,1354.5,Maintain Status Quo,Iraq,IRQ,2020-06-17,v3
2020-06-01,ICU_demand,186.95,222,249,253.725,283.25,333.025,Maintain Status Quo,Iraq,IRQ,2020-06-17,v3
2020-06-01,infections,9022.55,10733.75,12201,12403.48,14002.25,16431.175,Maintain Status Quo,Iraq,IRQ,2020-06-17,v3
2020-06-01,Rt,1.67070840510754,1.71636334677096,1.74637512294668,1.74676930569076,1.77491928184801,1.82508905708988,Maintain Status Quo,Iraq,IRQ,2020-06-17,v3
2020-06-01,cumulative_infections,133618.05,155560.5,172692.5,174512.37,192263.25,223313.425,Relax Interventions 50%,Iraq,IRQ,2020-06-17,v3
2020-06-01,deaths,7,11,14,13.925,17,23.025,Relax Interventions 50%,Iraq,IRQ,2020-06-17,v3
2020-06-01,hospital_demand,772.875,916.25,1028,1046.92,1161.5,1354.5,Relax Interventions 50%,Iraq,IRQ,2020-06-17,v3
2020-06-01,ICU_demand,186.95,222,249,253.725,283.25,333.025,Relax Interventions 50%,Iraq,IRQ,2020-06-17,v3
2020-06-01,infections,9022.55,10733.75,12201,12403.48,14002.25,16431.175,Relax Interventions 50%,Iraq,IRQ,2020-06-17,v3
2020-06-01,Rt,1.67070840510754,1.71636334677096,1.74637512294668,1.74676930569076,1.77491928184801,1.82508905708988,Relax Interventions 50%,Iraq,IRQ,2020-06-17,v3
2020-06-01,cumulative_infections,136085.325,154912.5,173079,173290.655,186715.75,218246.5,Surged Additional 50% Reduction,Iraq,IRQ,2020-06-17,v3
2020-06-01,deaths,7,11,13,13.7,16,22,Surged Additional 50% Reduction,Iraq,IRQ,2020-06-17,v3
2020-06-01,hospital_demand,791.625,931.75,1033,1038.785,1123.25,1348.275,Surged Additional 50% Reduction,Iraq,IRQ,2020-06-17,v3
2020-06-01,ICU_demand,182.95,223,246.5,249.4,274,329.05,Surged Additional 50% Reduction,Iraq,IRQ,2020-06-17,v3
2020-06-01,infections,9019.325,10910.25,12191,12279.735,13428.5,16021.95,Surged Additional 50% Reduction,Iraq,IRQ,2020-06-17,v3
2020-06-01,Rt,1.66004100592247,1.71697473808909,1.74046188957384,1.74522639582212,1.77803735695633,1.82941603695205,Surged Additional 50% Reduction,Iraq,IRQ,2020-06-17,v3
2020-06-01,cumulative_infections,136085.325,154912.5,173079,173290.655,186715.75,218246.5,Surged Maintain Status Quo,Iraq,IRQ,2020-06-17,v3
2020-06-01,deaths,7,11,13,13.7,16,22,Surged Maintain Status Quo,Iraq,IRQ,2020-06-17,v3
2020-06-01,hospital_demand,791.625,931.75,1033,1038.785,1123.25,1348.275,Surged Maintain Status Quo,Iraq,IRQ,2020-06-17,v3
2020-06-01,ICU_demand,182.95,223,246.5,249.4,274,329.05,Surged Maintain Status Quo,Iraq,IRQ,2020-06-17,v3
2020-06-01,infections,9019.325,10910.25,12191,12279.735,13428.5,16021.95,Surged Maintain Status Quo,Iraq,IRQ,2020-06-17,v3
2020-06-01,Rt,1.66004100592247,1.71697473808909,1.74046188957384,1.74522639582212,1.77803735695633,1.82941603695205,Surged Maintain Status Quo,Iraq,IRQ,2020-06-17,v3
2020-06-01,cumulative_infections,136085.325,154912.5,173079,173290.655,186715.75,218246.5,Surged Relax Interventions 50%,Iraq,IRQ,2020-06-17,v3
2020-06-01,deaths,7,11,13,13.7,16,22,Surged Relax Interventions 50%,Iraq,IRQ,2020-06-17,v3
2020-06-01,hospital_demand,791.625,931.75,1033,1038.785,1123.25,1348.275,Surged Relax Interventions 50%,Iraq,IRQ,2020-06-17,v3
2020-06-01,ICU_demand,182.95,223,246.5,249.4,274,329.05,Surged Relax Interventions 50%,Iraq,IRQ,2020-06-17,v3
2020-06-01,infections,9019.325,10910.25,12191,12279.735,13428.5,16021.95,Surged Relax Interventions 50%,Iraq,IRQ,2020-06-17,v3
2020-06-01,Rt,1.66004100592247,1.71697473808909,1.74046188957384,1.74522639582212,1.77803735695633,1.82941603695205,Surged Relax Interventions 50%,Iraq,IRQ,2020-06-17,v3
2020-06-02,cumulative_infections,143959.725,167292.25,186404,188094.95,207979,242819.1,Additional 50% Reduction,Iraq,IRQ,2020-06-17,v3
2020-06-02,deaths,8.975,13,15,15.28,18,23,Additional 50% Reduction,Iraq,IRQ,2020-06-17,v3
2020-06-02,hospital_demand,845.75,995,1127,1144.87,1278,1498.225,Additional 50% Reduction,Iraq,IRQ,2020-06-17,v3
2020-06-02,ICU_demand,209.85,242.75,272,276.795,306.25,360,Additional 50% Reduction,Iraq,IRQ,2020-06-17,v3
2020-06-02,infections,9736.65,11747.25,13337,13582.58,15242.5,18131.9,Additional 50% Reduction,Iraq,IRQ,2020-06-17,v3
2020-06-02,Rt,1.47917997808873,1.58048151263038,1.63006674070608,1.62227253333379,1.66584906556734,1.72447257519079,Additional 50% Reduction,Iraq,IRQ,2020-06-17,v3
2020-06-02,cumulative_infections,143959.725,167292.25,186404,188094.95,207979,242819.1,Maintain Status Quo,Iraq,IRQ,2020-06-17,v3
2020-06-02,deaths,8.975,13,15,15.28,18,23,Maintain Status Quo,Iraq,IRQ,2020-06-17,v3
2020-06-02,hospital_demand,845.75,995,1127,1144.87,1278,1498.225,Maintain Status Quo,Iraq,IRQ,2020-06-17,v3
2020-06-02,ICU_demand,209.85,242.75,272,276.795,306.25,360,Maintain Status Quo,Iraq,IRQ,2020-06-17,v3
2020-06-02,infections,9736.65,11747.25,13337,13582.58,15242.5,18131.9,Maintain Status Quo,Iraq,IRQ,2020-06-17,v3
2020-06-02,Rt,1.47917997808873,1.58048151263038,1.63006674070608,1.62227253333379,1.66584906556734,1.72447257519079,Maintain Status Quo,Iraq,IRQ,2020-06-17,v3
2020-06-02,cumulative_infections,143959.725,167292.25,186404,188094.95,207979,242819.1,Relax Interventions 50%,Iraq,IRQ,2020-06-17,v3
2020-06-02,deaths,8.975,13,15,15.28,18,23,Relax Interventions 50%,Iraq,IRQ,2020-06-17,v3
2020-06-02,hospital_demand,845.75,995,1127,1144.87,1278,1498.225,Relax Interventions 50%,Iraq,IRQ,2020-06-17,v3
2020-06-02,ICU_demand,209.85,242.75,272,276.795,306.25,360,Relax Interventions 50%,Iraq,IRQ,2020-06-17,v3
2020-06-02,infections,9736.65,11747.25,13337,13582.58,15242.5,18131.9,Relax Interventions 50%,Iraq,IRQ,2020-06-17,v3
2020-06-02,Rt,1.47917997808873,1.58048151263038,1.63006674070608,1.62227253333379,1.66584906556734,1.72447257519079,Relax Interventions 50%,Iraq,IRQ,2020-06-17,v3
2020-06-02,cumulative_infections,146797.225,166828.75,186267,186727.6,200828,235988.95,Surged Additional 50% Reduction,Iraq,IRQ,2020-06-17,v3
2020-06-02,deaths,8,12,15,15.275,18,24.025,Surged Additional 50% Reduction,Iraq,IRQ,2020-06-17,v3
2020-06-02,hospital_demand,865.5,1020.25,1130.5,1135.345,1224,1484.125,Surged Additional 50% Reduction,Iraq,IRQ,2020-06-17,v3
2020-06-02,ICU_demand,198.9,243,271.5,272.585,298.25,365.075,Surged Additional 50% Reduction,Iraq,IRQ,2020-06-17,v3
2020-06-02,infections,9800.375,11911.5,13254.5,13436.945,14724.25,17454.725,Surged Additional 50% Reduction,Iraq,IRQ,2020-06-17,v3
2020-06-02,Rt,1.47295940176642,1.57271782867129,1.62069277177361,1.61758549300548,1.66521888437194,1.73158554676131,Surged Additional 50% Reduction,Iraq,IRQ,2020-06-17,v3
2020-06-02,cumulative_infections,146797.225,166828.75,186267,186727.6,200828,235988.95,Surged Maintain Status Quo,Iraq,IRQ,2020-06-17,v3
2020-06-02,deaths,8,12,15,15.275,18,24.025,Surged Maintain Status Quo,Iraq,IRQ,2020-06-17,v3
2020-06-02,hospital_demand,865.5,1020.25,1130.5,1135.345,1224,1484.125,Surged Maintain Status Quo,Iraq,IRQ,2020-06-17,v3
2020-06-02,ICU_demand,198.9,243,271.5,272.585,298.25,365.075,Surged Maintain Status Quo,Iraq,IRQ,2020-06-17,v3
2020-06-02,infections,9800.375,11911.5,13254.5,13436.945,14724.25,17454.725,Surged Maintain Status Quo,Iraq,IRQ,2020-06-17,v3
2020-06-02,Rt,1.47295940176642,1.57271782867129,1.62069277177361,1.61758549300548,1.66521888437194,1.73158554676131,Surged Maintain Status Quo,Iraq,IRQ,2020-06-17,v3
2020-06-02,cumulative_infections,146797.225,166828.75,186267,186727.6,200828,235988.95,Surged Relax Interventions 50%,Iraq,IRQ,2020-06-17,v3
2020-06-02,deaths,8,12,15,15.275,18,24.025,Surged Relax Interventions 50%,Iraq,IRQ,2020-06-17,v3
2020-06-02,hospital_demand,865.5,1020.25,1130.5,1135.345,1224,1484.125,Surged Relax Interventions 50%,Iraq,IRQ,2020-06-17,v3
2020-06-02,ICU_demand,198.9,243,271.5,272.585,298.25,365.075,Surged Relax Interventions 50%,Iraq,IRQ,2020-06-17,v3
2020-06-02,infections,9800.375,11911.5,13254.5,13436.945,14724.25,17454.725,Surged Relax Interventions 50%,Iraq,IRQ,2020-06-17,v3
2020-06-02,Rt,1.47295940176642,1.57271782867129,1.62069277177361,1.61758549300548,1.66521888437194,1.73158554676131,Surged Relax Interventions 50%,Iraq,IRQ,2020-06-17,v3
2020-06-03,cumulative_infections,155149.175,180154.75,201005.5,202926.805,224822.25,264034.8,Additional 50% Reduction,Iraq,IRQ,2020-06-17,v3
2020-06-03,deaths,9.975,15,18,18.37,22,29,Additional 50% Reduction,Iraq,IRQ,2020-06-17,v3
2020-06-03,hospital_demand,919.625,1086.25,1233,1250.76,1398.25,1639.15,Additional 50% Reduction,Iraq,IRQ,2020-06-17,v3
2020-06-03,ICU_demand,220.975,264,297,300.685,335,388.15,Additional 50% Reduction,Iraq,IRQ,2020-06-17,v3
2020-06-03,infections,10614.275,12790.75,14594.5,14831.855,16571.25,19841.075,Additional 50% Reduction,Iraq,IRQ,2020-06-17,v3
2020-06-03,Rt,1.5645153924537,1.64304496757325,1.67899123594051,1.67368117150061,1.70708421028837,1.76364551750561,Additional 50% Reduction,Iraq,IRQ,2020-06-17,v3
2020-06-03,cumulative_infections,155149.175,180154.75,201005.5,202926.805,224822.25,264034.8,Maintain Status Quo,Iraq,IRQ,2020-06-17,v3
2020-06-03,deaths,9.975,15,18,18.37,22,29,Maintain Status Quo,Iraq,IRQ,2020-06-17,v3
2020-06-03,hospital_demand,919.625,1086.25,1233,1250.76,1398.25,1639.15,Maintain Status Quo,Iraq,IRQ,2020-06-17,v3
2020-06-03,ICU_demand,220.975,264,297,300.685,335,388.15,Maintain Status Quo,Iraq,IRQ,2020-06-17,v3
2020-06-03,infections,10614.275,12790.75,14594.5,14831.855,16571.25,19841.075,Maintain Status Quo,Iraq,IRQ,2020-06-17,v3
2020-06-03,Rt,1.5645153924537,1.64304496757325,1.67899123594051,1.67368117150061,1.70708421028837,1.76364551750561,Maintain Status Quo,Iraq,IRQ,2020-06-17,v3
2020-06-03,cumulative_infections,155149.175,180154.75,201005.5,202926.805,224822.25,264034.8,Relax Interventions 50%,Iraq,IRQ,2020-06-17,v3
2020-06-03,deaths,9.975,15,18,18.37,22,29,Relax Interventions 50%,Iraq,IRQ,2020-06-17,v3
2020-06-03,hospital_demand,919.625,1086.25,1233,1250.76,1398.25,1639.15,Relax Interventions 50%,Iraq,IRQ,2020-06-17,v3
2020-06-03,ICU_demand,220.975,264,297,300.685,335,388.15,Relax Interventions 50%,Iraq,IRQ,2020-06-17,v3
2020-06-03,infections,10614.275,12790.75,14594.5,14831.855,16571.25,19841.075,Relax Interventions 50%,Iraq,IRQ,2020-06-17,v3
2020-06-03,Rt,1.5645153924537,1.64304496757325,1.67899123594051,1.67368117150061,1.70708421028837,1.76364551750561,Relax Interventions 50%,Iraq,IRQ,2020-06-17,v3
2020-06-03,cumulative_infections,158457.35,179878.75,200411,201396.805,216502.5,255977.275,Surged Additional 50% Reduction,Iraq,IRQ,2020-06-17,v3
2020-06-03,deaths,9.975,15,18,17.59,20,26,Surged Additional 50% Reduction,Iraq,IRQ,2020-06-17,v3
2020-06-03,hospital_demand,941.5,1108.25,1239,1242.11,1344.25,1621.125,Surged Additional 50% Reduction,Iraq,IRQ,2020-06-17,v3
2020-06-03,ICU_demand,223.65,268,294.5,297.44,323,390.125,Surged Additional 50% Reduction,Iraq,IRQ,2020-06-17,v3
2020-06-03,infections,10623.05,12928,14431.5,14669.205,16140.5,19229.2,Surged Additional 50% Reduction,Iraq,IRQ,2020-06-17,v3
2020-06-03,Rt,1.55158008127008,1.63577814400672,1.67144071765864,1.67028546930033,1.71446845090354,1.76685387139893,Surged Additional 50% Reduction,Iraq,IRQ,2020-06-17,v3
2020-06-03,cumulative_infections,158457.35,179878.75,200411,201396.805,216502.5,255977.275,Surged Maintain Status Quo,Iraq,IRQ,2020-06-17,v3
2020-06-03,deaths,9.975,15,18,17.59,20,26,Surged Maintain Status Quo,Iraq,IRQ,2020-06-17,v3
2020-06-03,hospital_demand,941.5,1108.25,1239,1242.11,1344.25,1621.125,Surged Maintain Status Quo,Iraq,IRQ,2020-06-17,v3
2020-06-03,ICU_demand,223.65,268,294.5,297.44,323,390.125,Surged Maintain Status Quo,Iraq,IRQ,2020-06-17,v3
2020-06-03,infections,10623.05,12928,14431.5,14669.205,16140.5,19229.2,Surged Maintain Status Quo,Iraq,IRQ,2020-06-17,v3
2020-06-03,Rt,1.55158008127008,1.63577814400672,1.67144071765864,1.67028546930033,1.71446845090354,1.76685387139893,Surged Maintain Status Quo,Iraq,IRQ,2020-06-17,v3
2020-06-03,cumulative_infections,158457.35,179878.75,200411,201396.805,216502.5,255977.275,Surged Relax Interventions 50%,Iraq,IRQ,2020-06-17,v3
2020-06-03,deaths,9.975,15,18,17.59,20,26,Surged Relax Interventions 50%,Iraq,IRQ,2020-06-17,v3
2020-06-03,hospital_demand,941.5,1108.25,1239,1242.11,1344.25,1621.125,Surged Relax Interventions 50%,Iraq,IRQ,2020-06-17,v3
2020-06-03,ICU_demand,223.65,268,294.5,297.44,323,390.125,Surged Relax Interventions 50%,Iraq,IRQ,2020-06-17,v3
2020-06-03,infections,10623.05,12928,14431.5,14669.205,16140.5,19229.2,Surged Relax Interventions 50%,Iraq,IRQ,2020-06-17,v3
2020-06-03,Rt,1.55158008127008,1.63577814400672,1.67144071765864,1.67028546930033,1.71446845090354,1.76685387139893,Surged Relax Interventions 50%,Iraq,IRQ,2020-06-17,v3
2020-06-04,cumulative_infections,167001.05,193901,216737,218985.595,242664,285980.6,Additional 50% Reduction,Iraq,IRQ,2020-06-17,v3
2020-06-04,deaths,12,16,19,19.57,22,30.05,Additional 50% Reduction,Iraq,IRQ,2020-06-17,v3
2020-06-04,hospital_demand,997.975,1183.75,1348.5,1363.6,1533.25,1775.125,Additional 50% Reduction,Iraq,IRQ,2020-06-17,v3
2020-06-04,ICU_demand,247.9,288.75,327,329.395,365.25,429.15,Additional 50% Reduction,Iraq,IRQ,2020-06-17,v3
2020-06-04,infections,11423.65,13812.25,15716.5,16058.79,18097.25,21695.1,Additional 50% Reduction,Iraq,IRQ,2020-06-17,v3
2020-06-04,Rt,1.5981760940233,1.66716352391069,1.69927283657651,1.69667825453743,1.72663588588863,1.78127853900237,Additional 50% Reduction,Iraq,IRQ,2020-06-17,v3
2020-06-04,cumulative_infections,167001.05,193901,216737,218985.595,242664,285980.6,Maintain Status Quo,Iraq,IRQ,2020-06-17,v3
2020-06-04,deaths,12,16,19,19.57,22,30.05,Maintain Status Quo,Iraq,IRQ,2020-06-17,v3
2020-06-04,hospital_demand,997.975,1183.75,1348.5,1363.6,1533.25,1775.125,Maintain Status Quo,Iraq,IRQ,2020-06-17,v3
2020-06-04,ICU_demand,247.9,288.75,327,329.395,365.25,429.15,Maintain Status Quo,Iraq,IRQ,2020-06-17,v3
2020-06-04,infections,11423.65,13812.25,15716.5,16058.79,18097.25,21695.1,Maintain Status Quo,Iraq,IRQ,2020-06-17,v3
2020-06-04,Rt,1.5981760940233,1.66716352391069,1.69927283657651,1.69667825453743,1.72663588588863,1.78127853900237,Maintain Status Quo,Iraq,IRQ,2020-06-17,v3
2020-06-04,cumulative_infections,167001.05,193901,216737,218985.595,242664,285980.6,Relax Interventions 50%,Iraq,IRQ,2020-06-17,v3
2020-06-04,deaths,12,16,19,19.57,22,30.05,Relax Interventions 50%,Iraq,IRQ,2020-06-17,v3
2020-06-04,hospital_demand,997.975,1183.75,1348.5,1363.6,1533.25,1775.125,Relax Interventions 50%,Iraq,IRQ,2020-06-17,v3
2020-06-04,ICU_demand,247.9,288.75,327,329.395,365.25,429.15,Relax Interventions 50%,Iraq,IRQ,2020-06-17,v3
2020-06-04,infections,11423.65,13812.25,15716.5,16058.79,18097.25,21695.1,Relax Interventions 50%,Iraq,IRQ,2020-06-17,v3
2020-06-04,Rt,1.5981760940233,1.66716352391069,1.69927283657651,1.69667825453743,1.72663588588863,1.78127853900237,Relax Interventions 50%,Iraq,IRQ,2020-06-17,v3
2020-06-04,cumulative_infections,169920.675,194290,216835.5,217272.85,233731.75,277183.3,Surged Additional 50% Reduction,Iraq,IRQ,2020-06-17,v3
2020-06-04,deaths,11,16,20,19.185,22,28,Surged Additional 50% Reduction,Iraq,IRQ,2020-06-17,v3
2020-06-04,hospital_demand,1002.35,1207,1346.5,1355.745,1481.75,1754.075,Surged Additional 50% Reduction,Iraq,IRQ,2020-06-17,v3
2020-06-04,ICU_demand,240.925,292,322,324.995,356.25,427.025,Surged Additional 50% Reduction,Iraq,IRQ,2020-06-17,v3
2020-06-04,infections,11604,13913,15698,15876.045,17557,20941,Surged Additional 50% Reduction,Iraq,IRQ,2020-06-17,v3
2020-06-04,Rt,1.5838082897835,1.66244263672604,1.69178367213406,1.69386364659994,1.73313577101801,1.78234938793433,Surged Additional 50% Reduction,Iraq,IRQ,2020-06-17,v3
2020-06-04,cumulative_infections,169920.675,194290,216835.5,217272.85,233731.75,277183.3,Surged Maintain Status Quo,Iraq,IRQ,2020-06-17,v3
2020-06-04,deaths,11,16,20,19.185,22,28,Surged Maintain Status Quo,Iraq,IRQ,2020-06-17,v3
2020-06-04,hospital_demand,1002.35,1207,1346.5,1355.745,1481.75,1754.075,Surged Maintain Status Quo,Iraq,IRQ,2020-06-17,v3
2020-06-04,ICU_demand,240.925,292,322,324.995,356.25,427.025,Surged Maintain Status Quo,Iraq,IRQ,2020-06-17,v3
2020-06-04,infections,11604,13913,15698,15876.045,17557,20941,Surged Maintain Status Quo,Iraq,IRQ,2020-06-17,v3
2020-06-04,Rt,1.5838082897835,1.66244263672604,1.69178367213406,1.69386364659994,1.73313577101801,1.78234938793433,Surged Maintain Status Quo,Iraq,IRQ,2020-06-17,v3
2020-06-04,cumulative_infections,169920.675,194290,216835.5,217272.85,233731.75,277183.3,Surged Relax Interventions 50%,Iraq,IRQ,2020-06-17,v3
2020-06-04,deaths,11,16,20,19.185,22,28,Surged Relax Interventions 50%,Iraq,IRQ,2020-06-17,v3
2020-06-04,hospital_demand,1002.35,1207,1346.5,1355.745,1481.75,1754.075,Surged Relax Interventions 50%,Iraq,IRQ,2020-06-17,v3
2020-06-04,ICU_demand,240.925,292,322,324.995,356.25,427.025,Surged Relax Interventions 50%,Iraq,IRQ,2020-06-17,v3
2020-06-04,infections,11604,13913,15698,15876.045,17557,20941,Surged Relax Interventions 50%,Iraq,IRQ,2020-06-17,v3
2020-06-04,Rt,1.5838082897835,1.66244263672604,1.69178367213406,1.69386364659994,1.73313577101801,1.78234938793433,Surged Relax Interventions 50%,Iraq,IRQ,2020-06-17,v3
2020-06-05,cumulative_infections,179306.975,208911,233408.5,236400.475,262705,311308.35,Additional 50% Reduction,Iraq,IRQ,2020-06-17,v3
2020-06-05,deaths,12,17,21,20.78,24,30.025,Additional 50% Reduction,Iraq,IRQ,2020-06-17,v3
2020-06-05,hospital_demand,1100.65,1292.5,1460.5,1487.345,1651,1951.5,Additional 50% Reduction,Iraq,IRQ,2020-06-17,v3
2020-06-05,ICU_demand,267.925,312.75,358,359.415,403,471.025,Additional 50% Reduction,Iraq,IRQ,2020-06-17,v3
2020-06-05,infections,12317.675,14965.75,17081,17414.88,19552.5,23602.575,Additional 50% Reduction,Iraq,IRQ,2020-06-17,v3
2020-06-05,Rt,1.68471860587666,1.72623300415419,1.75541082201337,1.75643828014873,1.78376100755629,1.83822847975916,Additional 50% Reduction,Iraq,IRQ,2020-06-17,v3
2020-06-05,cumulative_infections,179306.975,208911,233408.5,236400.475,262705,311308.35,Maintain Status Quo,Iraq,IRQ,2020-06-17,v3
2020-06-05,deaths,12,17,21,20.78,24,30.025,Maintain Status Quo,Iraq,IRQ,2020-06-17,v3
2020-06-05,hospital_demand,1100.65,1292.5,1460.5,1487.345,1651,1951.5,Maintain Status Quo,Iraq,IRQ,2020-06-17,v3
2020-06-05,ICU_demand,267.925,312.75,358,359.415,403,471.025,Maintain Status Quo,Iraq,IRQ,2020-06-17,v3
2020-06-05,infections,12317.675,14965.75,17081,17414.88,19552.5,23602.575,Maintain Status Quo,Iraq,IRQ,2020-06-17,v3
2020-06-05,Rt,1.68471860587666,1.72623300415419,1.75541082201337,1.75643828014873,1.78376100755629,1.83822847975916,Maintain Status Quo,Iraq,IRQ,2020-06-17,v3
2020-06-05,cumulative_infections,179306.975,208911,233408.5,236400.475,262705,311308.35,Relax Interventions 50%,Iraq,IRQ,2020-06-17,v3
2020-06-05,deaths,12,17,21,20.78,24,30.025,Relax Interventions 50%,Iraq,IRQ,2020-06-17,v3
2020-06-05,hospital_demand,1100.65,1292.5,1460.5,1487.345,1651,1951.5,Relax Interventions 50%,Iraq,IRQ,2020-06-17,v3
2020-06-05,ICU_demand,267.925,312.75,358,359.415,403,471.025,Relax Interventions 50%,Iraq,IRQ,2020-06-17,v3
2020-06-05,infections,12317.675,14965.75,17081,17414.88,19552.5,23602.575,Relax Interventions 50%,Iraq,IRQ,2020-06-17,v3
2020-06-05,Rt,1.68471860587666,1.72623300415419,1.75541082201337,1.75643828014873,1.78376100755629,1.83822847975916,Relax Interventions 50%,Iraq,IRQ,2020-06-17,v3
2020-06-05,cumulative_infections,181230.775,210015.25,234413.5,234501.14,253145.25,299368.075,Surged Additional 50% Reduction,Iraq,IRQ,2020-06-17,v3
2020-06-05,deaths,11,16,19,19.815,23,30.025,Surged Additional 50% Reduction,Iraq,IRQ,2020-06-17,v3
2020-06-05,hospital_demand,1110.2,1315.75,1471,1477.125,1617,1912.975,Surged Additional 50% Reduction,Iraq,IRQ,2020-06-17,v3
2020-06-05,ICU_demand,259,318.75,353,355.545,390.25,469,Surged Additional 50% Reduction,Iraq,IRQ,2020-06-17,v3
2020-06-05,infections,12358.075,15139.75,17048,17228.29,19139.75,22449.875,Surged Additional 50% Reduction,Iraq,IRQ,2020-06-17,v3
2020-06-05,Rt,1.67048969291354,1.72697744393867,1.75049879671581,1.75514165314315,1.78617249170303,1.83729044472462,Surged Additional 50% Reduction,Iraq,IRQ,2020-06-17,v3
2020-06-05,cumulative_infections,181230.775,210015.25,234413.5,234501.14,253145.25,299368.075,Surged Maintain Status Quo,Iraq,IRQ,2020-06-17,v3
2020-06-05,deaths,11,16,19,19.815,23,30.025,Surged Maintain Status Quo,Iraq,IRQ,2020-06-17,v3
2020-06-05,hospital_demand,1110.2,1315.75,1471,1477.125,1617,1912.975,Surged Maintain Status Quo,Iraq,IRQ,2020-06-17,v3
2020-06-05,ICU_demand,259,318.75,353,355.545,390.25,469,Surged Maintain Status Quo,Iraq,IRQ,2020-06-17,v3
2020-06-05,infections,12358.075,15139.75,17048,17228.29,19139.75,22449.875,Surged Maintain Status Quo,Iraq,IRQ,2020-06-17,v3
2020-06-05,Rt,1.67048969291354,1.72697744393867,1.75049879671581,1.75514165314315,1.78617249170303,1.83729044472462,Surged Maintain Status Quo,Iraq,IRQ,2020-06-17,v3
2020-06-05,cumulative_infections,181230.775,210015.25,234413.5,234501.14,253145.25,299368.075,Surged Relax Interventions 50%,Iraq,IRQ,2020-06-17,v3
2020-06-05,deaths,11,16,19,19.815,23,30.025,Surged Relax Interventions 50%,Iraq,IRQ,2020-06-17,v3
2020-06-05,hospital_demand,1110.2,1315.75,1471,1477.125,1617,1912.975,Surged Relax Interventions 50%,Iraq,IRQ,2020-06-17,v3
2020-06-05,ICU_demand,259,318.75,353,355.545,390.25,469,Surged Relax Interventions 50%,Iraq,IRQ,2020-06-17,v3
2020-06-05,infections,12358.075,15139.75,17048,17228.29,19139.75,22449.875,Surged Relax Interventions 50%,Iraq,IRQ,2020-06-17,v3
2020-06-05,Rt,1.67048969291354,1.72697744393867,1.75049879671581,1.75514165314315,1.78617249170303,1.83729044472462,Surged Relax Interventions 50%,Iraq,IRQ,2020-06-17,v3
2020-06-06,cumulative_infections,192745.15,225616.25,251568.5,255374.7,283464.5,337052.775,Additional 50% Reduction,Iraq,IRQ,2020-06-17,v3
2020-06-06,deaths,12,17,22,22.06,25.25,34.025,Additional 50% Reduction,Iraq,IRQ,2020-06-17,v3
2020-06-06,hospital_demand,1197.85,1402.5,1589,1621.92,1811.75,2127.05,Additional 50% Reduction,Iraq,IRQ,2020-06-17,v3
2020-06-06,ICU_demand,289.9,347,387,393.685,442.25,516.25,Additional 50% Reduction,Iraq,IRQ,2020-06-17,v3
2020-06-06,infections,13464.65,16296.5,18409,18974.225,21342.25,25902.775,Additional 50% Reduction,Iraq,IRQ,2020-06-17,v3
2020-06-06,Rt,1.69187298145635,1.73525174742325,1.76276132728184,1.76418081339505,1.791345048895,1.84871629667886,Additional 50% Reduction,Iraq,IRQ,2020-06-17,v3
2020-06-06,cumulative_infections,192745.15,225616.25,251568.5,255374.7,283464.5,337052.775,Maintain Status Quo,Iraq,IRQ,2020-06-17,v3
2020-06-06,deaths,12,17,22,22.06,25.25,34.025,Maintain Status Quo,Iraq,IRQ,2020-06-17,v3
2020-06-06,hospital_demand,1197.85,1402.5,1589,1621.92,1811.75,2127.05,Maintain Status Quo,Iraq,IRQ,2020-06-17,v3
2020-06-06,ICU_demand,289.9,347,387,393.685,442.25,516.25,Maintain Status Quo,Iraq,IRQ,2020-06-17,v3
2020-06-06,infections,13464.65,16296.5,18409,18974.225,21342.25,25902.775,Maintain Status Quo,Iraq,IRQ,2020-06-17,v3
2020-06-06,Rt,1.69187298145635,1.73525174742325,1.76276132728184,1.76418081339505,1.791345048895,1.84871629667886,Maintain Status Quo,Iraq,IRQ,2020-06-17,v3
2020-06-06,cumulative_infections,192745.15,225616.25,251568.5,255374.7,283464.5,337052.775,Relax Interventions 50%,Iraq,IRQ,2020-06-17,v3
2020-06-06,deaths,12,17,22,22.06,25.25,34.025,Relax Interventions 50%,Iraq,IRQ,2020-06-17,v3
2020-06-06,hospital_demand,1197.85,1402.5,1589,1621.92,1811.75,2127.05,Relax Interventions 50%,Iraq,IRQ,2020-06-17,v3
2020-06-06,ICU_demand,289.9,347,387,393.685,442.25,516.25,Relax Interventions 50%,Iraq,IRQ,2020-06-17,v3
2020-06-06,infections,13464.65,16296.5,18409,18974.225,21342.25,25902.775,Relax Interventions 50%,Iraq,IRQ,2020-06-17,v3
2020-06-06,Rt,1.69187298145635,1.73525174742325,1.76276132728184,1.76418081339505,1.791345048895,1.84871629667886,Relax Interventions 50%,Iraq,IRQ,2020-06-17,v3
2020-06-06,cumulative_infections,193478.75,227143.5,253374.5,253258.98,273790.25,323993.125,Surged Additional 50% Reduction,Iraq,IRQ,2020-06-17,v3
2020-06-06,deaths,14,19,22,22.81,26,35.025,Surged Additional 50% Reduction,Iraq,IRQ,2020-06-17,v3
2020-06-06,hospital_demand,1199.375,1426.75,1601,1610.725,1764.75,2087.25,Surged Additional 50% Reduction,Iraq,IRQ,2020-06-17,v3
2020-06-06,ICU_demand,280.9,346,384,387.06,421.25,499.175,Surged Additional 50% Reduction,Iraq,IRQ,2020-06-17,v3
2020-06-06,infections,13392.625,16411,18558,18757.84,20821.75,24925.025,Surged Additional 50% Reduction,Iraq,IRQ,2020-06-17,v3
2020-06-06,Rt,1.67877332153949,1.73467688894836,1.75726032256005,1.76308156368267,1.79411902488508,1.84263164188157,Surged Additional 50% Reduction,Iraq,IRQ,2020-06-17,v3
2020-06-06,cumulative_infections,193478.75,227143.5,253374.5,253258.98,273790.25,323993.125,Surged Maintain Status Quo,Iraq,IRQ,2020-06-17,v3
2020-06-06,deaths,14,19,22,22.81,26,35.025,Surged Maintain Status Quo,Iraq,IRQ,2020-06-17,v3
2020-06-06,hospital_demand,1199.375,1426.75,1601,1610.725,1764.75,2087.25,Surged Maintain Status Quo,Iraq,IRQ,2020-06-17,v3
2020-06-06,ICU_demand,280.9,346,384,387.06,421.25,499.175,Surged Maintain Status Quo,Iraq,IRQ,2020-06-17,v3
2020-06-06,infections,13392.625,16411,18558,18757.84,20821.75,24925.025,Surged Maintain Status Quo,Iraq,IRQ,2020-06-17,v3
2020-06-06,Rt,1.67877332153949,1.73467688894836,1.75726032256005,1.76308156368267,1.79411902488508,1.84263164188157,Surged Maintain Status Quo,Iraq,IRQ,2020-06-17,v3
2020-06-06,cumulative_infections,193478.75,227143.5,253374.5,253258.98,273790.25,323993.125,Surged Relax Interventions 50%,Iraq,IRQ,2020-06-17,v3
2020-06-06,deaths,14,19,22,22.81,26,35.025,Surged Relax Interventions 50%,Iraq,IRQ,2020-06-17,v3
2020-06-06,hospital_demand,1199.375,1426.75,1601,1610.725,1764.75,2087.25,Surged Relax Interventions 50%,Iraq,IRQ,2020-06-17,v3
2020-06-06,ICU_demand,280.9,346,384,387.06,421.25,499.175,Surged Relax Interventions 50%,Iraq,IRQ,2020-06-17,v3
2020-06-06,infections,13392.625,16411,18558,18757.84,20821.75,24925.025,Surged Relax Interventions 50%,Iraq,IRQ,2020-06-17,v3
2020-06-06,Rt,1.67877332153949,1.73467688894836,1.75726032256005,1.76308156368267,1.79411902488508,1.84263164188157,Surged Relax Interventions 50%,Iraq,IRQ,2020-06-17,v3
2020-06-07,cumulative_infections,207413.05,242786.5,271150,276142.88,306930.75,363207,Additional 50% Reduction,Iraq,IRQ,2020-06-17,v3
2020-06-07,deaths,15.975,20,25,25.09,29,36,Additional 50% Reduction,Iraq,IRQ,2020-06-17,v3
2020-06-07,hospital_demand,1295.5,1541.5,1729,1768.02,1976.25,2338.45,Additional 50% Reduction,Iraq,IRQ,2020-06-17,v3
2020-06-07,ICU_demand,318,372,421.5,428.72,479,570.15,Additional 50% Reduction,Iraq,IRQ,2020-06-17,v3
2020-06-07,infections,14571.175,17835.75,20225.5,20768.18,23419.75,28448.25,Additional 50% Reduction,Iraq,IRQ,2020-06-17,v3
2020-06-07,Rt,1.65147858180874,1.70436784130709,1.73208388226533,1.73325100118925,1.76323447262913,1.81522141210046,Additional 50% Reduction,Iraq,IRQ,2020-06-17,v3
2020-06-07,cumulative_infections,207413.05,242786.5,271150,276142.88,306930.75,363207,Maintain Status Quo,Iraq,IRQ,2020-06-17,v3
2020-06-07,deaths,15.975,20,25,25.09,29,36,Maintain Status Quo,Iraq,IRQ,2020-06-17,v3
2020-06-07,hospital_demand,1295.5,1541.5,1729,1768.02,1976.25,2338.45,Maintain Status Quo,Iraq,IRQ,2020-06-17,v3
2020-06-07,ICU_demand,318,372,421.5,428.72,479,570.15,Maintain Status Quo,Iraq,IRQ,2020-06-17,v3
2020-06-07,infections,14571.175,17835.75,20225.5,20768.18,23419.75,28448.25,Maintain Status Quo,Iraq,IRQ,2020-06-17,v3
2020-06-07,Rt,1.65147858180874,1.70436784130709,1.73208388226533,1.73325100118925,1.76323447262913,1.81522141210046,Maintain Status Quo,Iraq,IRQ,2020-06-17,v3
2020-06-07,cumulative_infections,207413.05,242786.5,271150,276142.88,306930.75,363207,Relax Interventions 50%,Iraq,IRQ,2020-06-17,v3
2020-06-07,deaths,15.975,20,25,25.09,29,36,Relax Interventions 50%,Iraq,IRQ,2020-06-17,v3
2020-06-07,hospital_demand,1295.5,1541.5,1729,1768.02,1976.25,2338.45,Relax Interventions 50%,Iraq,IRQ,2020-06-17,v3
2020-06-07,ICU_demand,318,372,421.5,428.72,479,570.15,Relax Interventions 50%,Iraq,IRQ,2020-06-17,v3
2020-06-07,infections,14571.175,17835.75,20225.5,20768.18,23419.75,28448.25,Relax Interventions 50%,Iraq,IRQ,2020-06-17,v3
2020-06-07,Rt,1.65147858180874,1.70436784130709,1.73208388226533,1.73325100118925,1.76323447262913,1.81522141210046,Relax Interventions 50%,Iraq,IRQ,2020-06-17,v3
2020-06-07,cumulative_infections,206592.25,244595.5,273646,273749.17,296056.75,351349.05,Surged Additional 50% Reduction,Iraq,IRQ,2020-06-17,v3
2020-06-07,deaths,15,21,25,24.95,28,38,Surged Additional 50% Reduction,Iraq,IRQ,2020-06-17,v3
2020-06-07,hospital_demand,1292.25,1557.75,1734.5,1755.24,1928,2304.025,Surged Additional 50% Reduction,Iraq,IRQ,2020-06-17,v3
2020-06-07,ICU_demand,309.85,373,422.5,421.14,467,546.325,Surged Additional 50% Reduction,Iraq,IRQ,2020-06-17,v3
2020-06-07,infections,14672.625,17758.25,20196.5,20490.19,22853.5,27437.6,Surged Additional 50% Reduction,Iraq,IRQ,2020-06-17,v3
2020-06-07,Rt,1.64229260251564,1.70336779325045,1.72628424199041,1.73136416760114,1.76513934993741,1.81732525319531,Surged Additional 50% Reduction,Iraq,IRQ,2020-06-17,v3
2020-06-07,cumulative_infections,206592.25,244595.5,273646,273749.17,296056.75,351349.05,Surged Maintain Status Quo,Iraq,IRQ,2020-06-17,v3
2020-06-07,deaths,15,21,25,24.95,28,38,Surged Maintain Status Quo,Iraq,IRQ,2020-06-17,v3
2020-06-07,hospital_demand,1292.25,1557.75,1734.5,1755.24,1928,2304.025,Surged Maintain Status Quo,Iraq,IRQ,2020-06-17,v3
2020-06-07,ICU_demand,309.85,373,422.5,421.14,467,546.325,Surged Maintain Status Quo,Iraq,IRQ,2020-06-17,v3
2020-06-07,infections,14672.625,17758.25,20196.5,20490.19,22853.5,27437.6,Surged Maintain Status Quo,Iraq,IRQ,2020-06-17,v3
2020-06-07,Rt,1.64229260251564,1.70336779325045,1.72628424199041,1.73136416760114,1.76513934993741,1.81732525319531,Surged Maintain Status Quo,Iraq,IRQ,2020-06-17,v3
2020-06-07,cumulative_infections,206592.25,244595.5,273646,273749.17,296056.75,351349.05,Surged Relax Interventions 50%,Iraq,IRQ,2020-06-17,v3
2020-06-07,deaths,15,21,25,24.95,28,38,Surged Relax Interventions 50%,Iraq,IRQ,2020-06-17,v3
2020-06-07,hospital_demand,1292.25,1557.75,1734.5,1755.24,1928,2304.025,Surged Relax Interventions 50%,Iraq,IRQ,2020-06-17,v3
2020-06-07,ICU_demand,309.85,373,422.5,421.14,467,546.325,Surged Relax Interventions 50%,Iraq,IRQ,2020-06-17,v3
2020-06-07,infections,14672.625,17758.25,20196.5,20490.19,22853.5,27437.6,Surged Relax Interventions 50%,Iraq,IRQ,2020-06-17,v3
2020-06-07,Rt,1.64229260251564,1.70336779325045,1.72628424199041,1.73136416760114,1.76513934993741,1.81732525319531,Surged Relax Interventions 50%,Iraq,IRQ,2020-06-17,v3
2020-06-08,cumulative_infections,223461.55,261152,292902.5,298899.97,332656,392074.1,Additional 50% Reduction,Iraq,IRQ,2020-06-17,v3
2020-06-08,deaths,16,23,27,26.94,31,41,Additional 50% Reduction,Iraq,IRQ,2020-06-17,v3
2020-06-08,hospital_demand,1396.775,1661,1882,1927.68,2139,2574.2,Additional 50% Reduction,Iraq,IRQ,2020-06-17,v3
2020-06-08,ICU_demand,338.975,398.75,460,467.81,526.25,633.025,Additional 50% Reduction,Iraq,IRQ,2020-06-17,v3
2020-06-08,infections,15945.375,19476.25,22112,22757.09,25668.5,31364.875,Additional 50% Reduction,Iraq,IRQ,2020-06-17,v3
2020-06-08,Rt,1.62601846456087,1.6875676301422,1.7159268442464,1.71590408498429,1.74756322382982,1.80358333566454,Additional 50% Reduction,Iraq,IRQ,2020-06-17,v3
2020-06-08,cumulative_infections,223461.55,261152,292902.5,298899.97,332656,392074.1,Maintain Status Quo,Iraq,IRQ,2020-06-17,v3
2020-06-08,deaths,16,23,27,26.94,31,41,Maintain Status Quo,Iraq,IRQ,2020-06-17,v3
2020-06-08,hospital_demand,1396.775,1661,1882,1927.68,2139,2574.2,Maintain Status Quo,Iraq,IRQ,2020-06-17,v3
2020-06-08,ICU_demand,338.975,398.75,460,467.81,526.25,633.025,Maintain Status Quo,Iraq,IRQ,2020-06-17,v3
2020-06-08,infections,15945.375,19476.25,22112,22757.09,25668.5,31364.875,Maintain Status Quo,Iraq,IRQ,2020-06-17,v3
2020-06-08,Rt,1.62601846456087,1.6875676301422,1.7159268442464,1.71590408498429,1.74756322382982,1.80358333566454,Maintain Status Quo,Iraq,IRQ,2020-06-17,v3
2020-06-08,cumulative_infections,223461.55,261152,292902.5,298899.97,332656,392074.1,Relax Interventions 50%,Iraq,IRQ,2020-06-17,v3
2020-06-08,deaths,16,23,27,26.94,31,41,Relax Interventions 50%,Iraq,IRQ,2020-06-17,v3
2020-06-08,hospital_demand,1396.775,1661,1882,1927.68,2139,2574.2,Relax Interventions 50%,Iraq,IRQ,2020-06-17,v3
2020-06-08,ICU_demand,338.975,398.75,460,467.81,526.25,633.025,Relax Interventions 50%,Iraq,IRQ,2020-06-17,v3
2020-06-08,infections,15945.375,19476.25,22112,22757.09,25668.5,31364.875,Relax Interventions 50%,Iraq,IRQ,2020-06-17,v3
2020-06-08,Rt,1.62601846456087,1.6875676301422,1.7159268442464,1.71590408498429,1.74756322382982,1.80358333566454,Relax Interventions 50%,Iraq,IRQ,2020-06-17,v3
2020-06-08,cumulative_infections,222472.375,265304.75,295244,296211.835,320989.25,380555.95,Surged Additional 50% Reduction,Iraq,IRQ,2020-06-17,v3
2020-06-08,deaths,15,22,27,26.89,31,42,Surged Additional 50% Reduction,Iraq,IRQ,2020-06-17,v3
2020-06-08,hospital_demand,1399.25,1689.25,1895,1911.58,2106.5,2505.5,Surged Additional 50% Reduction,Iraq,IRQ,2020-06-17,v3
2020-06-08,ICU_demand,328.9,405,456.5,459.56,503.5,612.025,Surged Additional 50% Reduction,Iraq,IRQ,2020-06-17,v3
2020-06-08,infections,15986.05,19570.5,22106.5,22462.665,24964.5,29876.375,Surged Additional 50% Reduction,Iraq,IRQ,2020-06-17,v3
2020-06-08,Rt,1.61416452218124,1.68536927957513,1.70976759510542,1.71357667842777,1.74931957272832,1.79798669115013,Surged Additional 50% Reduction,Iraq,IRQ,2020-06-17,v3
2020-06-08,cumulative_infections,222472.375,265304.75,295244,296211.835,320989.25,380555.95,Surged Maintain Status Quo,Iraq,IRQ,2020-06-17,v3
2020-06-08,deaths,15,22,27,26.89,31,42,Surged Maintain Status Quo,Iraq,IRQ,2020-06-17,v3
2020-06-08,hospital_demand,1399.25,1689.25,1895,1911.58,2106.5,2505.5,Surged Maintain Status Quo,Iraq,IRQ,2020-06-17,v3
2020-06-08,ICU_demand,328.9,405,456.5,459.56,503.5,612.025,Surged Maintain Status Quo,Iraq,IRQ,2020-06-17,v3
2020-06-08,infections,15986.05,19570.5,22106.5,22462.665,24964.5,29876.375,Surged Maintain Status Quo,Iraq,IRQ,2020-06-17,v3
2020-06-08,Rt,1.61416452218124,1.68536927957513,1.70976759510542,1.71357667842777,1.74931957272832,1.79798669115013,Surged Maintain Status Quo,Iraq,IRQ,2020-06-17,v3
2020-06-08,cumulative_infections,222472.375,265304.75,295244,296211.835,320989.25,380555.95,Surged Relax Interventions 50%,Iraq,IRQ,2020-06-17,v3
2020-06-08,deaths,15,22,27,26.89,31,42,Surged Relax Interventions 50%,Iraq,IRQ,2020-06-17,v3
2020-06-08,hospital_demand,1399.25,1689.25,1895,1911.58,2106.5,2505.5,Surged Relax Interventions 50%,Iraq,IRQ,2020-06-17,v3
2020-06-08,ICU_demand,328.9,405,456.5,459.56,503.5,612.025,Surged Relax Interventions 50%,Iraq,IRQ,2020-06-17,v3
2020-06-08,infections,15986.05,19570.5,22106.5,22462.665,24964.5,29876.375,Surged Relax Interventions 50%,Iraq,IRQ,2020-06-17,v3
2020-06-08,Rt,1.61416452218124,1.68536927957513,1.70976759510542,1.71357667842777,1.74931957272832,1.79798669115013,Surged Relax Interventions 50%,Iraq,IRQ,2020-06-17,v3
2020-06-09,cumulative_infections,240892.925,282644.75,316998,323788.48,360731.25,425164.875,Additional 50% Reduction,Iraq,IRQ,2020-06-17,v3
2020-06-09,deaths,16,24,29,29.435,34,43.075,Additional 50% Reduction,Iraq,IRQ,2020-06-17,v3
2020-06-09,hospital_demand,1532.65,1812.25,2060,2102.605,2338.75,2806.825,Additional 50% Reduction,Iraq,IRQ,2020-06-17,v3
2020-06-09,ICU_demand,372.95,440.75,501,510.21,571.25,691.15,Additional 50% Reduction,Iraq,IRQ,2020-06-17,v3
2020-06-09,infections,17405.05,21371.5,24304,24888.51,28142,34261.275,Additional 50% Reduction,Iraq,IRQ,2020-06-17,v3
2020-06-09,Rt,1.60095439058549,1.66939655853524,1.70160665581017,1.69859841001866,1.72933024916598,1.78322359915401,Additional 50% Reduction,Iraq,IRQ,2020-06-17,v3
2020-06-09,cumulative_infections,240892.925,282644.75,316998,323788.48,360731.25,425164.875,Maintain Status Quo,Iraq,IRQ,2020-06-17,v3
2020-06-09,deaths,16,24,29,29.435,34,43.075,Maintain Status Quo,Iraq,IRQ,2020-06-17,v3
2020-06-09,hospital_demand,1532.65,1812.25,2060,2102.605,2338.75,2806.825,Maintain Status Quo,Iraq,IRQ,2020-06-17,v3
2020-06-09,ICU_demand,372.95,440.75,501,510.21,571.25,691.15,Maintain Status Quo,Iraq,IRQ,2020-06-17,v3
2020-06-09,infections,17405.05,21371.5,24304,24888.51,28142,34261.275,Maintain Status Quo,Iraq,IRQ,2020-06-17,v3
2020-06-09,Rt,1.60095439058549,1.66939655853524,1.70160665581017,1.69859841001866,1.72933024916598,1.78322359915401,Maintain Status Quo,Iraq,IRQ,2020-06-17,v3
2020-06-09,cumulative_infections,240892.925,282644.75,316998,323788.48,360731.25,425164.875,Relax Interventions 50%,Iraq,IRQ,2020-06-17,v3
2020-06-09,deaths,16,24,29,29.435,34,43.075,Relax Interventions 50%,Iraq,IRQ,2020-06-17,v3
2020-06-09,hospital_demand,1532.65,1812.25,2060,2102.605,2338.75,2806.825,Relax Interventions 50%,Iraq,IRQ,2020-06-17,v3
2020-06-09,ICU_demand,372.95,440.75,501,510.21,571.25,691.15,Relax Interventions 50%,Iraq,IRQ,2020-06-17,v3
2020-06-09,infections,17405.05,21371.5,24304,24888.51,28142,34261.275,Relax Interventions 50%,Iraq,IRQ,2020-06-17,v3
2020-06-09,Rt,1.60095439058549,1.66939655853524,1.70160665581017,1.69859841001866,1.72933024916598,1.78322359915401,Relax Interventions 50%,Iraq,IRQ,2020-06-17,v3
2020-06-09,cumulative_infections,240425.55,286823.75,319065.5,320760.245,349736.5,412594.1,Surged Additional 50% Reduction,Iraq,IRQ,2020-06-17,v3
2020-06-09,deaths,18,25,29,29.52,34,42,Surged Additional 50% Reduction,Iraq,IRQ,2020-06-17,v3
2020-06-09,hospital_demand,1501.8,1835,2073,2082.34,2296.5,2735.45,Surged Additional 50% Reduction,Iraq,IRQ,2020-06-17,v3
2020-06-09,ICU_demand,365.7,441.25,497,500.185,550,662.5,Surged Additional 50% Reduction,Iraq,IRQ,2020-06-17,v3
2020-06-09,infections,17602.05,21325,24264.5,24548.41,27307.75,32641.225,Surged Additional 50% Reduction,Iraq,IRQ,2020-06-17,v3
2020-06-09,Rt,1.5865025040651,1.66452101453082,1.69321094816895,1.69583240581259,1.73445871250232,1.78364155546914,Surged Additional 50% Reduction,Iraq,IRQ,2020-06-17,v3
2020-06-09,cumulative_infections,240425.55,286823.75,319065.5,320760.245,349736.5,412594.1,Surged Maintain Status Quo,Iraq,IRQ,2020-06-17,v3
2020-06-09,deaths,18,25,29,29.52,34,42,Surged Maintain Status Quo,Iraq,IRQ,2020-06-17,v3
2020-06-09,hospital_demand,1501.8,1835,2073,2082.34,2296.5,2735.45,Surged Maintain Status Quo,Iraq,IRQ,2020-06-17,v3
2020-06-09,ICU_demand,365.7,441.25,497,500.185,550,662.5,Surged Maintain Status Quo,Iraq,IRQ,2020-06-17,v3
2020-06-09,infections,17602.05,21325,24264.5,24548.41,27307.75,32641.225,Surged Maintain Status Quo,Iraq,IRQ,2020-06-17,v3
2020-06-09,Rt,1.5865025040651,1.66452101453082,1.69321094816895,1.69583240581259,1.73445871250232,1.78364155546914,Surged Maintain Status Quo,Iraq,IRQ,2020-06-17,v3
2020-06-09,cumulative_infections,240425.55,286823.75,319065.5,320760.245,349736.5,412594.1,Surged Relax Interventions 50%,Iraq,IRQ,2020-06-17,v3
2020-06-09,deaths,18,25,29,29.52,34,42,Surged Relax Interventions 50%,Iraq,IRQ,2020-06-17,v3
2020-06-09,hospital_demand,1501.8,1835,2073,2082.34,2296.5,2735.45,Surged Relax Interventions 50%,Iraq,IRQ,2020-06-17,v3
2020-06-09,ICU_demand,365.7,441.25,497,500.185,550,662.5,Surged Relax Interventions 50%,Iraq,IRQ,2020-06-17,v3
2020-06-09,infections,17602.05,21325,24264.5,24548.41,27307.75,32641.225,Surged Relax Interventions 50%,Iraq,IRQ,2020-06-17,v3
2020-06-09,Rt,1.5865025040651,1.66452101453082,1.69321094816895,1.69583240581259,1.73445871250232,1.78364155546914,Surged Relax Interventions 50%,Iraq,IRQ,2020-06-17,v3
2020-06-10,cumulative_infections,259947.2,306345,343643.5,350941.19,390886.75,461444.75,Additional 50% Reduction,Iraq,IRQ,2020-06-17,v3
2020-06-10,deaths,20,26,31,31.945,37,51,Additional 50% Reduction,Iraq,IRQ,2020-06-17,v3
2020-06-10,hospital_demand,1657.6,1988,2257.5,2293.335,2553.5,3097.4,Additional 50% Reduction,Iraq,IRQ,2020-06-17,v3
2020-06-10,ICU_demand,406.925,485.75,546.5,556.93,625,758.025,Additional 50% Reduction,Iraq,IRQ,2020-06-17,v3
2020-06-10,infections,18785.55,23254.75,26311,27152.71,30809.25,37747.675,Additional 50% Reduction,Iraq,IRQ,2020-06-17,v3
2020-06-10,Rt,1.61486590459366,1.6796134910159,1.70949028563562,1.7082073745512,1.7398910001913,1.79584304690259,Additional 50% Reduction,Iraq,IRQ,2020-06-17,v3
2020-06-10,cumulative_infections,259947.2,306345,343643.5,350941.19,390886.75,461444.75,Maintain Status Quo,Iraq,IRQ,2020-06-17,v3
2020-06-10,deaths,20,26,31,31.945,37,51,Maintain Status Quo,Iraq,IRQ,2020-06-17,v3
2020-06-10,hospital_demand,1657.6,1988,2257.5,2293.335,2553.5,3097.4,Maintain Status Quo,Iraq,IRQ,2020-06-17,v3
2020-06-10,ICU_demand,406.925,485.75,546.5,556.93,625,758.025,Maintain Status Quo,Iraq,IRQ,2020-06-17,v3
2020-06-10,infections,18785.55,23254.75,26311,27152.71,30809.25,37747.675,Maintain Status Quo,Iraq,IRQ,2020-06-17,v3
2020-06-10,Rt,1.61486590459366,1.6796134910159,1.70949028563562,1.7082073745512,1.7398910001913,1.79584304690259,Maintain Status Quo,Iraq,IRQ,2020-06-17,v3
2020-06-10,cumulative_infections,259947.2,306345,343643.5,350941.19,390886.75,461444.75,Relax Interventions 50%,Iraq,IRQ,2020-06-17,v3
2020-06-10,deaths,20,26,31,31.945,37,51,Relax Interventions 50%,Iraq,IRQ,2020-06-17,v3
2020-06-10,hospital_demand,1657.6,1988,2257.5,2293.335,2553.5,3097.4,Relax Interventions 50%,Iraq,IRQ,2020-06-17,v3
2020-06-10,ICU_demand,406.925,485.75,546.5,556.93,625,758.025,Relax Interventions 50%,Iraq,IRQ,2020-06-17,v3
2020-06-10,infections,18785.55,23254.75,26311,27152.71,30809.25,37747.675,Relax Interventions 50%,Iraq,IRQ,2020-06-17,v3
2020-06-10,Rt,1.61486590459366,1.6796134910159,1.70949028563562,1.7082073745512,1.7398910001913,1.79584304690259,Relax Interventions 50%,Iraq,IRQ,2020-06-17,v3
2020-06-10,cumulative_infections,260053.025,310307.75,345213.5,347528.99,379643.75,447680.3,Surged Additional 50% Reduction,Iraq,IRQ,2020-06-17,v3
2020-06-10,deaths,17.975,27,31,31.79,37,46.025,Surged Additional 50% Reduction,Iraq,IRQ,2020-06-17,v3
2020-06-10,hospital_demand,1633.175,1993.5,2255,2268.07,2492.25,2967.15,Surged Additional 50% Reduction,Iraq,IRQ,2020-06-17,v3
2020-06-10,ICU_demand,393.95,484.25,539.5,545.285,603,729.05,Surged Additional 50% Reduction,Iraq,IRQ,2020-06-17,v3
2020-06-10,infections,19246.275,23213,26430.5,26768.745,29920.75,35809.95,Surged Additional 50% Reduction,Iraq,IRQ,2020-06-17,v3
2020-06-10,Rt,1.60170704941661,1.67616402042349,1.70192429963938,1.70568478168871,1.74308838811972,1.79110252221252,Surged Additional 50% Reduction,Iraq,IRQ,2020-06-17,v3
2020-06-10,cumulative_infections,260053.025,310307.75,345213.5,347528.99,379643.75,447680.3,Surged Maintain Status Quo,Iraq,IRQ,2020-06-17,v3
2020-06-10,deaths,17.975,27,31,31.79,37,46.025,Surged Maintain Status Quo,Iraq,IRQ,2020-06-17,v3
2020-06-10,hospital_demand,1633.175,1993.5,2255,2268.07,2492.25,2967.15,Surged Maintain Status Quo,Iraq,IRQ,2020-06-17,v3
2020-06-10,ICU_demand,393.95,484.25,539.5,545.285,603,729.05,Surged Maintain Status Quo,Iraq,IRQ,2020-06-17,v3
2020-06-10,infections,19246.275,23213,26430.5,26768.745,29920.75,35809.95,Surged Maintain Status Quo,Iraq,IRQ,2020-06-17,v3
2020-06-10,Rt,1.60170704941661,1.67616402042349,1.70192429963938,1.70568478168871,1.74308838811972,1.79110252221252,Surged Maintain Status Quo,Iraq,IRQ,2020-06-17,v3
2020-06-10,cumulative_infections,260053.025,310307.75,345213.5,347528.99,379643.75,447680.3,Surged Relax Interventions 50%,Iraq,IRQ,2020-06-17,v3
2020-06-10,deaths,17.975,27,31,31.79,37,46.025,Surged Relax Interventions 50%,Iraq,IRQ,2020-06-17,v3
2020-06-10,hospital_demand,1633.175,1993.5,2255,2268.07,2492.25,2967.15,Surged Relax Interventions 50%,Iraq,IRQ,2020-06-17,v3
2020-06-10,ICU_demand,393.95,484.25,539.5,545.285,603,729.05,Surged Relax Interventions 50%,Iraq,IRQ,2020-06-17,v3
2020-06-10,infections,19246.275,23213,26430.5,26768.745,29920.75,35809.95,Surged Relax Interventions 50%,Iraq,IRQ,2020-06-17,v3
2020-06-10,Rt,1.60170704941661,1.67616402042349,1.70192429963938,1.70568478168871,1.74308838811972,1.79110252221252,Surged Relax Interventions 50%,Iraq,IRQ,2020-06-17,v3
2020-06-11,cumulative_infections,280357.3,331385.5,372809.5,380480.6,424693,500665.225,Additional 50% Reduction,Iraq,IRQ,2020-06-17,v3
2020-06-11,deaths,22.975,29,35,35.47,40,52,Additional 50% Reduction,Iraq,IRQ,2020-06-17,v3
2020-06-11,hospital_demand,1802.9,2184.25,2448.5,2502.615,2789.75,3373.25,Additional 50% Reduction,Iraq,IRQ,2020-06-17,v3
2020-06-11,ICU_demand,441.875,529,590,606.135,681.25,829.2,Additional 50% Reduction,Iraq,IRQ,2020-06-17,v3
2020-06-11,infections,20362.275,25094,28703.5,29539.41,33148.25,41343.9,Additional 50% Reduction,Iraq,IRQ,2020-06-17,v3
2020-06-11,Rt,1.61486590459366,1.6796134910159,1.70949028563562,1.7082073745512,1.7398910001913,1.79584304690259,Additional 50% Reduction,Iraq,IRQ,2020-06-17,v3
2020-06-11,cumulative_infections,280357.3,331385.5,372809.5,380480.6,424693,500665.225,Maintain Status Quo,Iraq,IRQ,2020-06-17,v3
2020-06-11,deaths,22.975,29,35,35.47,40,52,Maintain Status Quo,Iraq,IRQ,2020-06-17,v3
2020-06-11,hospital_demand,1802.9,2184.25,2448.5,2502.615,2789.75,3373.25,Maintain Status Quo,Iraq,IRQ,2020-06-17,v3
2020-06-11,ICU_demand,441.875,529,590,606.135,681.25,829.2,Maintain Status Quo,Iraq,IRQ,2020-06-17,v3
2020-06-11,infections,20362.275,25094,28703.5,29539.41,33148.25,41343.9,Maintain Status Quo,Iraq,IRQ,2020-06-17,v3
2020-06-11,Rt,1.61486590459366,1.6796134910159,1.70949028563562,1.7082073745512,1.7398910001913,1.79584304690259,Maintain Status Quo,Iraq,IRQ,2020-06-17,v3
2020-06-11,cumulative_infections,280357.3,331385.5,372809.5,380480.6,424693,500665.225,Relax Interventions 50%,Iraq,IRQ,2020-06-17,v3
2020-06-11,deaths,22.975,29,35,35.47,40,52,Relax Interventions 50%,Iraq,IRQ,2020-06-17,v3
2020-06-11,hospital_demand,1802.9,2184.25,2448.5,2502.615,2789.75,3373.25,Relax Interventions 50%,Iraq,IRQ,2020-06-17,v3
2020-06-11,ICU_demand,441.875,529,590,606.135,681.25,829.2,Relax Interventions 50%,Iraq,IRQ,2020-06-17,v3
2020-06-11,infections,20362.275,25094,28703.5,29539.41,33148.25,41343.9,Relax Interventions 50%,Iraq,IRQ,2020-06-17,v3
2020-06-11,Rt,1.61486590459366,1.6796134910159,1.70949028563562,1.7082073745512,1.7398910001913,1.79584304690259,Relax Interventions 50%,Iraq,IRQ,2020-06-17,v3
2020-06-11,cumulative_infections,281148.8,335356.5,373461,376669.625,411755,486205.4,Surged Additional 50% Reduction,Iraq,IRQ,2020-06-17,v3
2020-06-11,deaths,19.975,29.75,34,34.315,39.25,49.025,Surged Additional 50% Reduction,Iraq,IRQ,2020-06-17,v3
2020-06-11,hospital_demand,1748.05,2175.75,2444,2468.925,2735.25,3270.8,Surged Additional 50% Reduction,Iraq,IRQ,2020-06-17,v3
2020-06-11,ICU_demand,427.85,534.5,587,595.335,654.5,782.225,Surged Additional 50% Reduction,Iraq,IRQ,2020-06-17,v3
2020-06-11,infections,21075,24906.5,28781.5,29140.635,32607.25,39154.725,Surged Additional 50% Reduction,Iraq,IRQ,2020-06-17,v3
2020-06-11,Rt,1.60170704941661,1.67616402042349,1.70192429963938,1.70568478168871,1.74308838811972,1.79110252221252,Surged Additional 50% Reduction,Iraq,IRQ,2020-06-17,v3
2020-06-11,cumulative_infections,281148.8,335356.5,373461,376669.625,411755,486205.4,Surged Maintain Status Quo,Iraq,IRQ,2020-06-17,v3
2020-06-11,deaths,19.975,29.75,34,34.315,39.25,49.025,Surged Maintain Status Quo,Iraq,IRQ,2020-06-17,v3
2020-06-11,hospital_demand,1748.05,2175.75,2444,2468.925,2735.25,3270.8,Surged Maintain Status Quo,Iraq,IRQ,2020-06-17,v3
2020-06-11,ICU_demand,427.85,534.5,587,595.335,654.5,782.225,Surged Maintain Status Quo,Iraq,IRQ,2020-06-17,v3
2020-06-11,infections,21075,24906.5,28781.5,29140.635,32607.25,39154.725,Surged Maintain Status Quo,Iraq,IRQ,2020-06-17,v3
2020-06-11,Rt,1.60170704941661,1.67616402042349,1.70192429963938,1.70568478168871,1.74308838811972,1.79110252221252,Surged Maintain Status Quo,Iraq,IRQ,2020-06-17,v3
2020-06-11,cumulative_infections,281148.8,335356.5,373461,376669.625,411755,486205.4,Surged Relax Interventions 50%,Iraq,IRQ,2020-06-17,v3
2020-06-11,deaths,19.975,29.75,34,34.315,39.25,49.025,Surged Relax Interventions 50%,Iraq,IRQ,2020-06-17,v3
2020-06-11,hospital_demand,1748.05,2175.75,2444,2468.925,2735.25,3270.8,Surged Relax Interventions 50%,Iraq,IRQ,2020-06-17,v3
2020-06-11,ICU_demand,427.85,534.5,587,595.335,654.5,782.225,Surged Relax Interventions 50%,Iraq,IRQ,2020-06-17,v3
2020-06-11,infections,21075,24906.5,28781.5,29140.635,32607.25,39154.725,Surged Relax Interventions 50%,Iraq,IRQ,2020-06-17,v3
2020-06-11,Rt,1.60170704941661,1.67616402042349,1.70192429963938,1.70568478168871,1.74308838811972,1.79110252221252,Surged Relax Interventions 50%,Iraq,IRQ,2020-06-17,v3
2020-06-12,cumulative_infections,303094.375,359690,404313.5,412625.07,459512.25,543920.025,Additional 50% Reduction,Iraq,IRQ,2020-06-17,v3
2020-06-12,deaths,24,32,38,37.875,43,53.025,Additional 50% Reduction,Iraq,IRQ,2020-06-17,v3
2020-06-12,hospital_demand,1997.15,2365,2659.5,2732,3060.5,3713.35,Additional 50% Reduction,Iraq,IRQ,2020-06-17,v3
2020-06-12,ICU_demand,476.95,574,649,661.89,743.5,909.2,Additional 50% Reduction,Iraq,IRQ,2020-06-17,v3
2020-06-12,infections,22073.75,27391.75,31141,32144.47,36246,45197.325,Additional 50% Reduction,Iraq,IRQ,2020-06-17,v3
2020-06-12,Rt,1.64913186462041,1.70270468104439,1.73060383253909,1.7313216386262,1.76160717515918,1.81393526557473,Additional 50% Reduction,Iraq,IRQ,2020-06-17,v3
2020-06-12,cumulative_infections,303094.375,359690,404313.5,412625.07,459512.25,543920.025,Maintain Status Quo,Iraq,IRQ,2020-06-17,v3
2020-06-12,deaths,24,32,38,37.875,43,53.025,Maintain Status Quo,Iraq,IRQ,2020-06-17,v3
2020-06-12,hospital_demand,1997.15,2365,2659.5,2732,3060.5,3713.35,Maintain Status Quo,Iraq,IRQ,2020-06-17,v3
2020-06-12,ICU_demand,476.95,574,649,661.89,743.5,909.2,Maintain Status Quo,Iraq,IRQ,2020-06-17,v3
2020-06-12,infections,22073.75,27391.75,31141,32144.47,36246,45197.325,Maintain Status Quo,Iraq,IRQ,2020-06-17,v3
2020-06-12,Rt,1.64913186462041,1.70270468104439,1.73060383253909,1.7313216386262,1.76160717515918,1.81393526557473,Maintain Status Quo,Iraq,IRQ,2020-06-17,v3
2020-06-12,cumulative_infections,303094.375,359690,404313.5,412625.07,459512.25,543920.025,Relax Interventions 50%,Iraq,IRQ,2020-06-17,v3
2020-06-12,deaths,24,32,38,37.875,43,53.025,Relax Interventions 50%,Iraq,IRQ,2020-06-17,v3
2020-06-12,hospital_demand,1997.15,2365,2659.5,2732,3060.5,3713.35,Relax Interventions 50%,Iraq,IRQ,2020-06-17,v3
2020-06-12,ICU_demand,476.95,574,649,661.89,743.5,909.2,Relax Interventions 50%,Iraq,IRQ,2020-06-17,v3
2020-06-12,infections,22073.75,27391.75,31141,32144.47,36246,45197.325,Relax Interventions 50%,Iraq,IRQ,2020-06-17,v3
2020-06-12,Rt,1.64913186462041,1.70270468104439,1.73060383253909,1.7313216386262,1.76160717515918,1.81393526557473,Relax Interventions 50%,Iraq,IRQ,2020-06-17,v3
2020-06-12,cumulative_infections,304532.2,363215,404048.5,408336.01,446815.75,528705.175,Surged Additional 50% Reduction,Iraq,IRQ,2020-06-17,v3
2020-06-12,deaths,24,31.75,37,37.26,43,52.025,Surged Additional 50% Reduction,Iraq,IRQ,2020-06-17,v3
2020-06-12,hospital_demand,1902.9,2378.25,2662,2692.165,2980,3568.475,Surged Additional 50% Reduction,Iraq,IRQ,2020-06-17,v3
2020-06-12,ICU_demand,462.975,576,642,648.945,718.75,860,Surged Additional 50% Reduction,Iraq,IRQ,2020-06-17,v3
2020-06-12,infections,22469.675,27233.75,31183,31666.385,35607.75,42632.875,Surged Additional 50% Reduction,Iraq,IRQ,2020-06-17,v3
2020-06-12,Rt,1.6391607603389,1.70178803280183,1.72445672163899,1.72938576026334,1.76344230556194,1.81583487584209,Surged Additional 50% Reduction,Iraq,IRQ,2020-06-17,v3
2020-06-12,cumulative_infections,304532.2,363215,404048.5,408336.01,446815.75,528705.175,Surged Maintain Status Quo,Iraq,IRQ,2020-06-17,v3
2020-06-12,deaths,24,31.75,37,37.26,43,52.025,Surged Maintain Status Quo,Iraq,IRQ,2020-06-17,v3
2020-06-12,hospital_demand,1902.9,2378.25,2662,2692.165,2980,3568.475,Surged Maintain Status Quo,Iraq,IRQ,2020-06-17,v3
2020-06-12,ICU_demand,462.975,576,642,648.945,718.75,860,Surged Maintain Status Quo,Iraq,IRQ,2020-06-17,v3
2020-06-12,infections,22469.675,27233.75,31183,31666.385,35607.75,42632.875,Surged Maintain Status Quo,Iraq,IRQ,2020-06-17,v3
2020-06-12,Rt,1.6391607603389,1.70178803280183,1.72445672163899,1.72938576026334,1.76344230556194,1.81583487584209,Surged Maintain Status Quo,Iraq,IRQ,2020-06-17,v3
2020-06-12,cumulative_infections,304532.2,363215,404048.5,408336.01,446815.75,528705.175,Surged Relax Interventions 50%,Iraq,IRQ,2020-06-17,v3
2020-06-12,deaths,24,31.75,37,37.26,43,52.025,Surged Relax Interventions 50%,Iraq,IRQ,2020-06-17,v3
2020-06-12,hospital_demand,1902.9,2378.25,2662,2692.165,2980,3568.475,Surged Relax Interventions 50%,Iraq,IRQ,2020-06-17,v3
2020-06-12,ICU_demand,462.975,576,642,648.945,718.75,860,Surged Relax Interventions 50%,Iraq,IRQ,2020-06-17,v3
2020-06-12,infections,22469.675,27233.75,31183,31666.385,35607.75,42632.875,Surged Relax Interventions 50%,Iraq,IRQ,2020-06-17,v3
2020-06-12,Rt,1.6391607603389,1.70178803280183,1.72445672163899,1.72938576026334,1.76344230556194,1.81583487584209,Surged Relax Interventions 50%,Iraq,IRQ,2020-06-17,v3
2020-06-13,cumulative_infections,326620.55,389813,439073.5,447575.88,498841.5,591244.675,Additional 50% Reduction,Iraq,IRQ,2020-06-17,v3
2020-06-13,deaths,23,34,42,41.445,47,61,Additional 50% Reduction,Iraq,IRQ,2020-06-17,v3
2020-06-13,hospital_demand,2143.45,2570.5,2890,2978.085,3362.25,4078,Additional 50% Reduction,Iraq,IRQ,2020-06-17,v3
2020-06-13,ICU_demand,516.925,623.5,707,723.295,808,1001.15,Additional 50% Reduction,Iraq,IRQ,2020-06-17,v3
2020-06-13,infections,23943.5,29578.5,33951,34950.81,39434,49596.675,Additional 50% Reduction,Iraq,IRQ,2020-06-17,v3
2020-06-13,Rt,1.62422472377756,1.68643916218338,1.71474358181231,1.71466655618932,1.74642661303374,1.80274767325511,Additional 50% Reduction,Iraq,IRQ,2020-06-17,v3
2020-06-13,cumulative_infections,326620.55,389813,439073.5,447575.88,498841.5,591244.675,Maintain Status Quo,Iraq,IRQ,2020-06-17,v3
2020-06-13,deaths,23,34,42,41.445,47,61,Maintain Status Quo,Iraq,IRQ,2020-06-17,v3
2020-06-13,hospital_demand,2143.45,2570.5,2890,2978.085,3362.25,4078,Maintain Status Quo,Iraq,IRQ,2020-06-17,v3
2020-06-13,ICU_demand,516.925,623.5,707,723.295,808,1001.15,Maintain Status Quo,Iraq,IRQ,2020-06-17,v3
2020-06-13,infections,23943.5,29578.5,33951,34950.81,39434,49596.675,Maintain Status Quo,Iraq,IRQ,2020-06-17,v3
2020-06-13,Rt,1.62422472377756,1.68643916218338,1.71474358181231,1.71466655618932,1.74642661303374,1.80274767325511,Maintain Status Quo,Iraq,IRQ,2020-06-17,v3
2020-06-13,cumulative_infections,326620.55,389813,439073.5,447575.88,498841.5,591244.675,Relax Interventions 50%,Iraq,IRQ,2020-06-17,v3
2020-06-13,deaths,23,34,42,41.445,47,61,Relax Interventions 50%,Iraq,IRQ,2020-06-17,v3
2020-06-13,hospital_demand,2143.45,2570.5,2890,2978.085,3362.25,4078,Relax Interventions 50%,Iraq,IRQ,2020-06-17,v3
2020-06-13,ICU_demand,516.925,623.5,707,723.295,808,1001.15,Relax Interventions 50%,Iraq,IRQ,2020-06-17,v3
2020-06-13,infections,23943.5,29578.5,33951,34950.81,39434,49596.675,Relax Interventions 50%,Iraq,IRQ,2020-06-17,v3
2020-06-13,Rt,1.62422472377756,1.68643916218338,1.71474358181231,1.71466655618932,1.74642661303374,1.80274767325511,Relax Interventions 50%,Iraq,IRQ,2020-06-17,v3
2020-06-13,cumulative_infections,329571.925,393532,437045.5,442754.71,485252.5,574171.725,Surged Additional 50% Reduction,Iraq,IRQ,2020-06-17,v3
2020-06-13,deaths,23.975,35,40,40.505,46,57.1,Surged Additional 50% Reduction,Iraq,IRQ,2020-06-17,v3
2020-06-13,hospital_demand,2043.525,2589,2905.5,2940.675,3256.75,3963.55,Surged Additional 50% Reduction,Iraq,IRQ,2020-06-17,v3
2020-06-13,ICU_demand,515.925,624.75,697,707.445,781.25,929.1,Surged Additional 50% Reduction,Iraq,IRQ,2020-06-17,v3
2020-06-13,infections,24314.075,29404.5,33874.5,34418.7,38655.75,46744.4,Surged Additional 50% Reduction,Iraq,IRQ,2020-06-17,v3
2020-06-13,Rt,1.61216055185408,1.68376799426189,1.708506598166,1.71230775369712,1.74838927523297,1.79688001219842,Surged Additional 50% Reduction,Iraq,IRQ,2020-06-17,v3
2020-06-13,cumulative_infections,329571.925,393532,437045.5,442754.71,485252.5,574171.725,Surged Maintain Status Quo,Iraq,IRQ,2020-06-17,v3
2020-06-13,deaths,23.975,35,40,40.505,46,57.1,Surged Maintain Status Quo,Iraq,IRQ,2020-06-17,v3
2020-06-13,hospital_demand,2043.525,2589,2905.5,2940.675,3256.75,3963.55,Surged Maintain Status Quo,Iraq,IRQ,2020-06-17,v3
2020-06-13,ICU_demand,515.925,624.75,697,707.445,781.25,929.1,Surged Maintain Status Quo,Iraq,IRQ,2020-06-17,v3
2020-06-13,infections,24314.075,29404.5,33874.5,34418.7,38655.75,46744.4,Surged Maintain Status Quo,Iraq,IRQ,2020-06-17,v3
2020-06-13,Rt,1.61216055185408,1.68376799426189,1.708506598166,1.71230775369712,1.74838927523297,1.79688001219842,Surged Maintain Status Quo,Iraq,IRQ,2020-06-17,v3
2020-06-13,cumulative_infections,329571.925,393532,437045.5,442754.71,485252.5,574171.725,Surged Relax Interventions 50%,Iraq,IRQ,2020-06-17,v3
2020-06-13,deaths,23.975,35,40,40.505,46,57.1,Surged Relax Interventions 50%,Iraq,IRQ,2020-06-17,v3
2020-06-13,hospital_demand,2043.525,2589,2905.5,2940.675,3256.75,3963.55,Surged Relax Interventions 50%,Iraq,IRQ,2020-06-17,v3
2020-06-13,ICU_demand,515.925,624.75,697,707.445,781.25,929.1,Surged Relax Interventions 50%,Iraq,IRQ,2020-06-17,v3
2020-06-13,infections,24314.075,29404.5,33874.5,34418.7,38655.75,46744.4,Surged Relax Interventions 50%,Iraq,IRQ,2020-06-17,v3
2020-06-13,Rt,1.61216055185408,1.68376799426189,1.708506598166,1.71230775369712,1.74838927523297,1.79688001219842,Surged Relax Interventions 50%,Iraq,IRQ,2020-06-17,v3
2020-06-14,cumulative_infections,353972.65,422089.5,476801,485644.56,540241,646075.825,Additional 50% Reduction,Iraq,IRQ,2020-06-17,v3
2020-06-14,deaths,30.975,38,45,46.155,52,68.075,Additional 50% Reduction,Iraq,IRQ,2020-06-17,v3
2020-06-14,hospital_demand,2331.975,2799.5,3158,3247.545,3670,4465.2,Additional 50% Reduction,Iraq,IRQ,2020-06-17,v3
2020-06-14,ICU_demand,566.575,674,767,787.015,879,1085.1,Additional 50% Reduction,Iraq,IRQ,2020-06-17,v3
2020-06-14,infections,25748.125,31920.75,37100,38068.68,43079.25,54239.9,Additional 50% Reduction,Iraq,IRQ,2020-06-17,v3
2020-06-14,Rt,1.62422472377756,1.68643916218338,1.71474358181231,1.71466655618932,1.74642661303374,1.80274767325511,Additional 50% Reduction,Iraq,IRQ,2020-06-17,v3
2020-06-14,cumulative_infections,353972.65,422089.5,476801,485644.56,540241,646075.825,Maintain Status Quo,Iraq,IRQ,2020-06-17,v3
2020-06-14,deaths,30.975,38,45,46.155,52,68.075,Maintain Status Quo,Iraq,IRQ,2020-06-17,v3
2020-06-14,hospital_demand,2331.975,2799.5,3158,3247.545,3670,4465.2,Maintain Status Quo,Iraq,IRQ,2020-06-17,v3
2020-06-14,ICU_demand,566.575,674,767,787.015,879,1085.1,Maintain Status Quo,Iraq,IRQ,2020-06-17,v3
2020-06-14,infections,25748.125,31920.75,37100,38068.68,43079.25,54239.9,Maintain Status Quo,Iraq,IRQ,2020-06-17,v3
2020-06-14,Rt,1.62422472377756,1.68643916218338,1.71474358181231,1.71466655618932,1.74642661303374,1.80274767325511,Maintain Status Quo,Iraq,IRQ,2020-06-17,v3
2020-06-14,cumulative_infections,353972.65,422089.5,476801,485644.56,540241,646075.825,Relax Interventions 50%,Iraq,IRQ,2020-06-17,v3
2020-06-14,deaths,30.975,38,45,46.155,52,68.075,Relax Interventions 50%,Iraq,IRQ,2020-06-17,v3
2020-06-14,hospital_demand,2331.975,2799.5,3158,3247.545,3670,4465.2,Relax Interventions 50%,Iraq,IRQ,2020-06-17,v3
2020-06-14,ICU_demand,566.575,674,767,787.015,879,1085.1,Relax Interventions 50%,Iraq,IRQ,2020-06-17,v3
2020-06-14,infections,25748.125,31920.75,37100,38068.68,43079.25,54239.9,Relax Interventions 50%,Iraq,IRQ,2020-06-17,v3
2020-06-14,Rt,1.62422472377756,1.68643916218338,1.71474358181231,1.71466655618932,1.74642661303374,1.80274767325511,Relax Interventions 50%,Iraq,IRQ,2020-06-17,v3
2020-06-14,cumulative_infections,357071.475,426869.75,473343,480286.69,527384.5,625559.325,Surged Additional 50% Reduction,Iraq,IRQ,2020-06-17,v3
2020-06-14,deaths,31,39,45,45.785,52,62,Surged Additional 50% Reduction,Iraq,IRQ,2020-06-17,v3
2020-06-14,hospital_demand,2233.675,2816.5,3165,3205.445,3551.75,4354.325,Surged Additional 50% Reduction,Iraq,IRQ,2020-06-17,v3
2020-06-14,ICU_demand,565.6,678.75,757,772.065,856.75,1010.35,Surged Additional 50% Reduction,Iraq,IRQ,2020-06-17,v3
2020-06-14,infections,26420.4,31976.25,36867.5,37531.98,42273,51321.475,Surged Additional 50% Reduction,Iraq,IRQ,2020-06-17,v3
2020-06-14,Rt,1.61216055185408,1.68376799426189,1.708506598166,1.71230775369712,1.74838927523297,1.79688001219842,Surged Additional 50% Reduction,Iraq,IRQ,2020-06-17,v3
2020-06-14,cumulative_infections,357071.475,426869.75,473343,480286.69,527384.5,625559.325,Surged Maintain Status Quo,Iraq,IRQ,2020-06-17,v3
2020-06-14,deaths,31,39,45,45.785,52,62,Surged Maintain Status Quo,Iraq,IRQ,2020-06-17,v3
2020-06-14,hospital_demand,2233.675,2816.5,3165,3205.445,3551.75,4354.325,Surged Maintain Status Quo,Iraq,IRQ,2020-06-17,v3
2020-06-14,ICU_demand,565.6,678.75,757,772.065,856.75,1010.35,Surged Maintain Status Quo,Iraq,IRQ,2020-06-17,v3
2020-06-14,infections,26420.4,31976.25,36867.5,37531.98,42273,51321.475,Surged Maintain Status Quo,Iraq,IRQ,2020-06-17,v3
2020-06-14,Rt,1.61216055185408,1.68376799426189,1.708506598166,1.71230775369712,1.74838927523297,1.79688001219842,Surged Maintain Status Quo,Iraq,IRQ,2020-06-17,v3
2020-06-14,cumulative_infections,357071.475,426869.75,473343,480286.69,527384.5,625559.325,Surged Relax Interventions 50%,Iraq,IRQ,2020-06-17,v3
2020-06-14,deaths,31,39,45,45.785,52,62,Surged Relax Interventions 50%,Iraq,IRQ,2020-06-17,v3
2020-06-14,hospital_demand,2233.675,2816.5,3165,3205.445,3551.75,4354.325,Surged Relax Interventions 50%,Iraq,IRQ,2020-06-17,v3
2020-06-14,ICU_demand,565.6,678.75,757,772.065,856.75,1010.35,Surged Relax Interventions 50%,Iraq,IRQ,2020-06-17,v3
2020-06-14,infections,26420.4,31976.25,36867.5,37531.98,42273,51321.475,Surged Relax Interventions 50%,Iraq,IRQ,2020-06-17,v3
2020-06-14,Rt,1.61216055185408,1.68376799426189,1.708506598166,1.71230775369712,1.74838927523297,1.79688001219842,Surged Relax Interventions 50%,Iraq,IRQ,2020-06-17,v3
2020-06-15,cumulative_infections,383541.425,457657,514794.5,527122.78,586985.75,705661.1,Additional 50% Reduction,Iraq,IRQ,2020-06-17,v3
2020-06-15,deaths,31,42,49,50.055,57.25,71.05,Additional 50% Reduction,Iraq,IRQ,2020-06-17,v3
2020-06-15,hospital_demand,2504.95,3049.75,3455,3538.095,4026,4879.275,Additional 50% Reduction,Iraq,IRQ,2020-06-17,v3
2020-06-15,ICU_demand,606.55,735,839.5,856.33,963,1176.175,Additional 50% Reduction,Iraq,IRQ,2020-06-17,v3
2020-06-15,infections,27910.725,34927.25,40159.5,41478.22,46866,59250.975,Additional 50% Reduction,Iraq,IRQ,2020-06-17,v3
2020-06-15,Rt,1.62422472377756,1.68643916218338,1.71474358181231,1.71466655618932,1.74642661303374,1.80274767325511,Additional 50% Reduction,Iraq,IRQ,2020-06-17,v3
2020-06-15,cumulative_infections,383541.425,457657,514794.5,527122.78,586985.75,705661.1,Maintain Status Quo,Iraq,IRQ,2020-06-17,v3
2020-06-15,deaths,31,42,49,50.055,57.25,71.05,Maintain Status Quo,Iraq,IRQ,2020-06-17,v3
2020-06-15,hospital_demand,2504.95,3049.75,3455,3538.095,4026,4879.275,Maintain Status Quo,Iraq,IRQ,2020-06-17,v3
2020-06-15,ICU_demand,606.55,735,839.5,856.33,963,1176.175,Maintain Status Quo,Iraq,IRQ,2020-06-17,v3
2020-06-15,infections,27910.725,34927.25,40159.5,41478.22,46866,59250.975,Maintain Status Quo,Iraq,IRQ,2020-06-17,v3
2020-06-15,Rt,1.62422472377756,1.68643916218338,1.71474358181231,1.71466655618932,1.74642661303374,1.80274767325511,Maintain Status Quo,Iraq,IRQ,2020-06-17,v3
2020-06-15,cumulative_infections,383541.425,457657,514794.5,527122.78,586985.75,705661.1,Relax Interventions 50%,Iraq,IRQ,2020-06-17,v3
2020-06-15,deaths,31,42,49,50.055,57.25,71.05,Relax Interventions 50%,Iraq,IRQ,2020-06-17,v3
2020-06-15,hospital_demand,2504.95,3049.75,3455,3538.095,4026,4879.275,Relax Interventions 50%,Iraq,IRQ,2020-06-17,v3
2020-06-15,ICU_demand,606.55,735,839.5,856.33,963,1176.175,Relax Interventions 50%,Iraq,IRQ,2020-06-17,v3
2020-06-15,infections,27910.725,34927.25,40159.5,41478.22,46866,59250.975,Relax Interventions 50%,Iraq,IRQ,2020-06-17,v3
2020-06-15,Rt,1.62422472377756,1.68643916218338,1.71474358181231,1.71466655618932,1.74642661303374,1.80274767325511,Relax Interventions 50%,Iraq,IRQ,2020-06-17,v3
2020-06-15,cumulative_infections,385201.55,459809.5,513707,521121.33,572757.75,681275.85,Surged Additional 50% Reduction,Iraq,IRQ,2020-06-17,v3
2020-06-15,deaths,33,41,48,49.345,56,72,Surged Additional 50% Reduction,Iraq,IRQ,2020-06-17,v3
2020-06-15,hospital_demand,2448.7,3062.5,3449.5,3495.51,3894.75,4741.775,Surged Additional 50% Reduction,Iraq,IRQ,2020-06-17,v3
2020-06-15,ICU_demand,598.9,734,831,842.335,935.75,1114.325,Surged Additional 50% Reduction,Iraq,IRQ,2020-06-17,v3
2020-06-15,infections,28383.8,34550.75,40298.5,40834.64,45982.75,55873.125,Surged Additional 50% Reduction,Iraq,IRQ,2020-06-17,v3
2020-06-15,Rt,1.61216055185408,1.68376799426189,1.708506598166,1.71230775369712,1.74838927523297,1.79688001219842,Surged Additional 50% Reduction,Iraq,IRQ,2020-06-17,v3
2020-06-15,cumulative_infections,385201.55,459809.5,513707,521121.33,572757.75,681275.85,Surged Maintain Status Quo,Iraq,IRQ,2020-06-17,v3
2020-06-15,deaths,33,41,48,49.345,56,72,Surged Maintain Status Quo,Iraq,IRQ,2020-06-17,v3
2020-06-15,hospital_demand,2448.7,3062.5,3449.5,3495.51,3894.75,4741.775,Surged Maintain Status Quo,Iraq,IRQ,2020-06-17,v3
2020-06-15,ICU_demand,598.9,734,831,842.335,935.75,1114.325,Surged Maintain Status Quo,Iraq,IRQ,2020-06-17,v3
2020-06-15,infections,28383.8,34550.75,40298.5,40834.64,45982.75,55873.125,Surged Maintain Status Quo,Iraq,IRQ,2020-06-17,v3
2020-06-15,Rt,1.61216055185408,1.68376799426189,1.708506598166,1.71230775369712,1.74838927523297,1.79688001219842,Surged Maintain Status Quo,Iraq,IRQ,2020-06-17,v3
2020-06-15,cumulative_infections,385201.55,459809.5,513707,521121.33,572757.75,681275.85,Surged Relax Interventions 50%,Iraq,IRQ,2020-06-17,v3
2020-06-15,deaths,33,41,48,49.345,56,72,Surged Relax Interventions 50%,Iraq,IRQ,2020-06-17,v3
2020-06-15,hospital_demand,2448.7,3062.5,3449.5,3495.51,3894.75,4741.775,Surged Relax Interventions 50%,Iraq,IRQ,2020-06-17,v3
2020-06-15,ICU_demand,598.9,734,831,842.335,935.75,1114.325,Surged Relax Interventions 50%,Iraq,IRQ,2020-06-17,v3
2020-06-15,infections,28383.8,34550.75,40298.5,40834.64,45982.75,55873.125,Surged Relax Interventions 50%,Iraq,IRQ,2020-06-17,v3
2020-06-15,Rt,1.61216055185408,1.68376799426189,1.708506598166,1.71230775369712,1.74838927523297,1.79688001219842,Surged Relax Interventions 50%,Iraq,IRQ,2020-06-17,v3
2020-06-16,cumulative_infections,415020.225,497024.25,556888.5,572288.075,639890.75,771297.4,Additional 50% Reduction,Iraq,IRQ,2020-06-17,v3
2020-06-16,deaths,35.95,47.75,53,54.495,61,79.05,Additional 50% Reduction,Iraq,IRQ,2020-06-17,v3
2020-06-16,hospital_demand,2741.875,3307.25,3768,3856.13,4382,5299.25,Additional 50% Reduction,Iraq,IRQ,2020-06-17,v3
2020-06-16,ICU_demand,656.85,799.75,917.5,934.405,1057.75,1282.175,Additional 50% Reduction,Iraq,IRQ,2020-06-17,v3
2020-06-16,infections,30241.2,37931,43882.5,45165.295,51400,65196.775,Additional 50% Reduction,Iraq,IRQ,2020-06-17,v3
2020-06-16,Rt,1.62422472377756,1.68643916218338,1.71474358181231,1.71466655618932,1.74642661303374,1.80274767325511,Additional 50% Reduction,Iraq,IRQ,2020-06-17,v3
2020-06-16,cumulative_infections,415020.225,497024.25,556888.5,572288.075,639890.75,771297.4,Maintain Status Quo,Iraq,IRQ,2020-06-17,v3
2020-06-16,deaths,35.95,47.75,53,54.495,61,79.05,Maintain Status Quo,Iraq,IRQ,2020-06-17,v3
2020-06-16,hospital_demand,2741.875,3307.25,3768,3856.13,4382,5299.25,Maintain Status Quo,Iraq,IRQ,2020-06-17,v3
2020-06-16,ICU_demand,656.85,799.75,917.5,934.405,1057.75,1282.175,Maintain Status Quo,Iraq,IRQ,2020-06-17,v3
2020-06-16,infections,30241.2,37931,43882.5,45165.295,51400,65196.775,Maintain Status Quo,Iraq,IRQ,2020-06-17,v3
2020-06-16,Rt,1.62422472377756,1.68643916218338,1.71474358181231,1.71466655618932,1.74642661303374,1.80274767325511,Maintain Status Quo,Iraq,IRQ,2020-06-17,v3
2020-06-16,cumulative_infections,415020.225,497024.25,556888.5,572288.075,639890.75,771297.4,Relax Interventions 50%,Iraq,IRQ,2020-06-17,v3
2020-06-16,deaths,35.95,47.75,53,54.495,61,79.05,Relax Interventions 50%,Iraq,IRQ,2020-06-17,v3
2020-06-16,hospital_demand,2741.875,3307.25,3768,3856.13,4382,5299.25,Relax Interventions 50%,Iraq,IRQ,2020-06-17,v3
2020-06-16,ICU_demand,656.85,799.75,917.5,934.405,1057.75,1282.175,Relax Interventions 50%,Iraq,IRQ,2020-06-17,v3
2020-06-16,infections,30241.2,37931,43882.5,45165.295,51400,65196.775,Relax Interventions 50%,Iraq,IRQ,2020-06-17,v3
2020-06-16,Rt,1.62422472377756,1.68643916218338,1.71474358181231,1.71466655618932,1.74642661303374,1.80274767325511,Relax Interventions 50%,Iraq,IRQ,2020-06-17,v3
2020-06-16,cumulative_infections,415430.8,498990.25,557700,565592.965,623045,742182.225,Surged Additional 50% Reduction,Iraq,IRQ,2020-06-17,v3
2020-06-16,deaths,33,45,52,53.38,60,79.025,Surged Additional 50% Reduction,Iraq,IRQ,2020-06-17,v3
2020-06-16,hospital_demand,2691.925,3306.75,3748.5,3805.105,4237.75,5138.9,Surged Additional 50% Reduction,Iraq,IRQ,2020-06-17,v3
2020-06-16,ICU_demand,654.925,803.25,906.5,919.855,1023.25,1222.175,Surged Additional 50% Reduction,Iraq,IRQ,2020-06-17,v3
2020-06-16,infections,30979,37621.75,43783,44471.635,50030,60993.55,Surged Additional 50% Reduction,Iraq,IRQ,2020-06-17,v3
2020-06-16,Rt,1.61216055185408,1.68376799426189,1.708506598166,1.71230775369712,1.74838927523297,1.79688001219842,Surged Additional 50% Reduction,Iraq,IRQ,2020-06-17,v3
2020-06-16,cumulative_infections,415430.8,498990.25,557700,565592.965,623045,742182.225,Surged Maintain Status Quo,Iraq,IRQ,2020-06-17,v3
2020-06-16,deaths,33,45,52,53.38,60,79.025,Surged Maintain Status Quo,Iraq,IRQ,2020-06-17,v3
2020-06-16,hospital_demand,2691.925,3306.75,3748.5,3805.105,4237.75,5138.9,Surged Maintain Status Quo,Iraq,IRQ,2020-06-17,v3
2020-06-16,ICU_demand,654.925,803.25,906.5,919.855,1023.25,1222.175,Surged Maintain Status Quo,Iraq,IRQ,2020-06-17,v3
2020-06-16,infections,30979,37621.75,43783,44471.635,50030,60993.55,Surged Maintain Status Quo,Iraq,IRQ,2020-06-17,v3
2020-06-16,Rt,1.61216055185408,1.68376799426189,1.708506598166,1.71230775369712,1.74838927523297,1.79688001219842,Surged Maintain Status Quo,Iraq,IRQ,2020-06-17,v3
2020-06-16,cumulative_infections,415430.8,498990.25,557700,565592.965,623045,742182.225,Surged Relax Interventions 50%,Iraq,IRQ,2020-06-17,v3
2020-06-16,deaths,33,45,52,53.38,60,79.025,Surged Relax Interventions 50%,Iraq,IRQ,2020-06-17,v3
2020-06-16,hospital_demand,2691.925,3306.75,3748.5,3805.105,4237.75,5138.9,Surged Relax Interventions 50%,Iraq,IRQ,2020-06-17,v3
2020-06-16,ICU_demand,654.925,803.25,906.5,919.855,1023.25,1222.175,Surged Relax Interventions 50%,Iraq,IRQ,2020-06-17,v3
2020-06-16,infections,30979,37621.75,43783,44471.635,50030,60993.55,Surged Relax Interventions 50%,Iraq,IRQ,2020-06-17,v3
2020-06-16,Rt,1.61216055185408,1.68376799426189,1.708506598166,1.71230775369712,1.74838927523297,1.79688001219842,Surged Relax Interventions 50%,Iraq,IRQ,2020-06-17,v3
2020-06-17,cumulative_infections,446316.125,538891.5,604642.5,621415.51,696292.75,842304.875,Additional 50% Reduction,Iraq,IRQ,2020-06-17,v3
2020-06-17,deaths,35.975,49,59,59.215,67,92.025,Additional 50% Reduction,Iraq,IRQ,2020-06-17,v3
2020-06-17,hospital_demand,2986.3,3648.75,4089.5,4204.85,4781,5855.6,Additional 50% Reduction,Iraq,IRQ,2020-06-17,v3
2020-06-17,ICU_demand,714.575,866.5,993,1019.66,1151.75,1406.425,Additional 50% Reduction,Iraq,IRQ,2020-06-17,v3
2020-06-17,infections,32603.55,41196,47729,49127.435,56089.25,70947.5,Additional 50% Reduction,Iraq,IRQ,2020-06-17,v3
2020-06-17,Rt,1.62422472377756,1.68643916218338,1.71474358181231,1.71466655618932,1.74642661303374,1.80274767325511,Additional 50% Reduction,Iraq,IRQ,2020-06-17,v3
2020-06-17,cumulative_infections,446316.125,538891.5,604642.5,621415.51,696292.75,842304.875,Maintain Status Quo,Iraq,IRQ,2020-06-17,v3
2020-06-17,deaths,35.975,49,59,59.215,67,92.025,Maintain Status Quo,Iraq,IRQ,2020-06-17,v3
2020-06-17,hospital_demand,2986.3,3648.75,4089.5,4204.85,4781,5855.6,Maintain Status Quo,Iraq,IRQ,2020-06-17,v3
2020-06-17,ICU_demand,714.575,866.5,993,1019.66,1151.75,1406.425,Maintain Status Quo,Iraq,IRQ,2020-06-17,v3
2020-06-17,infections,32603.55,41196,47729,49127.435,56089.25,70947.5,Maintain Status Quo,Iraq,IRQ,2020-06-17,v3
2020-06-17,Rt,1.62422472377756,1.68643916218338,1.71474358181231,1.71466655618932,1.74642661303374,1.80274767325511,Maintain Status Quo,Iraq,IRQ,2020-06-17,v3
2020-06-17,cumulative_infections,446316.125,538891.5,604642.5,621415.51,696292.75,842304.875,Relax Interventions 50%,Iraq,IRQ,2020-06-17,v3
2020-06-17,deaths,35.975,49,59,59.215,67,92.025,Relax Interventions 50%,Iraq,IRQ,2020-06-17,v3
2020-06-17,hospital_demand,2986.3,3648.75,4089.5,4204.85,4781,5855.6,Relax Interventions 50%,Iraq,IRQ,2020-06-17,v3
2020-06-17,ICU_demand,714.575,866.5,993,1019.66,1151.75,1406.425,Relax Interventions 50%,Iraq,IRQ,2020-06-17,v3
2020-06-17,infections,32603.55,41196,47729,49127.435,56089.25,70947.5,Relax Interventions 50%,Iraq,IRQ,2020-06-17,v3
2020-06-17,Rt,1.62422472377756,1.68643916218338,1.71474358181231,1.71466655618932,1.74642661303374,1.80274767325511,Relax Interventions 50%,Iraq,IRQ,2020-06-17,v3
2020-06-17,cumulative_infections,447584,540563.25,606672,613960.885,677298.5,808454.85,Surged Additional 50% Reduction,Iraq,IRQ,2020-06-17,v3
2020-06-17,deaths,38,50,56.5,58.32,66,84.05,Surged Additional 50% Reduction,Iraq,IRQ,2020-06-17,v3
2020-06-17,hospital_demand,2938.85,3588.25,4093,4146.035,4622.25,5598.7,Surged Additional 50% Reduction,Iraq,IRQ,2020-06-17,v3
2020-06-17,ICU_demand,718.475,882.25,991,1002.215,1122.25,1344.075,Surged Additional 50% Reduction,Iraq,IRQ,2020-06-17,v3
2020-06-17,infections,33303.175,40997,47718,48367.92,54446.5,66803.975,Surged Additional 50% Reduction,Iraq,IRQ,2020-06-17,v3
2020-06-17,Rt,1.61216055185408,1.68376799426189,1.708506598166,1.71230775369712,1.74838927523297,1.79688001219842,Surged Additional 50% Reduction,Iraq,IRQ,2020-06-17,v3
2020-06-17,cumulative_infections,447584,540563.25,606672,613960.885,677298.5,808454.85,Surged Maintain Status Quo,Iraq,IRQ,2020-06-17,v3
2020-06-17,deaths,38,50,56.5,58.32,66,84.05,Surged Maintain Status Quo,Iraq,IRQ,2020-06-17,v3
2020-06-17,hospital_demand,2938.85,3588.25,4093,4146.035,4622.25,5598.7,Surged Maintain Status Quo,Iraq,IRQ,2020-06-17,v3
2020-06-17,ICU_demand,718.475,882.25,991,1002.215,1122.25,1344.075,Surged Maintain Status Quo,Iraq,IRQ,2020-06-17,v3
2020-06-17,infections,33303.175,40997,47718,48367.92,54446.5,66803.975,Surged Maintain Status Quo,Iraq,IRQ,2020-06-17,v3
2020-06-17,Rt,1.61216055185408,1.68376799426189,1.708506598166,1.71230775369712,1.74838927523297,1.79688001219842,Surged Maintain Status Quo,Iraq,IRQ,2020-06-17,v3
2020-06-17,cumulative_infections,447584,540563.25,606672,613960.885,677298.5,808454.85,Surged Relax Interventions 50%,Iraq,IRQ,2020-06-17,v3
2020-06-17,deaths,38,50,56.5,58.32,66,84.05,Surged Relax Interventions 50%,Iraq,IRQ,2020-06-17,v3
2020-06-17,hospital_demand,2938.85,3588.25,4093,4146.035,4622.25,5598.7,Surged Relax Interventions 50%,Iraq,IRQ,2020-06-17,v3
2020-06-17,ICU_demand,718.475,882.25,991,1002.215,1122.25,1344.075,Surged Relax Interventions 50%,Iraq,IRQ,2020-06-17,v3
2020-06-17,infections,33303.175,40997,47718,48367.92,54446.5,66803.975,Surged Relax Interventions 50%,Iraq,IRQ,2020-06-17,v3
2020-06-17,Rt,1.61216055185408,1.68376799426189,1.708506598166,1.71230775369712,1.74838927523297,1.79688001219842,Surged Relax Interventions 50%,Iraq,IRQ,2020-06-17,v3
2020-06-18,cumulative_infections,479850.2,584263.5,657039,674011.98,754230.5,916096.8,Additional 50% Reduction,Iraq,IRQ,2020-06-17,v3
2020-06-18,deaths,38.925,56.75,66,66.59,74,95.2,Additional 50% Reduction,Iraq,IRQ,2020-06-17,v3
2020-06-18,hospital_demand,3204.075,3944.75,4448,4576.73,5226.5,6440.075,Additional 50% Reduction,Iraq,IRQ,2020-06-17,v3
2020-06-18,ICU_demand,772.825,943,1075,1107.5,1253.75,1525.6,Additional 50% Reduction,Iraq,IRQ,2020-06-17,v3
2020-06-18,infections,35051.725,43786.5,51045.5,52596.47,60011.5,76320.8,Additional 50% Reduction,Iraq,IRQ,2020-06-17,v3
2020-06-18,Rt,0.812112361888779,0.843219581091691,0.857371790906153,0.857333278094658,0.873213306516869,0.901373836627557,Additional 50% Reduction,Iraq,IRQ,2020-06-17,v3
2020-06-18,cumulative_infections,480204.825,585297,657913.5,674858.79,755123,917191.4,Maintain Status Quo,Iraq,IRQ,2020-06-17,v3
2020-06-18,deaths,40,54,63,64.755,74,94.075,Maintain Status Quo,Iraq,IRQ,2020-06-17,v3
2020-06-18,hospital_demand,3227.025,3953.75,4453.5,4577.455,5189.75,6436.55,Maintain Status Quo,Iraq,IRQ,2020-06-17,v3
2020-06-18,ICU_demand,775.575,945.75,1080.5,1109.385,1258.25,1529.725,Maintain Status Quo,Iraq,IRQ,2020-06-17,v3
2020-06-18,infections,35055.725,44646.25,51769.5,53443.28,61180.25,77756.35,Maintain Status Quo,Iraq,IRQ,2020-06-17,v3
2020-06-18,Rt,1.62422472377756,1.68643916218338,1.71474358181231,1.71466655618932,1.74642661303374,1.80274767325511,Maintain Status Quo,Iraq,IRQ,2020-06-17,v3
2020-06-18,cumulative_infections,480795.825,585831,658541,675385.73,755701.5,918053.825,Relax Interventions 50%,Iraq,IRQ,2020-06-17,v3
2020-06-18,deaths,41.975,55.75,63.5,66.35,74,106,Relax Interventions 50%,Iraq,IRQ,2020-06-17,v3
2020-06-18,hospital_demand,3225.825,3967.25,4432,4579.11,5174.75,6408.9,Relax Interventions 50%,Iraq,IRQ,2020-06-17,v3
2020-06-18,ICU_demand,774.575,948.5,1074,1107.61,1256,1517.075,Relax Interventions 50%,Iraq,IRQ,2020-06-17,v3
2020-06-18,infections,35643.9,44862.5,52296,53970.22,61618.5,78255.825,Relax Interventions 50%,Iraq,IRQ,2020-06-17,v3
2020-06-18,Rt,2.1746629412744,2.25796141077355,2.2958579970896,2.29575486803031,2.33827818245917,2.41368604978424,Relax Interventions 50%,Iraq,IRQ,2020-06-17,v3
2020-06-18,cumulative_infections,483958.275,585853.75,657397,665727.785,735202.75,879667.7,Surged Additional 50% Reduction,Iraq,IRQ,2020-06-17,v3
2020-06-18,deaths,38,54,63,63.73,73,89,Surged Additional 50% Reduction,Iraq,IRQ,2020-06-17,v3
2020-06-18,hospital_demand,3271.025,3870,4458,4508.685,5053.5,6073.8,Surged Additional 50% Reduction,Iraq,IRQ,2020-06-17,v3
2020-06-18,ICU_demand,763.975,956.5,1080,1091.885,1219.25,1477.025,Surged Additional 50% Reduction,Iraq,IRQ,2020-06-17,v3
2020-06-18,infections,35230.85,43566.5,50922.5,51766.9,58365.75,71471.65,Surged Additional 50% Reduction,Iraq,IRQ,2020-06-17,v3
2020-06-18,Rt,0.806080275927038,0.841883997130944,0.854253299083001,0.85615387684856,0.874194637616486,0.89844000609921,Surged Additional 50% Reduction,Iraq,IRQ,2020-06-17,v3
2020-06-18,cumulative_infections,484656.825,586560.5,658323,666535.165,736302,880566.3,Surged Maintain Status Quo,Iraq,IRQ,2020-06-17,v3
2020-06-18,deaths,40,54,62.5,63.255,72,91,Surged Maintain Status Quo,Iraq,IRQ,2020-06-17,v3
2020-06-18,hospital_demand,3182.225,3880.75,4452,4517.57,5059.25,6072.975,Surged Maintain Status Quo,Iraq,IRQ,2020-06-17,v3
2020-06-18,ICU_demand,762.875,952,1077.5,1091.16,1220.25,1456.55,Surged Maintain Status Quo,Iraq,IRQ,2020-06-17,v3
2020-06-18,infections,35953.15,44261,51574,52574.28,59266.75,72589.4,Surged Maintain Status Quo,Iraq,IRQ,2020-06-17,v3
2020-06-18,Rt,1.61216055185408,1.68376799426189,1.708506598166,1.71230775369712,1.74838927523297,1.79688001219842,Surged Maintain Status Quo,Iraq,IRQ,2020-06-17,v3
2020-06-18,cumulative_infections,484873.6,587063,658881.5,667093.99,736757.75,881295.35,Surged Relax Interventions 50%,Iraq,IRQ,2020-06-17,v3
2020-06-18,deaths,41.9,54,63,63.34,72,86,Surged Relax Interventions 50%,Iraq,IRQ,2020-06-17,v3
2020-06-18,hospital_demand,3236.75,3909.5,4468,4518.875,5062.25,6068.225,Surged Relax Interventions 50%,Iraq,IRQ,2020-06-17,v3
2020-06-18,ICU_demand,772.775,956,1072.5,1091.115,1221,1459.025,Surged Relax Interventions 50%,Iraq,IRQ,2020-06-17,v3
2020-06-18,infections,36368.725,44605.75,52128.5,53133.105,59930,73362.725,Surged Relax Interventions 50%,Iraq,IRQ,2020-06-17,v3
2020-06-18,Rt,2.15851030721146,2.2543850030242,2.28750734400422,2.29259668413465,2.34090597693147,2.40582988008977,Surged Relax Interventions 50%,Iraq,IRQ,2020-06-17,v3
2020-06-19,cumulative_infections,514704.625,629452.25,710387,726964.005,812408.25,992096.95,Additional 50% Reduction,Iraq,IRQ,2020-06-17,v3
2020-06-19,deaths,47,59,70,74.815,82,139.25,Additional 50% Reduction,Iraq,IRQ,2020-06-17,v3
2020-06-19,hospital_demand,3437.65,4276.5,4815,4981.89,5664.25,7037.75,Additional 50% Reduction,Iraq,IRQ,2020-06-17,v3
2020-06-19,ICU_demand,835.725,1026.75,1165.5,1200.585,1359,1629.125,Additional 50% Reduction,Iraq,IRQ,2020-06-17,v3
2020-06-19,infections,35045.725,44155.5,51456,52952.025,60442.25,77332.65,Additional 50% Reduction,Iraq,IRQ,2020-06-17,v3
2020-06-19,Rt,0.812112361888779,0.843219581091691,0.857371790906153,0.857333278094658,0.873213306516869,0.901373836627557,Additional 50% Reduction,Iraq,IRQ,2020-06-17,v3
2020-06-19,cumulative_infections,518598.875,634605.25,716066,732918.2,818641.5,1001823.475,Maintain Status Quo,Iraq,IRQ,2020-06-17,v3
2020-06-19,deaths,46,59,69.5,74.505,80,157,Maintain Status Quo,Iraq,IRQ,2020-06-17,v3
2020-06-19,hospital_demand,3500.425,4282,4846,4984.395,5651.5,6979.275,Maintain Status Quo,Iraq,IRQ,2020-06-17,v3
2020-06-19,ICU_demand,836.5,1033.5,1179.5,1205.135,1372.75,1634.15,Maintain Status Quo,Iraq,IRQ,2020-06-17,v3
2020-06-19,infections,38048.3,48308.5,56326.5,58059.41,66414.5,84958.075,Maintain Status Quo,Iraq,IRQ,2020-06-17,v3
2020-06-19,Rt,1.62422472377756,1.68643916218338,1.71474358181231,1.71466655618932,1.74642661303374,1.80274767325511,Maintain Status Quo,Iraq,IRQ,2020-06-17,v3
2020-06-19,cumulative_infections,521290.45,638026.75,720287,736944.975,823661.75,1007139.425,Relax Interventions 50%,Iraq,IRQ,2020-06-17,v3
2020-06-19,deaths,45,56,70,73.875,82,144.075,Relax Interventions 50%,Iraq,IRQ,2020-06-17,v3
2020-06-19,hospital_demand,3454.7,4312,4840.5,4991.965,5621.75,7033.475,Relax Interventions 50%,Iraq,IRQ,2020-06-17,v3
2020-06-19,ICU_demand,824.925,1027.5,1180,1204.075,1383.75,1624.125,Relax Interventions 50%,Iraq,IRQ,2020-06-17,v3
2020-06-19,infections,40201.425,51253.25,59629.5,61559.245,70825,90020.625,Relax Interventions 50%,Iraq,IRQ,2020-06-17,v3
2020-06-19,Rt,2.1746629412744,2.25796141077355,2.2958579970896,2.29575486803031,2.33827818245917,2.41368604978424,Relax Interventions 50%,Iraq,IRQ,2020-06-17,v3
2020-06-19,cumulative_infections,519406.525,629829,707785,717825.895,795695.5,947745.075,Surged Additional 50% Reduction,Iraq,IRQ,2020-06-17,v3
2020-06-19,deaths,47,59,69,69.885,79.25,102.025,Surged Additional 50% Reduction,Iraq,IRQ,2020-06-17,v3
2020-06-19,hospital_demand,3463.35,4197.25,4835,4906.73,5487,6561.65,Surged Additional 50% Reduction,Iraq,IRQ,2020-06-17,v3
2020-06-19,ICU_demand,815.95,1032.5,1175.5,1186.785,1330,1606.275,Surged Additional 50% Reduction,Iraq,IRQ,2020-06-17,v3
2020-06-19,infections,35412.225,43642.25,51089,52098.11,58715.75,71825.6,Surged Additional 50% Reduction,Iraq,IRQ,2020-06-17,v3
2020-06-19,Rt,0.806080275927038,0.841883997130944,0.854253299083001,0.85615387684856,0.874194637616486,0.89844000609921,Surged Additional 50% Reduction,Iraq,IRQ,2020-06-17,v3
2020-06-19,cumulative_infections,523718.85,634274.75,713588,723709.555,802890.25,955123.1,Surged Maintain Status Quo,Iraq,IRQ,2020-06-17,v3
2020-06-19,deaths,48.95,60,69,69.95,79,95.025,Surged Maintain Status Quo,Iraq,IRQ,2020-06-17,v3
2020-06-19,hospital_demand,3438.775,4234.25,4850.5,4921.475,5498.5,6603.325,Surged Maintain Status Quo,Iraq,IRQ,2020-06-17,v3
2020-06-19,ICU_demand,831.925,1034,1170,1188.075,1327.25,1591.275,Surged Maintain Status Quo,Iraq,IRQ,2020-06-17,v3
2020-06-19,infections,38633.375,48075.75,55905.5,57174.39,64559.25,78626.725,Surged Maintain Status Quo,Iraq,IRQ,2020-06-17,v3
2020-06-19,Rt,1.61216055185408,1.68376799426189,1.708506598166,1.71230775369712,1.74838927523297,1.79688001219842,Surged Maintain Status Quo,Iraq,IRQ,2020-06-17,v3
2020-06-19,cumulative_infections,526513.425,637633.75,717550.5,727692.435,807395.25,960158.375,Surged Relax Interventions 50%,Iraq,IRQ,2020-06-17,v3
2020-06-19,deaths,46,60,69,69.44,78,96.025,Surged Relax Interventions 50%,Iraq,IRQ,2020-06-17,v3
2020-06-19,hospital_demand,3484.975,4233,4864.5,4919.615,5520.5,6577.925,Surged Relax Interventions 50%,Iraq,IRQ,2020-06-17,v3
2020-06-19,ICU_demand,833.75,1033.75,1164.5,1187.9,1327.5,1606.25,Surged Relax Interventions 50%,Iraq,IRQ,2020-06-17,v3
2020-06-19,infections,40759.875,50794.25,59704.5,60598.445,68565.75,83964.175,Surged Relax Interventions 50%,Iraq,IRQ,2020-06-17,v3
2020-06-19,Rt,2.15851030721146,2.2543850030242,2.28750734400422,2.29259668413465,2.34090597693147,2.40582988008977,Surged Relax Interventions 50%,Iraq,IRQ,2020-06-17,v3
2020-06-20,cumulative_infections,547592.225,672026.25,761630,778506.425,869072.25,1067881.175,Additional 50% Reduction,Iraq,IRQ,2020-06-17,v3
2020-06-20,deaths,49,62.75,75,87.505,91,209.35,Additional 50% Reduction,Iraq,IRQ,2020-06-17,v3
2020-06-20,hospital_demand,3688.25,4633.5,5235.5,5408.515,6166,7672.25,Additional 50% Reduction,Iraq,IRQ,2020-06-17,v3
2020-06-20,ICU_demand,888.9,1117.75,1266,1293.895,1479,1687.15,Additional 50% Reduction,Iraq,IRQ,2020-06-17,v3
2020-06-20,infections,33559.6,42750.75,49819,51542.42,59191.75,75298.775,Additional 50% Reduction,Iraq,IRQ,2020-06-17,v3
2020-06-20,Rt,0.812112361888779,0.843219581091691,0.857371790906153,0.857333278094658,0.873213306516869,0.901373836627557,Additional 50% Reduction,Iraq,IRQ,2020-06-17,v3
2020-06-20,cumulative_infections,557221.9,686978,777878.5,796028.49,887859.25,1094719.3,Maintain Status Quo,Iraq,IRQ,2020-06-17,v3
2020-06-20,deaths,49.975,64,74,87.85,88,233.175,Maintain Status Quo,Iraq,IRQ,2020-06-17,v3
2020-06-20,hospital_demand,3805.125,4656,5266,5428.105,6158.25,7617.475,Maintain Status Quo,Iraq,IRQ,2020-06-17,v3
2020-06-20,ICU_demand,909.725,1124.75,1288,1301.645,1494.75,1706.075,Maintain Status Quo,Iraq,IRQ,2020-06-17,v3
2020-06-20,infections,41174.75,52391,61052.5,63110.29,72662.5,92892.475,Maintain Status Quo,Iraq,IRQ,2020-06-17,v3
2020-06-20,Rt,1.62422472377756,1.68643916218338,1.71474358181231,1.71466655618932,1.74642661303374,1.80274767325511,Maintain Status Quo,Iraq,IRQ,2020-06-17,v3
2020-06-20,cumulative_infections,564550.075,697048.5,789398,808037.575,901567.75,1112265.9,Relax Interventions 50%,Iraq,IRQ,2020-06-17,v3
2020-06-20,deaths,49,66,74.5,88.565,91,218.225,Relax Interventions 50%,Iraq,IRQ,2020-06-17,v3
2020-06-20,hospital_demand,3768.075,4653.5,5284,5447.84,6187.25,7667.1,Relax Interventions 50%,Iraq,IRQ,2020-06-17,v3
2020-06-20,ICU_demand,897.8,1117.25,1290,1301.515,1499.75,1673.525,Relax Interventions 50%,Iraq,IRQ,2020-06-17,v3
2020-06-20,infections,46257.75,59279.5,68837.5,71092.6,81777.5,104308.525,Relax Interventions 50%,Iraq,IRQ,2020-06-17,v3
2020-06-20,Rt,2.1746629412744,2.25796141077355,2.2958579970896,2.29575486803031,2.33827818245917,2.41368604978424,Relax Interventions 50%,Iraq,IRQ,2020-06-17,v3
2020-06-20,cumulative_infections,554748.3,672358.25,758014.5,768548.75,854425.75,1012830.625,Surged Additional 50% Reduction,Iraq,IRQ,2020-06-17,v3
2020-06-20,deaths,47.975,67,75,76.135,85,105.1,Surged Additional 50% Reduction,Iraq,IRQ,2020-06-17,v3
2020-06-20,hospital_demand,3729.9,4552.75,5249,5326.24,5961.5,7135.675,Surged Additional 50% Reduction,Iraq,IRQ,2020-06-17,v3
2020-06-20,ICU_demand,879.4,1123,1270.5,1287.78,1447.75,1748.625,Surged Additional 50% Reduction,Iraq,IRQ,2020-06-17,v3
2020-06-20,infections,34318.7,42521.25,49754.5,50722.855,57554,70389,Surged Additional 50% Reduction,Iraq,IRQ,2020-06-17,v3
2020-06-20,Rt,0.806080275927038,0.841883997130944,0.854253299083001,0.85615387684856,0.874194637616486,0.89844000609921,Surged Additional 50% Reduction,Iraq,IRQ,2020-06-17,v3
2020-06-20,cumulative_infections,568076.025,686626.5,775130.5,785828.99,873868.25,1036267.425,Surged Maintain Status Quo,Iraq,IRQ,2020-06-17,v3
2020-06-20,deaths,50.975,64,74,76.46,87,106.075,Surged Maintain Status Quo,Iraq,IRQ,2020-06-17,v3
2020-06-20,hospital_demand,3704.35,4618.25,5281.5,5359.03,6032.5,7218.825,Surged Maintain Status Quo,Iraq,IRQ,2020-06-17,v3
2020-06-20,ICU_demand,903.775,1121.5,1274.5,1291.605,1444.75,1742,Surged Maintain Status Quo,Iraq,IRQ,2020-06-17,v3
2020-06-20,infections,41914.3,51783,61200,62119.435,70316.25,85997.7,Surged Maintain Status Quo,Iraq,IRQ,2020-06-17,v3
2020-06-20,Rt,1.61216055185408,1.68376799426189,1.708506598166,1.71230775369712,1.74838927523297,1.79688001219842,Surged Maintain Status Quo,Iraq,IRQ,2020-06-17,v3
2020-06-20,cumulative_infections,577440.05,696232.75,786752,797676.76,887571,1053662.4,Surged Relax Interventions 50%,Iraq,IRQ,2020-06-17,v3
2020-06-20,deaths,48.975,64.75,75.5,76.08,87,104.075,Surged Relax Interventions 50%,Iraq,IRQ,2020-06-17,v3
2020-06-20,hospital_demand,3766.475,4617.75,5311,5367.265,6008.5,7238.675,Surged Relax Interventions 50%,Iraq,IRQ,2020-06-17,v3
2020-06-20,ICU_demand,911.75,1123.5,1278,1295.995,1450,1760.275,Surged Relax Interventions 50%,Iraq,IRQ,2020-06-17,v3
2020-06-20,infections,47135.2,58566.5,68656,69984.325,79140,96975.675,Surged Relax Interventions 50%,Iraq,IRQ,2020-06-17,v3
2020-06-20,Rt,2.15851030721146,2.2543850030242,2.28750734400422,2.29259668413465,2.34090597693147,2.40582988008977,Surged Relax Interventions 50%,Iraq,IRQ,2020-06-17,v3
2020-06-21,cumulative_infections,579138.95,713502.5,808419,828228.92,923529.5,1141632.125,Additional 50% Reduction,Iraq,IRQ,2020-06-17,v3
2020-06-21,deaths,51.975,68,84,106.66,116,259.025,Additional 50% Reduction,Iraq,IRQ,2020-06-17,v3
2020-06-21,hospital_demand,3954.275,4983.25,5661.5,5837.14,6624.75,8227.15,Additional 50% Reduction,Iraq,IRQ,2020-06-17,v3
2020-06-21,ICU_demand,975.75,1216,1364,1374.33,1589.5,1687.175,Additional 50% Reduction,Iraq,IRQ,2020-06-17,v3
2020-06-21,infections,32114.65,41252,48173,49722.495,57145.75,73170.825,Additional 50% Reduction,Iraq,IRQ,2020-06-17,v3
2020-06-21,Rt,0.812112361888779,0.843219581091691,0.857371790906153,0.857333278094658,0.873213306516869,0.901373836627557,Additional 50% Reduction,Iraq,IRQ,2020-06-17,v3
2020-06-21,cumulative_infections,603756.6,744402.5,841109,864570.795,965035.75,1196093.9,Maintain Status Quo,Iraq,IRQ,2020-06-17,v3
2020-06-21,deaths,51.95,70.75,83,109.7,125.5,278.075,Maintain Status Quo,Iraq,IRQ,2020-06-17,v3
2020-06-21,hospital_demand,4119.225,5010.75,5717.5,5911.715,6711.25,8380.7,Maintain Status Quo,Iraq,IRQ,2020-06-17,v3
2020-06-21,ICU_demand,985.275,1223.25,1396,1390.045,1606.75,1717.05,Maintain Status Quo,Iraq,IRQ,2020-06-17,v3
2020-06-21,infections,43915,56590.25,66547.5,68542.305,79295.5,101207.4,Maintain Status Quo,Iraq,IRQ,2020-06-17,v3
2020-06-21,Rt,1.62422472377756,1.68643916218338,1.71474358181231,1.71466655618932,1.74642661303374,1.80274767325511,Maintain Status Quo,Iraq,IRQ,2020-06-17,v3
2020-06-21,cumulative_infections,621066.9,766605.25,866398.5,889975.58,994603,1233225.375,Relax Interventions 50%,Iraq,IRQ,2020-06-17,v3
2020-06-21,deaths,54,70,84,110.39,121.5,268.125,Relax Interventions 50%,Iraq,IRQ,2020-06-17,v3
2020-06-21,hospital_demand,4091.325,5120,5787.5,5963.26,6772.25,8413.75,Relax Interventions 50%,Iraq,IRQ,2020-06-17,v3
2020-06-21,ICU_demand,969.575,1211,1410.5,1398.925,1621,1723,Relax Interventions 50%,Iraq,IRQ,2020-06-17,v3
2020-06-21,infections,52616.825,67871.75,79492,81938.005,94587,120959.475,Relax Interventions 50%,Iraq,IRQ,2020-06-17,v3
2020-06-21,Rt,2.1746629412744,2.25796141077355,2.2958579970896,2.29575486803031,2.33827818245917,2.41368604978424,Relax Interventions 50%,Iraq,IRQ,2020-06-17,v3
2020-06-21,cumulative_infections,591517.725,712456,805612.5,817478.385,909679.5,1081587.25,Surged Additional 50% Reduction,Iraq,IRQ,2020-06-17,v3
2020-06-21,deaths,55,70,81.5,82.155,93,116.025,Surged Additional 50% Reduction,Iraq,IRQ,2020-06-17,v3
2020-06-21,hospital_demand,3995.775,4915.5,5664,5753.22,6424.5,7736.075,Surged Additional 50% Reduction,Iraq,IRQ,2020-06-17,v3
2020-06-21,ICU_demand,937.65,1206.75,1359.5,1391.31,1563.25,1881.525,Surged Additional 50% Reduction,Iraq,IRQ,2020-06-17,v3
2020-06-21,infections,33110.05,40834.25,47977.5,48929.635,55436.5,68095.55,Surged Additional 50% Reduction,Iraq,IRQ,2020-06-17,v3
2020-06-21,Rt,0.806080275927038,0.841883997130944,0.854253299083001,0.85615387684856,0.874194637616486,0.89844000609921,Surged Additional 50% Reduction,Iraq,IRQ,2020-06-17,v3
2020-06-21,cumulative_infections,619455.35,741676.5,839457.5,853278.955,950533.75,1133637.75,Surged Maintain Status Quo,Iraq,IRQ,2020-06-17,v3
2020-06-21,deaths,54,71,80.5,81.715,91,115.025,Surged Maintain Status Quo,Iraq,IRQ,2020-06-17,v3
2020-06-21,hospital_demand,3993.525,4978.5,5727.5,5829.85,6570.75,7896.525,Surged Maintain Status Quo,Iraq,IRQ,2020-06-17,v3
2020-06-21,ICU_demand,984.9,1210.5,1374.5,1405.655,1583.25,1900.575,Surged Maintain Status Quo,Iraq,IRQ,2020-06-17,v3
2020-06-21,infections,45135.525,56342.75,65973.5,67449.965,76699,93905.225,Surged Maintain Status Quo,Iraq,IRQ,2020-06-17,v3
2020-06-21,Rt,1.61216055185408,1.68376799426189,1.708506598166,1.71230775369712,1.74838927523297,1.79688001219842,Surged Maintain Status Quo,Iraq,IRQ,2020-06-17,v3
2020-06-21,cumulative_infections,638141.975,761983.5,863128,878344.485,978636.5,1169929,Surged Relax Interventions 50%,Iraq,IRQ,2020-06-17,v3
2020-06-21,deaths,56,69.75,81,82.07,92,119.05,Surged Relax Interventions 50%,Iraq,IRQ,2020-06-17,v3
2020-06-21,hospital_demand,4121.45,5006.75,5815.5,5870.96,6598.75,7945,Surged Relax Interventions 50%,Iraq,IRQ,2020-06-17,v3
2020-06-21,ICU_demand,987.7,1222.75,1399.5,1418.545,1588.25,1931.025,Surged Relax Interventions 50%,Iraq,IRQ,2020-06-17,v3
2020-06-21,infections,53672.175,67294.25,79182.5,80667.725,91564.25,112199.325,Surged Relax Interventions 50%,Iraq,IRQ,2020-06-17,v3
2020-06-21,Rt,2.15851030721146,2.2543850030242,2.28750734400422,2.29259668413465,2.34090597693147,2.40582988008977,Surged Relax Interventions 50%,Iraq,IRQ,2020-06-17,v3
2020-06-22,cumulative_infections,612106.35,753766.5,852460,876243.79,978270.75,1212597.125,Additional 50% Reduction,Iraq,IRQ,2020-06-17,v3
2020-06-22,deaths,54,76,92,124.34,179,276.25,Additional 50% Reduction,Iraq,IRQ,2020-06-17,v3
2020-06-22,hospital_demand,4255.125,5312.75,6074.5,6255.875,7119.75,8864.975,Additional 50% Reduction,Iraq,IRQ,2020-06-17,v3
2020-06-22,ICU_demand,1042.85,1293.5,1458,1443.855,1630.5,1708.075,Additional 50% Reduction,Iraq,IRQ,2020-06-17,v3
2020-06-22,infections,31046.9,39749.5,46436.5,48014.87,55465.75,70868.25,Additional 50% Reduction,Iraq,IRQ,2020-06-17,v3
2020-06-22,Rt,0.812112361888779,0.843219581091691,0.857371790906153,0.857333278094658,0.873213306516869,0.901373836627557,Additional 50% Reduction,Iraq,IRQ,2020-06-17,v3
2020-06-22,cumulative_infections,655195.125,808293.5,912824,939019.365,1050992.5,1306938.925,Maintain Status Quo,Iraq,IRQ,2020-06-17,v3
2020-06-22,deaths,53,75,93,131.79,193.25,296.025,Maintain Status Quo,Iraq,IRQ,2020-06-17,v3
2020-06-22,hospital_demand,4412,5472.75,6193.5,6434.805,7342.75,9126.65,Maintain Status Quo,Iraq,IRQ,2020-06-17,v3
2020-06-22,ICU_demand,1088.85,1312,1515,1475.16,1657.25,1748.225,Maintain Status Quo,Iraq,IRQ,2020-06-17,v3
2020-06-22,infections,47163.475,61680.25,71969,74448.57,85809,109620.075,Maintain Status Quo,Iraq,IRQ,2020-06-17,v3
2020-06-22,Rt,1.62422472377756,1.68643916218338,1.71474358181231,1.71466655618932,1.74642661303374,1.80274767325511,Maintain Status Quo,Iraq,IRQ,2020-06-17,v3
2020-06-22,cumulative_infections,684599.525,847191.5,955699,984010.26,1103365.75,1373238.675,Relax Interventions 50%,Iraq,IRQ,2020-06-17,v3
2020-06-22,deaths,56.95,79,96.5,138.86,210.75,307.35,Relax Interventions 50%,Iraq,IRQ,2020-06-17,v3
2020-06-22,hospital_demand,4446.575,5594.5,6347.5,6558.285,7441.5,9306.775,Relax Interventions 50%,Iraq,IRQ,2020-06-17,v3
2020-06-22,ICU_demand,1040.85,1317,1534,1494.775,1671,1756.225,Relax Interventions 50%,Iraq,IRQ,2020-06-17,v3
2020-06-22,infections,59660.9,77710.25,90884,94034.68,108615.25,139040.825,Relax Interventions 50%,Iraq,IRQ,2020-06-17,v3
2020-06-22,Rt,2.1746629412744,2.25796141077355,2.2958579970896,2.29575486803031,2.33827818245917,2.41368604978424,Relax Interventions 50%,Iraq,IRQ,2020-06-17,v3
2020-06-22,cumulative_infections,627554.2,751076.5,850140,864725.825,963625.75,1149992.425,Surged Additional 50% Reduction,Iraq,IRQ,2020-06-17,v3
2020-06-22,deaths,58.925,76,88,89.87,103,128.075,Surged Additional 50% Reduction,Iraq,IRQ,2020-06-17,v3
2020-06-22,hospital_demand,4258.95,5257.75,6039,6164.885,6880.5,8313.5,Surged Additional 50% Reduction,Iraq,IRQ,2020-06-17,v3
2020-06-22,ICU_demand,1003.925,1283.75,1459,1490.745,1667.25,2015.8,Surged Additional 50% Reduction,Iraq,IRQ,2020-06-17,v3
2020-06-22,infections,31775.65,39459.75,46424.5,47247.44,53633.75,65757.725,Surged Additional 50% Reduction,Iraq,IRQ,2020-06-17,v3
2020-06-22,Rt,0.806080275927038,0.841883997130944,0.854253299083001,0.85615387684856,0.874194637616486,0.89844000609921,Surged Additional 50% Reduction,Iraq,IRQ,2020-06-17,v3
2020-06-22,cumulative_infections,672216.925,801558.5,907981.5,926486.14,1034312.5,1240038,Surged Maintain Status Quo,Iraq,IRQ,2020-06-17,v3
2020-06-22,deaths,60.975,75,85,88.145,99,129,Surged Maintain Status Quo,Iraq,IRQ,2020-06-17,v3
2020-06-22,hospital_demand,4395.075,5422.25,6225,6346.565,7149,8643.175,Surged Maintain Status Quo,Iraq,IRQ,2020-06-17,v3
2020-06-22,ICU_demand,1057,1313.25,1507,1531.49,1722.25,2066.075,Surged Maintain Status Quo,Iraq,IRQ,2020-06-17,v3
2020-06-22,infections,48730.85,61155.5,72063.5,73207.185,83135.75,102304.075,Surged Maintain Status Quo,Iraq,IRQ,2020-06-17,v3
2020-06-22,Rt,1.61216055185408,1.68376799426189,1.708506598166,1.71230775369712,1.74838927523297,1.79688001219842,Surged Maintain Status Quo,Iraq,IRQ,2020-06-17,v3
2020-06-22,cumulative_infections,703705.125,837231.25,951436,970838.99,1084905,1303470.75,Surged Relax Interventions 50%,Iraq,IRQ,2020-06-17,v3
2020-06-22,deaths,54.95,75.75,89,88.765,99.25,130.05,Surged Relax Interventions 50%,Iraq,IRQ,2020-06-17,v3
2020-06-22,hospital_demand,4511.2,5502,6376,6459.545,7217.5,8799.5,Surged Relax Interventions 50%,Iraq,IRQ,2020-06-17,v3
2020-06-22,ICU_demand,1093.775,1339,1531,1559.455,1747.5,2109.3,Surged Relax Interventions 50%,Iraq,IRQ,2020-06-17,v3
2020-06-22,infections,61646.6,77062.5,90989.5,92494.505,105280.5,130005.875,Surged Relax Interventions 50%,Iraq,IRQ,2020-06-17,v3
2020-06-22,Rt,2.15851030721146,2.2543850030242,2.28750734400422,2.29259668413465,2.34090597693147,2.40582988008977,Surged Relax Interventions 50%,Iraq,IRQ,2020-06-17,v3
2020-06-23,cumulative_infections,644375.525,793784.5,896946.5,922724.415,1031995.75,1281724.85,Additional 50% Reduction,Iraq,IRQ,2020-06-17,v3
2020-06-23,deaths,62,81.75,103,142.895,209.25,288.425,Additional 50% Reduction,Iraq,IRQ,2020-06-17,v3
2020-06-23,hospital_demand,4542.575,5609.75,6462.5,6645.68,7543,9454.575,Additional 50% Reduction,Iraq,IRQ,2020-06-17,v3
2020-06-23,ICU_demand,1084.85,1369,1556,1495.7,1640.25,1712.825,Additional 50% Reduction,Iraq,IRQ,2020-06-17,v3
2020-06-23,infections,29645.225,38427.5,45196.5,46480.625,53806.25,68927.275,Additional 50% Reduction,Iraq,IRQ,2020-06-17,v3
2020-06-23,Rt,0.812112361888779,0.843219581091691,0.857371790906153,0.857333278094658,0.873213306516869,0.901373836627557,Additional 50% Reduction,Iraq,IRQ,2020-06-17,v3
2020-06-23,cumulative_infections,708787.775,875797,990493.5,1019715.35,1144742.5,1427699.1,Maintain Status Quo,Iraq,IRQ,2020-06-17,v3
2020-06-23,deaths,59.975,86.75,128.5,160.68,233.5,324.05,Maintain Status Quo,Iraq,IRQ,2020-06-17,v3
2020-06-23,hospital_demand,4780.25,5900.25,6759.5,6998.305,8009.25,9968.1,Maintain Status Quo,Iraq,IRQ,2020-06-17,v3
2020-06-23,ICU_demand,1176.65,1427.25,1610,1552.025,1688,1789.175,Maintain Status Quo,Iraq,IRQ,2020-06-17,v3
2020-06-23,infections,51064.175,66683.75,78398,80695.985,93332.75,119682.825,Maintain Status Quo,Iraq,IRQ,2020-06-17,v3
2020-06-23,Rt,1.62422472377756,1.68643916218338,1.71474358181231,1.71466655618932,1.74642661303374,1.80274767325511,Maintain Status Quo,Iraq,IRQ,2020-06-17,v3
2020-06-23,cumulative_infections,755604.85,934877,1059388,1091570.09,1228289.25,1534020.275,Relax Interventions 50%,Iraq,IRQ,2020-06-17,v3
2020-06-23,deaths,64.975,85,148,175.815,261.25,352.05,Relax Interventions 50%,Iraq,IRQ,2020-06-17,v3
2020-06-23,hospital_demand,4926.775,6132.75,6987.5,7248.015,8174,10331.7,Relax Interventions 50%,Iraq,IRQ,2020-06-17,v3
2020-06-23,ICU_demand,1168.2,1453.25,1642,1586.975,1715.5,1821.65,Relax Interventions 50%,Iraq,IRQ,2020-06-17,v3
2020-06-23,infections,67827.65,88940.5,104247,107559.83,123932.75,159411.3,Relax Interventions 50%,Iraq,IRQ,2020-06-17,v3
2020-06-23,Rt,2.1746629412744,2.25796141077355,2.2958579970896,2.29575486803031,2.33827818245917,2.41368604978424,Relax Interventions 50%,Iraq,IRQ,2020-06-17,v3
2020-06-23,cumulative_infections,661498.55,788327.75,892948.5,910464.165,1015202.25,1216222.8,Surged Additional 50% Reduction,Iraq,IRQ,2020-06-17,v3
2020-06-23,deaths,62.95,83,93.5,96.045,109,141.075,Surged Additional 50% Reduction,Iraq,IRQ,2020-06-17,v3
2020-06-23,hospital_demand,4531.05,5575.75,6400.5,6550.03,7338.5,8894.15,Surged Additional 50% Reduction,Iraq,IRQ,2020-06-17,v3
2020-06-23,ICU_demand,1077.775,1366.5,1558,1587.085,1784,2160.975,Surged Additional 50% Reduction,Iraq,IRQ,2020-06-17,v3
2020-06-23,infections,30172.825,38092.75,45008.5,45738.34,52009.75,63937.675,Surged Additional 50% Reduction,Iraq,IRQ,2020-06-17,v3
2020-06-23,Rt,0.806080275927038,0.841883997130944,0.854253299083001,0.85615387684856,0.874194637616486,0.89844000609921,Surged Additional 50% Reduction,Iraq,IRQ,2020-06-17,v3
2020-06-23,cumulative_infections,726515.425,864873.75,986044,1005883.735,1125830.75,1350679.675,Surged Maintain Status Quo,Iraq,IRQ,2020-06-17,v3
2020-06-23,deaths,65.875,83.75,95,97.95,112,141.025,Surged Maintain Status Quo,Iraq,IRQ,2020-06-17,v3
2020-06-23,hospital_demand,4782.15,5903,6810,6904.165,7748.5,9388,Surged Maintain Status Quo,Iraq,IRQ,2020-06-17,v3
2020-06-23,ICU_demand,1148.775,1427.75,1643,1667.84,1876.25,2253.55,Surged Maintain Status Quo,Iraq,IRQ,2020-06-17,v3
2020-06-23,infections,52846.75,66287.5,77795.5,79397.595,90436,112299.075,Surged Maintain Status Quo,Iraq,IRQ,2020-06-17,v3
2020-06-23,Rt,1.61216055185408,1.68376799426189,1.708506598166,1.71230775369712,1.74838927523297,1.79688001219842,Surged Maintain Status Quo,Iraq,IRQ,2020-06-17,v3
2020-06-23,cumulative_infections,772533.15,923807,1057632.5,1076704.315,1205989.5,1451859.25,Surged Relax Interventions 50%,Iraq,IRQ,2020-06-17,v3
2020-06-23,deaths,64.975,82,98,98.825,110.25,145.05,Surged Relax Interventions 50%,Iraq,IRQ,2020-06-17,v3
2020-06-23,hospital_demand,4948.325,6077.75,7017.5,7140.185,8033,9788.325,Surged Relax Interventions 50%,Iraq,IRQ,2020-06-17,v3
2020-06-23,ICU_demand,1209.275,1470,1691,1721.655,1932.25,2331.9,Surged Relax Interventions 50%,Iraq,IRQ,2020-06-17,v3
2020-06-23,infections,70302.525,88258.25,103903,105865.325,121001.5,149819.075,Surged Relax Interventions 50%,Iraq,IRQ,2020-06-17,v3
2020-06-23,Rt,2.15851030721146,2.2543850030242,2.28750734400422,2.29259668413465,2.34090597693147,2.40582988008977,Surged Relax Interventions 50%,Iraq,IRQ,2020-06-17,v3
2020-06-24,cumulative_infections,674216.175,832804.25,939761.5,967886.695,1084539,1349290.45,Additional 50% Reduction,Iraq,IRQ,2020-06-17,v3
2020-06-24,deaths,59.95,90,150.5,160.335,225.25,305.1,Additional 50% Reduction,Iraq,IRQ,2020-06-17,v3
2020-06-24,hospital_demand,4713.9,5894.25,6813,6996.005,7987.25,9953.775,Additional 50% Reduction,Iraq,IRQ,2020-06-17,v3
2020-06-24,ICU_demand,1127.625,1444.5,1592,1530.865,1649,1734.125,Additional 50% Reduction,Iraq,IRQ,2020-06-17,v3
2020-06-24,infections,28737.2,37374.5,43574.5,45162.28,52312.25,67091.75,Additional 50% Reduction,Iraq,IRQ,2020-06-17,v3
2020-06-24,Rt,0.812112361888779,0.843219581091691,0.857371790906153,0.857333278094658,0.873213306516869,0.901373836627557,Additional 50% Reduction,Iraq,IRQ,2020-06-17,v3
2020-06-24,cumulative_infections,766389.425,946939.25,1075201.5,1107256.105,1246793.5,1558312.425,Maintain Status Quo,Iraq,IRQ,2020-06-17,v3
2020-06-24,deaths,68.975,99,196.5,195.61,271.25,351.125,Maintain Status Quo,Iraq,IRQ,2020-06-17,v3
2020-06-24,hospital_demand,5168,6374.25,7375,7608.23,8710.75,10850.625,Maintain Status Quo,Iraq,IRQ,2020-06-17,v3
2020-06-24,ICU_demand,1267.125,1545.25,1655,1616.035,1717.75,1819.25,Maintain Status Quo,Iraq,IRQ,2020-06-17,v3
2020-06-24,infections,54963.3,72453.5,84564.5,87540.755,101066,130613.325,Maintain Status Quo,Iraq,IRQ,2020-06-17,v3
2020-06-24,Rt,1.62422472377756,1.68643916218338,1.71474358181231,1.71466655618932,1.74642661303374,1.80274767325511,Maintain Status Quo,Iraq,IRQ,2020-06-17,v3
2020-06-24,cumulative_infections,836281.625,1033082.75,1179437.5,1214396.225,1371201.5,1716703.7,Relax Interventions 50%,Iraq,IRQ,2020-06-17,v3
2020-06-24,deaths,67,104.75,236.5,220.125,301.25,395.025,Relax Interventions 50%,Iraq,IRQ,2020-06-17,v3
2020-06-24,hospital_demand,5450.525,6749.25,7759.5,8052.44,9179.25,11519.15,Relax Interventions 50%,Iraq,IRQ,2020-06-17,v3
2020-06-24,ICU_demand,1271.425,1609.75,1705.5,1673,1776,1897.05,Relax Interventions 50%,Iraq,IRQ,2020-06-17,v3
2020-06-24,infections,76937.65,101544.5,118850.5,122826.135,141368,183377.625,Relax Interventions 50%,Iraq,IRQ,2020-06-17,v3
2020-06-24,Rt,2.1746629412744,2.25796141077355,2.2958579970896,2.29575486803031,2.33827818245917,2.41368604978424,Relax Interventions 50%,Iraq,IRQ,2020-06-17,v3
2020-06-24,cumulative_infections,693238.4,824539,935579,954892.065,1066680,1280875.05,Surged Additional 50% Reduction,Iraq,IRQ,2020-06-17,v3
2020-06-24,deaths,63.975,87.75,103.5,103.16,116.25,147,Surged Additional 50% Reduction,Iraq,IRQ,2020-06-17,v3
2020-06-24,hospital_demand,4746.375,5854.75,6752,6900.355,7710.25,9471.2,Surged Additional 50% Reduction,Iraq,IRQ,2020-06-17,v3
2020-06-24,ICU_demand,1129.75,1441,1644.5,1674.195,1878.75,2290.575,Surged Additional 50% Reduction,Iraq,IRQ,2020-06-17,v3
2020-06-24,infections,29709.425,37083.25,43780,44427.9,50629,62875.175,Surged Additional 50% Reduction,Iraq,IRQ,2020-06-17,v3
2020-06-24,Rt,0.806080275927038,0.841883997130944,0.854253299083001,0.85615387684856,0.874194637616486,0.89844000609921,Surged Additional 50% Reduction,Iraq,IRQ,2020-06-17,v3
2020-06-24,cumulative_infections,782369.75,935957.75,1072591,1092000.72,1223839.25,1470395.65,Surged Maintain Status Quo,Iraq,IRQ,2020-06-17,v3
2020-06-24,deaths,65,92,108,106.55,120.25,145.05,Surged Maintain Status Quo,Iraq,IRQ,2020-06-17,v3
2020-06-24,hospital_demand,5162.725,6358.5,7409.5,7506.91,8434.25,10253.725,Surged Maintain Status Quo,Iraq,IRQ,2020-06-17,v3
2020-06-24,ICU_demand,1258.825,1547,1779.5,1810.92,2043.75,2462.5,Surged Maintain Status Quo,Iraq,IRQ,2020-06-17,v3
2020-06-24,infections,57291.65,72021.25,84877,86116.985,97957.5,122639.425,Surged Maintain Status Quo,Iraq,IRQ,2020-06-17,v3
2020-06-24,Rt,1.61216055185408,1.68376799426189,1.708506598166,1.71230775369712,1.74838927523297,1.79688001219842,Surged Maintain Status Quo,Iraq,IRQ,2020-06-17,v3
2020-06-24,cumulative_infections,851075.75,1021616.5,1175271,1197566.215,1340546.25,1620673.9,Surged Relax Interventions 50%,Iraq,IRQ,2020-06-17,v3
2020-06-24,deaths,67.95,92,106,107.29,123,151.075,Surged Relax Interventions 50%,Iraq,IRQ,2020-06-17,v3
2020-06-24,hospital_demand,5481.25,6729.75,7824.5,7938.195,8941.25,10851.425,Surged Relax Interventions 50%,Iraq,IRQ,2020-06-17,v3
2020-06-24,ICU_demand,1348.25,1614.5,1892.5,1914.3,2148.25,2620.775,Surged Relax Interventions 50%,Iraq,IRQ,2020-06-17,v3
2020-06-24,infections,80920.25,100681.5,118996,120861.9,138121,172631.45,Surged Relax Interventions 50%,Iraq,IRQ,2020-06-17,v3
2020-06-24,Rt,2.15851030721146,2.2543850030242,2.28750734400422,2.29259668413465,2.34090597693147,2.40582988008977,Surged Relax Interventions 50%,Iraq,IRQ,2020-06-17,v3
2020-06-25,cumulative_infections,703343.375,868710.5,982416,1011848.475,1135728,1415907.35,Additional 50% Reduction,Iraq,IRQ,2020-06-17,v3
2020-06-25,deaths,65.975,96.75,177,172.195,224.25,311.2,Additional 50% Reduction,Iraq,IRQ,2020-06-17,v3
2020-06-25,hospital_demand,4923.425,6121.5,7107.5,7296.125,8318.25,10400.725,Additional 50% Reduction,Iraq,IRQ,2020-06-17,v3
2020-06-25,ICU_demand,1169.85,1499.5,1597.5,1552.315,1644,1741.025,Additional 50% Reduction,Iraq,IRQ,2020-06-17,v3
2020-06-25,infections,27532.75,36160.25,42589,43961.78,50803.75,65716.75,Additional 50% Reduction,Iraq,IRQ,2020-06-17,v3
2020-06-25,Rt,0.812112361888779,0.843219581091691,0.857371790906153,0.857333278094658,0.873213306516869,0.901373836627557,Additional 50% Reduction,Iraq,IRQ,2020-06-17,v3
2020-06-25,cumulative_infections,828832.275,1023945.5,1167811,1202096.095,1356735.25,1699955.125,Maintain Status Quo,Iraq,IRQ,2020-06-17,v3
2020-06-25,deaths,73,151,243.5,229.425,295.5,390.25,Maintain Status Quo,Iraq,IRQ,2020-06-17,v3
2020-06-25,hospital_demand,5571.025,6946.25,8046.5,8268.19,9486.5,11839.725,Maintain Status Quo,Iraq,IRQ,2020-06-17,v3
2020-06-25,ICU_demand,1341.7,1626,1686,1669.66,1745,1867.25,Maintain Status Quo,Iraq,IRQ,2020-06-17,v3
2020-06-25,infections,59434.125,78190.5,91557,94839.99,109207,141642.7,Maintain Status Quo,Iraq,IRQ,2020-06-17,v3
2020-06-25,Rt,1.62422472377756,1.68643916218338,1.71474358181231,1.71466655618932,1.74642661303374,1.80274767325511,Maintain Status Quo,Iraq,IRQ,2020-06-17,v3
2020-06-25,cumulative_infections,928012.825,1143908,1316329,1354395.425,1531711,1924858.925,Relax Interventions 50%,Iraq,IRQ,2020-06-17,v3
2020-06-25,deaths,79.975,195.75,285.5,275.825,351.75,460.1,Relax Interventions 50%,Iraq,IRQ,2020-06-17,v3
2020-06-25,hospital_demand,6070.45,7512,8680.5,8987.99,10266.25,12899.375,Relax Interventions 50%,Iraq,IRQ,2020-06-17,v3
2020-06-25,ICU_demand,1413.825,1687.75,1766,1751.665,1830,1968.575,Relax Interventions 50%,Iraq,IRQ,2020-06-17,v3
2020-06-25,infections,87212.15,115575.75,135869,139999.2,161332.5,208755.025,Relax Interventions 50%,Iraq,IRQ,2020-06-17,v3
2020-06-25,Rt,2.1746629412744,2.25796141077355,2.2958579970896,2.29575486803031,2.33827818245917,2.41368604978424,Relax Interventions 50%,Iraq,IRQ,2020-06-17,v3
2020-06-25,cumulative_infections,721737.8,858742,978939,998130.11,1116559.25,1341920.4,Surged Additional 50% Reduction,Iraq,IRQ,2020-06-17,v3
2020-06-25,deaths,70,92,106,109.19,125,151.025,Surged Additional 50% Reduction,Iraq,IRQ,2020-06-17,v3
2020-06-25,hospital_demand,4922.55,6125.25,7062.5,7202.275,8054.75,9875.475,Surged Additional 50% Reduction,Iraq,IRQ,2020-06-17,v3
2020-06-25,ICU_demand,1199,1500.75,1733,1750.39,1951,2401.575,Surged Additional 50% Reduction,Iraq,IRQ,2020-06-17,v3
2020-06-25,infections,28599.25,36117,42641.5,43238.045,49303,61454.35,Surged Additional 50% Reduction,Iraq,IRQ,2020-06-17,v3
2020-06-25,Rt,0.806080275927038,0.841883997130944,0.854253299083001,0.85615387684856,0.874194637616486,0.89844000609921,Surged Additional 50% Reduction,Iraq,IRQ,2020-06-17,v3
2020-06-25,cumulative_infections,842992.4,1011563,1163060.5,1185269.865,1327742,1601245,Surged Maintain Status Quo,Iraq,IRQ,2020-06-17,v3
2020-06-25,deaths,76.975,96.75,114.5,115.34,132,162.15,Surged Maintain Status Quo,Iraq,IRQ,2020-06-17,v3
2020-06-25,hospital_demand,5574.725,6871.75,8047,8159.94,9186.5,11140.6,Surged Maintain Status Quo,Iraq,IRQ,2020-06-17,v3
2020-06-25,ICU_demand,1377.3,1672.75,1927,1969.965,2227.75,2702.65,Surged Maintain Status Quo,Iraq,IRQ,2020-06-17,v3
2020-06-25,infections,62156.025,77594,91504.5,93269.145,106259,133470.625,Surged Maintain Status Quo,Iraq,IRQ,2020-06-17,v3
2020-06-25,Rt,1.61216055185408,1.68376799426189,1.708506598166,1.71230775369712,1.74838927523297,1.79688001219842,Surged Maintain Status Quo,Iraq,IRQ,2020-06-17,v3
2020-06-25,cumulative_infections,940414.25,1135160,1309751,1335274.855,1497419.25,1812567.35,Surged Relax Interventions 50%,Iraq,IRQ,2020-06-17,v3
2020-06-25,deaths,79.975,101.75,117.5,119.445,134,172.1,Surged Relax Interventions 50%,Iraq,IRQ,2020-06-17,v3
2020-06-25,hospital_demand,6107.775,7464.25,8741,8871.265,9992.5,12225.275,Surged Relax Interventions 50%,Iraq,IRQ,2020-06-17,v3
2020-06-25,ICU_demand,1511.875,1807,2092.5,2137.17,2405,2935.2,Surged Relax Interventions 50%,Iraq,IRQ,2020-06-17,v3
2020-06-25,infections,91919.4,114792,135857.5,137708.64,156781,198143.325,Surged Relax Interventions 50%,Iraq,IRQ,2020-06-17,v3
2020-06-25,Rt,2.15851030721146,2.2543850030242,2.28750734400422,2.29259668413465,2.34090597693147,2.40582988008977,Surged Relax Interventions 50%,Iraq,IRQ,2020-06-17,v3
2020-06-26,cumulative_infections,731094.125,902912.25,1023641.5,1054668,1185691.75,1480590.575,Additional 50% Reduction,Iraq,IRQ,2020-06-17,v3
2020-06-26,deaths,75.975,107.75,184,178.425,226,313,Additional 50% Reduction,Iraq,IRQ,2020-06-17,v3
2020-06-26,hospital_demand,5080.075,6360.75,7341.5,7552.55,8618,10785.575,Additional 50% Reduction,Iraq,IRQ,2020-06-17,v3
2020-06-26,ICU_demand,1220.125,1539.25,1586.5,1562.76,1638.25,1729.175,Additional 50% Reduction,Iraq,IRQ,2020-06-17,v3
2020-06-26,infections,26521.275,35368.75,41528,42819.525,49460.25,64091.4,Additional 50% Reduction,Iraq,IRQ,2020-06-17,v3
2020-06-26,Rt,0.812112361888779,0.843219581091691,0.857371790906153,0.857333278094658,0.873213306516869,0.901373836627557,Additional 50% Reduction,Iraq,IRQ,2020-06-17,v3
2020-06-26,cumulative_infections,895540.3,1103647,1267621,1304740.62,1473428.25,1853849.25,Maintain Status Quo,Iraq,IRQ,2020-06-17,v3
2020-06-26,deaths,85.925,213.25,267,262.46,322.25,433.175,Maintain Status Quo,Iraq,IRQ,2020-06-17,v3
2020-06-26,hospital_demand,5972.725,7525.25,8708.5,8977.33,10302.5,13008.075,Maintain Status Quo,Iraq,IRQ,2020-06-17,v3
2020-06-26,ICU_demand,1422.85,1658.5,1720,1715.21,1782,1914.4,Maintain Status Quo,Iraq,IRQ,2020-06-17,v3
2020-06-26,infections,63095.25,85004.25,99442,102644.525,117917.75,154119.3,Maintain Status Quo,Iraq,IRQ,2020-06-17,v3
2020-06-26,Rt,1.62422472377756,1.68643916218338,1.71474358181231,1.71466655618932,1.74642661303374,1.80274767325511,Maintain Status Quo,Iraq,IRQ,2020-06-17,v3
2020-06-26,cumulative_infections,1026243.175,1272417.75,1471674,1513700.76,1717202.75,2158591.125,Relax Interventions 50%,Iraq,IRQ,2020-06-17,v3
2020-06-26,deaths,91.925,272.75,342.5,335.945,401.75,530.175,Relax Interventions 50%,Iraq,IRQ,2020-06-17,v3
2020-06-26,hospital_demand,6754.225,8429.5,9763,10073.42,11491,14499.6,Relax Interventions 50%,Iraq,IRQ,2020-06-17,v3
2020-06-26,ICU_demand,1596.275,1752.5,1819.5,1825.53,1903,2088.2,Relax Interventions 50%,Iraq,IRQ,2020-06-17,v3
2020-06-26,infections,98243.875,131503.75,154805.5,159305.335,183188,238218.45,Relax Interventions 50%,Iraq,IRQ,2020-06-17,v3
2020-06-26,Rt,2.1746629412744,2.25796141077355,2.2958579970896,2.29575486803031,2.33827818245917,2.41368604978424,Relax Interventions 50%,Iraq,IRQ,2020-06-17,v3
2020-06-26,cumulative_infections,748784.475,893674.25,1021319.5,1040255.67,1165325.75,1401018.375,Surged Additional 50% Reduction,Iraq,IRQ,2020-06-17,v3
2020-06-26,deaths,76.975,99,113,116.135,132,163,Surged Additional 50% Reduction,Iraq,IRQ,2020-06-17,v3
2020-06-26,hospital_demand,5129.7,6280.75,7281.5,7453.43,8354,10252.625,Surged Additional 50% Reduction,Iraq,IRQ,2020-06-17,v3
2020-06-26,ICU_demand,1251.475,1554.25,1791,1814.17,2032.25,2501,Surged Additional 50% Reduction,Iraq,IRQ,2020-06-17,v3
2020-06-26,infections,27990.3,35185.75,41361,42125.56,48155,60397.675,Surged Additional 50% Reduction,Iraq,IRQ,2020-06-17,v3
2020-06-26,Rt,0.806080275927038,0.841883997130944,0.854253299083001,0.85615387684856,0.874194637616486,0.89844000609921,Surged Additional 50% Reduction,Iraq,IRQ,2020-06-17,v3
2020-06-26,cumulative_infections,907749.925,1094544.25,1260598,1286215.59,1441252.5,1742572.2,Surged Maintain Status Quo,Iraq,IRQ,2020-06-17,v3
2020-06-26,deaths,80.975,107,123,124.13,142,172.125,Surged Maintain Status Quo,Iraq,IRQ,2020-06-17,v3
2020-06-26,hospital_demand,6106.125,7487.25,8756.5,8865.565,9980.5,12046.25,Surged Maintain Status Quo,Iraq,IRQ,2020-06-17,v3
2020-06-26,ICU_demand,1488.15,1813.5,2096,2140.335,2420.25,2952.075,Surged Maintain Status Quo,Iraq,IRQ,2020-06-17,v3
2020-06-26,infections,67011.9,84142.5,100013,100945.725,115392.75,145816.425,Surged Maintain Status Quo,Iraq,IRQ,2020-06-17,v3
2020-06-26,Rt,1.61216055185408,1.68376799426189,1.708506598166,1.71230775369712,1.74838927523297,1.79688001219842,Surged Maintain Status Quo,Iraq,IRQ,2020-06-17,v3
2020-06-26,cumulative_infections,1041127.825,1268906.25,1463988,1492031.33,1673678,2035862.35,Surged Relax Interventions 50%,Iraq,IRQ,2020-06-17,v3
2020-06-26,deaths,83.825,112.75,130.5,132.325,150.5,185.25,Surged Relax Interventions 50%,Iraq,IRQ,2020-06-17,v3
2020-06-26,hospital_demand,6809.375,8383.25,9781,9945.19,11227,13734.325,Surged Relax Interventions 50%,Iraq,IRQ,2020-06-17,v3
2020-06-26,ICU_demand,1685.8,2017,2345,2389.785,2700,3274.45,Surged Relax Interventions 50%,Iraq,IRQ,2020-06-17,v3
2020-06-26,infections,104630.05,130745,155836,156756.475,179577.25,225624.075,Surged Relax Interventions 50%,Iraq,IRQ,2020-06-17,v3
2020-06-26,Rt,2.15851030721146,2.2543850030242,2.28750734400422,2.29259668413465,2.34090597693147,2.40582988008977,Surged Relax Interventions 50%,Iraq,IRQ,2020-06-17,v3
2020-06-27,cumulative_infections,758006.925,936931.75,1064216,1096431.4,1234338,1544444.575,Additional 50% Reduction,Iraq,IRQ,2020-06-17,v3
2020-06-27,deaths,78,132.25,181,179.105,221,314.125,Additional 50% Reduction,Iraq,IRQ,2020-06-17,v3
2020-06-27,hospital_demand,5222.675,6505.5,7513,7758.39,8859,11116.15,Additional 50% Reduction,Iraq,IRQ,2020-06-17,v3
2020-06-27,ICU_demand,1247.675,1546,1585,1569.235,1627.25,1725.2,Additional 50% Reduction,Iraq,IRQ,2020-06-17,v3
2020-06-27,infections,26050.425,34519.5,40428,41763.4,48257.25,62942.625,Additional 50% Reduction,Iraq,IRQ,2020-06-17,v3
2020-06-27,Rt,0.812112361888779,0.843219581091691,0.857371790906153,0.857333278094658,0.873213306516869,0.901373836627557,Additional 50% Reduction,Iraq,IRQ,2020-06-17,v3
2020-06-27,cumulative_infections,963455.075,1190611.75,1376064.5,1415799.065,1602975.75,2019754.05,Maintain Status Quo,Iraq,IRQ,2020-06-17,v3
2020-06-27,deaths,93.675,245.75,299,300.94,359,469.25,Maintain Status Quo,Iraq,IRQ,2020-06-17,v3
2020-06-27,hospital_demand,6514.725,8140.5,9455.5,9738.725,11216.75,14038.825,Maintain Status Quo,Iraq,IRQ,2020-06-17,v3
2020-06-27,ICU_demand,1523.675,1686.25,1747,1755.38,1831.75,1987.2,Maintain Status Quo,Iraq,IRQ,2020-06-17,v3
2020-06-27,infections,67926.55,91646,107781.5,111058.445,127966,166618.4,Maintain Status Quo,Iraq,IRQ,2020-06-17,v3
2020-06-27,Rt,1.62422472377756,1.68643916218338,1.71474358181231,1.71466655618932,1.74642661303374,1.80274767325511,Maintain Status Quo,Iraq,IRQ,2020-06-17,v3
2020-06-27,cumulative_infections,1137790.8,1424277,1645350.5,1694708.625,1926218.25,2432076.5,Relax Interventions 50%,Iraq,IRQ,2020-06-17,v3
2020-06-27,deaths,184.85,332,388.5,398.915,470.25,615.025,Relax Interventions 50%,Iraq,IRQ,2020-06-17,v3
2020-06-27,hospital_demand,7510.3,9491,10984,11320.425,12852.25,16499.525,Relax Interventions 50%,Iraq,IRQ,2020-06-17,v3
2020-06-27,ICU_demand,1671.575,1805.75,1875.5,1895.955,1976.75,2161.175,Relax Interventions 50%,Iraq,IRQ,2020-06-17,v3
2020-06-27,infections,111547.625,149155.5,175341,181007.865,208345.75,271517.85,Relax Interventions 50%,Iraq,IRQ,2020-06-17,v3
2020-06-27,Rt,2.1746629412744,2.25796141077355,2.2958579970896,2.29575486803031,2.33827818245917,2.41368604978424,Relax Interventions 50%,Iraq,IRQ,2020-06-17,v3
2020-06-27,cumulative_infections,774966.875,927572.5,1062704,1081307.99,1211989.75,1458715.6,Surged Additional 50% Reduction,Iraq,IRQ,2020-06-17,v3
2020-06-27,deaths,75.975,101,117,120.465,137.25,169.025,Surged Additional 50% Reduction,Iraq,IRQ,2020-06-17,v3
2020-06-27,hospital_demand,5266.125,6434.25,7479.5,7658.475,8572.25,10603.425,Surged Additional 50% Reduction,Iraq,IRQ,2020-06-17,v3
2020-06-27,ICU_demand,1276.9,1602.75,1840.5,1868.11,2092,2604.375,Surged Additional 50% Reduction,Iraq,IRQ,2020-06-17,v3
2020-06-27,infections,27388.85,34322,40542.5,41052.32,46873.5,58976.4,Surged Additional 50% Reduction,Iraq,IRQ,2020-06-17,v3
2020-06-27,Rt,0.806080275927038,0.841883997130944,0.854253299083001,0.85615387684856,0.874194637616486,0.89844000609921,Surged Additional 50% Reduction,Iraq,IRQ,2020-06-17,v3
2020-06-27,cumulative_infections,977380.725,1187637.5,1366725.5,1395470.265,1564823.5,1900763.975,Surged Maintain Status Quo,Iraq,IRQ,2020-06-17,v3
2020-06-27,deaths,85,112,135,135.795,155.25,201.05,Surged Maintain Status Quo,Iraq,IRQ,2020-06-17,v3
2020-06-27,hospital_demand,6614.275,8151.25,9496.5,9632.445,10860.5,13187.55,Surged Maintain Status Quo,Iraq,IRQ,2020-06-17,v3
2020-06-27,ICU_demand,1595.9,1967,2292,2326.415,2628.5,3172.3,Surged Maintain Status Quo,Iraq,IRQ,2020-06-17,v3
2020-06-27,infections,72681.875,91319.75,108270.5,109254.675,125066,158520.175,Surged Maintain Status Quo,Iraq,IRQ,2020-06-17,v3
2020-06-27,Rt,1.61216055185408,1.68376799426189,1.708506598166,1.71230775369712,1.74838927523297,1.79688001219842,Surged Maintain Status Quo,Iraq,IRQ,2020-06-17,v3
2020-06-27,cumulative_infections,1160594.45,1416803.25,1644093,1670071.615,1877473.75,2280844.225,Surged Relax Interventions 50%,Iraq,IRQ,2020-06-17,v3
2020-06-27,deaths,98.95,125,147.5,148.915,170.25,209.025,Surged Relax Interventions 50%,Iraq,IRQ,2020-06-17,v3
2020-06-27,hospital_demand,7572.975,9446.75,11029,11192.275,12644.75,15553.1,Surged Relax Interventions 50%,Iraq,IRQ,2020-06-17,v3
2020-06-27,ICU_demand,1870.4,2259.5,2636,2685.895,3031.75,3679.275,Surged Relax Interventions 50%,Iraq,IRQ,2020-06-17,v3
2020-06-27,infections,117618.85,148315.5,177131,178040.285,203733,257962.575,Surged Relax Interventions 50%,Iraq,IRQ,2020-06-17,v3
2020-06-27,Rt,2.15851030721146,2.2543850030242,2.28750734400422,2.29259668413465,2.34090597693147,2.40582988008977,Surged Relax Interventions 50%,Iraq,IRQ,2020-06-17,v3
2020-06-28,cumulative_infections,784663.075,970378.75,1103928.5,1137133.71,1282190.75,1606322.075,Additional 50% Reduction,Iraq,IRQ,2020-06-17,v3
2020-06-28,deaths,81.975,141.75,175.5,179.705,213.25,300.475,Additional 50% Reduction,Iraq,IRQ,2020-06-17,v3
2020-06-28,hospital_demand,5301.15,6651.25,7642.5,7913.73,9029,11406.45,Additional 50% Reduction,Iraq,IRQ,2020-06-17,v3
2020-06-28,ICU_demand,1278.325,1545.75,1586,1571.925,1634.25,1713.35,Additional 50% Reduction,Iraq,IRQ,2020-06-17,v3
2020-06-28,infections,25141.075,33568.75,39306.5,40702.31,47245,61549.725,Additional 50% Reduction,Iraq,IRQ,2020-06-17,v3
2020-06-28,Rt,0.812112361888779,0.843219581091691,0.857371790906153,0.857333278094658,0.873213306516869,0.901373836627557,Additional 50% Reduction,Iraq,IRQ,2020-06-17,v3
2020-06-28,cumulative_infections,1036622.625,1286641.75,1493347,1535869.585,1739698.25,2196152.65,Maintain Status Quo,Iraq,IRQ,2020-06-17,v3
2020-06-28,deaths,133.65,270.75,319,331.4,393.25,529.375,Maintain Status Quo,Iraq,IRQ,2020-06-17,v3
2020-06-28,hospital_demand,7041.975,8808,10213,10563.81,12160.25,15348.425,Maintain Status Quo,Iraq,IRQ,2020-06-17,v3
2020-06-28,ICU_demand,1613.55,1717.75,1784,1795.155,1862.25,2020.9,Maintain Status Quo,Iraq,IRQ,2020-06-17,v3
2020-06-28,infections,73176.6,98792.5,116408,120070.52,138566.25,180252.375,Maintain Status Quo,Iraq,IRQ,2020-06-17,v3
2020-06-28,Rt,1.62422472377756,1.68643916218338,1.71474358181231,1.71466655618932,1.74642661303374,1.80274767325511,Maintain Status Quo,Iraq,IRQ,2020-06-17,v3
2020-06-28,cumulative_infections,1262861.4,1597397.75,1846746,1899976.63,2166991,2739072.875,Relax Interventions 50%,Iraq,IRQ,2020-06-17,v3
2020-06-28,deaths,248,383.25,444.5,465.69,538,712.825,Relax Interventions 50%,Iraq,IRQ,2020-06-17,v3
2020-06-28,hospital_demand,8418.15,10668.5,12379.5,12754.855,14509.5,18575.75,Relax Interventions 50%,Iraq,IRQ,2020-06-17,v3
2020-06-28,ICU_demand,1730.45,1863.75,1950.5,1974,2071,2301.25,Relax Interventions 50%,Iraq,IRQ,2020-06-17,v3
2020-06-28,infections,125085.4,168363,200107.5,205268.005,235847.5,307560.9,Relax Interventions 50%,Iraq,IRQ,2020-06-17,v3
2020-06-28,Rt,2.1746629412744,2.25796141077355,2.2958579970896,2.29575486803031,2.33827818245917,2.41368604978424,Relax Interventions 50%,Iraq,IRQ,2020-06-17,v3
2020-06-28,cumulative_infections,800619.175,960713.75,1100990.5,1121331.195,1256624.25,1515146.025,Surged Additional 50% Reduction,Iraq,IRQ,2020-06-17,v3
2020-06-28,deaths,77.975,104.75,123.5,124.905,143.25,178.025,Surged Additional 50% Reduction,Iraq,IRQ,2020-06-17,v3
2020-06-28,hospital_demand,5346.05,6545.75,7700.5,7815.99,8764.5,10848,Surged Additional 50% Reduction,Iraq,IRQ,2020-06-17,v3
2020-06-28,ICU_demand,1298.125,1622.5,1882.5,1911.32,2152,2672.4,Surged Additional 50% Reduction,Iraq,IRQ,2020-06-17,v3
2020-06-28,infections,26623.025,33334,39435,40023.205,45747.5,57877.175,Surged Additional 50% Reduction,Iraq,IRQ,2020-06-17,v3
2020-06-28,Rt,0.806080275927038,0.841883997130944,0.854253299083001,0.85615387684856,0.874194637616486,0.89844000609921,Surged Additional 50% Reduction,Iraq,IRQ,2020-06-17,v3
2020-06-28,cumulative_infections,1055920.175,1286058.75,1485281,1513550.005,1698860.75,2065643.375,Surged Maintain Status Quo,Iraq,IRQ,2020-06-17,v3
2020-06-28,deaths,94.975,126.75,145,147.905,170.25,209.175,Surged Maintain Status Quo,Iraq,IRQ,2020-06-17,v3
2020-06-28,hospital_demand,7142.425,8822.75,10240.5,10453.055,11840.25,14370.625,Surged Maintain Status Quo,Iraq,IRQ,2020-06-17,v3
2020-06-28,ICU_demand,1749.45,2121.25,2465,2526.155,2860.75,3485.05,Surged Maintain Status Quo,Iraq,IRQ,2020-06-17,v3
2020-06-28,infections,78116.45,98402,117552,118079.74,135267.75,171919.4,Surged Maintain Status Quo,Iraq,IRQ,2020-06-17,v3
2020-06-28,Rt,1.61216055185408,1.68376799426189,1.708506598166,1.71230775369712,1.74838927523297,1.79688001219842,Surged Maintain Status Quo,Iraq,IRQ,2020-06-17,v3
2020-06-28,cumulative_infections,1290152,1574959,1843042,1872013.23,2109242.25,2563005.75,Surged Relax Interventions 50%,Iraq,IRQ,2020-06-17,v3
2020-06-28,deaths,116.875,139,163.5,167.04,189.25,240.1,Surged Relax Interventions 50%,Iraq,IRQ,2020-06-17,v3
2020-06-28,hospital_demand,8514.2,10564.25,12538.5,12622.17,14275.75,17467.675,Surged Relax Interventions 50%,Iraq,IRQ,2020-06-17,v3
2020-06-28,ICU_demand,2070.25,2557.75,2970.5,3028.535,3423,4136.425,Surged Relax Interventions 50%,Iraq,IRQ,2020-06-17,v3
2020-06-28,infections,131820.4,168429,202183.5,201941.615,231648,296324.1,Surged Relax Interventions 50%,Iraq,IRQ,2020-06-17,v3
2020-06-28,Rt,2.15851030721146,2.2543850030242,2.28750734400422,2.29259668413465,2.34090597693147,2.40582988008977,Surged Relax Interventions 50%,Iraq,IRQ,2020-06-17,v3
2020-06-29,cumulative_infections,810374.525,1002527,1142752.5,1176823.445,1327786.75,1666390.7,Additional 50% Reduction,Iraq,IRQ,2020-06-17,v3
2020-06-29,deaths,80.95,138,173,178.125,215.5,291.425,Additional 50% Reduction,Iraq,IRQ,2020-06-17,v3
2020-06-29,hospital_demand,5318.675,6717.75,7754.5,8022.19,9196.75,11580.5,Additional 50% Reduction,Iraq,IRQ,2020-06-17,v3
2020-06-29,ICU_demand,1299.15,1546.5,1584.5,1574.765,1636,1736.075,Additional 50% Reduction,Iraq,IRQ,2020-06-17,v3
2020-06-29,infections,24459,32685.25,38486,39689.735,45785.75,59700.475,Additional 50% Reduction,Iraq,IRQ,2020-06-17,v3
2020-06-29,Rt,0.812112361888779,0.843219581091691,0.857371790906153,0.857333278094658,0.873213306516869,0.901373836627557,Additional 50% Reduction,Iraq,IRQ,2020-06-17,v3
2020-06-29,cumulative_infections,1115008.025,1396069,1618451.5,1665489.355,1891290.5,2393747.4,Maintain Status Quo,Iraq,IRQ,2020-06-17,v3
2020-06-29,deaths,195.85,294.75,358.5,366.775,430.25,573.575,Maintain Status Quo,Iraq,IRQ,2020-06-17,v3
2020-06-29,hospital_demand,7617.325,9473,11042.5,11444.28,13169.25,16638.3,Maintain Status Quo,Iraq,IRQ,2020-06-17,v3
2020-06-29,ICU_demand,1641.975,1750.5,1821,1834.93,1909.75,2106.275,Maintain Status Quo,Iraq,IRQ,2020-06-17,v3
2020-06-29,infections,78413,105871,126143.5,129619.77,149298,195452.35,Maintain Status Quo,Iraq,IRQ,2020-06-17,v3
2020-06-29,Rt,1.62422472377756,1.68643916218338,1.71474358181231,1.71466655618932,1.74642661303374,1.80274767325511,Maintain Status Quo,Iraq,IRQ,2020-06-17,v3
2020-06-29,cumulative_infections,1404549.15,1787711,2070449.5,2132176.235,2440225.5,3084330.45,Relax Interventions 50%,Iraq,IRQ,2020-06-17,v3
2020-06-29,deaths,302.875,438,521,534.925,615,834,Relax Interventions 50%,Iraq,IRQ,2020-06-17,v3
2020-06-29,hospital_demand,9364.725,11996.5,13945,14398.78,16351.25,21081.7,Relax Interventions 50%,Iraq,IRQ,2020-06-17,v3
2020-06-29,ICU_demand,1775,1937.25,2033,2060.725,2165.5,2390.225,Relax Interventions 50%,Iraq,IRQ,2020-06-17,v3
2020-06-29,infections,141687.75,190497.5,226439,232199.605,266752,348683.725,Relax Interventions 50%,Iraq,IRQ,2020-06-17,v3
2020-06-29,Rt,2.1746629412744,2.25796141077355,2.2958579970896,2.29575486803031,2.33827818245917,2.41368604978424,Relax Interventions 50%,Iraq,IRQ,2020-06-17,v3
2020-06-29,cumulative_infections,825388,992521.5,1139446,1160338.935,1299742.25,1570514.75,Surged Additional 50% Reduction,Iraq,IRQ,2020-06-17,v3
2020-06-29,deaths,86,107.5,125,127.47,145,185.25,Surged Additional 50% Reduction,Iraq,IRQ,2020-06-17,v3
2020-06-29,hospital_demand,5462.325,6651.25,7813,7933.695,8910.5,11037.775,Surged Additional 50% Reduction,Iraq,IRQ,2020-06-17,v3
2020-06-29,ICU_demand,1309.225,1645.25,1920.5,1944.005,2197.25,2743.325,Surged Additional 50% Reduction,Iraq,IRQ,2020-06-17,v3
2020-06-29,infections,25804.35,32459.25,38499.5,39007.74,44779.75,56256.75,Surged Additional 50% Reduction,Iraq,IRQ,2020-06-17,v3
2020-06-29,Rt,0.806080275927038,0.841883997130944,0.854253299083001,0.85615387684856,0.874194637616486,0.89844000609921,Surged Additional 50% Reduction,Iraq,IRQ,2020-06-17,v3
2020-06-29,cumulative_infections,1140513.575,1391846.25,1614469.5,1641103.825,1845744.25,2238479.625,Surged Maintain Status Quo,Iraq,IRQ,2020-06-17,v3
2020-06-29,deaths,103.95,135.75,158.5,161.445,188,234.175,Surged Maintain Status Quo,Iraq,IRQ,2020-06-17,v3
2020-06-29,hospital_demand,7642.925,9547,11092.5,11342.09,12819,15772.1,Surged Maintain Status Quo,Iraq,IRQ,2020-06-17,v3
2020-06-29,ICU_demand,1885.45,2310,2681.5,2742.39,3110.5,3795.35,Surged Maintain Status Quo,Iraq,IRQ,2020-06-17,v3
2020-06-29,infections,83303.8,106073.75,127328.5,127553.82,145812,188332.65,Surged Maintain Status Quo,Iraq,IRQ,2020-06-17,v3
2020-06-29,Rt,1.61216055185408,1.68376799426189,1.708506598166,1.71230775369712,1.74838927523297,1.79688001219842,Surged Maintain Status Quo,Iraq,IRQ,2020-06-17,v3
2020-06-29,cumulative_infections,1435105.775,1763459.25,2064597.5,2100592.06,2372907,2881902.475,Surged Relax Interventions 50%,Iraq,IRQ,2020-06-17,v3
2020-06-29,deaths,116.9,158,184.5,187.88,213.5,265.05,Surged Relax Interventions 50%,Iraq,IRQ,2020-06-17,v3
2020-06-29,hospital_demand,9567.975,11959.5,14186.5,14255.63,16179,19853.875,Surged Relax Interventions 50%,Iraq,IRQ,2020-06-17,v3
2020-06-29,ICU_demand,2335.875,2869,3369.5,3419.34,3898,4750.7,Surged Relax Interventions 50%,Iraq,IRQ,2020-06-17,v3
2020-06-29,infections,148162.65,191404,228846.5,228578.83,262191.75,338957.125,Surged Relax Interventions 50%,Iraq,IRQ,2020-06-17,v3
2020-06-29,Rt,2.15851030721146,2.2543850030242,2.28750734400422,2.29259668413465,2.34090597693147,2.40582988008977,Surged Relax Interventions 50%,Iraq,IRQ,2020-06-17,v3
2020-06-30,cumulative_infections,835145.65,1032858,1180673,1215483.035,1371964.5,1724420.4,Additional 50% Reduction,Iraq,IRQ,2020-06-17,v3
2020-06-30,deaths,84.95,136,173,177.045,211,308.025,Additional 50% Reduction,Iraq,IRQ,2020-06-17,v3
2020-06-30,hospital_demand,5345.475,6793.75,7873.5,8097.365,9298.5,11747,Additional 50% Reduction,Iraq,IRQ,2020-06-17,v3
2020-06-30,ICU_demand,1277.925,1542,1573.5,1569.705,1624.25,1730.2,Additional 50% Reduction,Iraq,IRQ,2020-06-17,v3
2020-06-30,infections,23467.775,31852.25,37474.5,38659.59,44548.75,58005.1,Additional 50% Reduction,Iraq,IRQ,2020-06-17,v3
2020-06-30,Rt,0.812112361888779,0.843219581091691,0.857371790906153,0.857333278094658,0.873213306516869,0.901373836627557,Additional 50% Reduction,Iraq,IRQ,2020-06-17,v3
2020-06-30,cumulative_infections,1198918.55,1513931.75,1753246.5,1805269.37,2056342,2604322.25,Maintain Status Quo,Iraq,IRQ,2020-06-17,v3
2020-06-30,deaths,232,319.75,386,402.82,473.25,644.4,Maintain Status Quo,Iraq,IRQ,2020-06-17,v3
2020-06-30,hospital_demand,8157.575,10199,11978,12396.065,14245.25,18021.175,Maintain Status Quo,Iraq,IRQ,2020-06-17,v3
2020-06-30,ICU_demand,1662.975,1779.75,1858,1874.93,1950.5,2161.825,Maintain Status Quo,Iraq,IRQ,2020-06-17,v3
2020-06-30,infections,83946.8,114110.5,136317,139780.015,161240,211739.775,Maintain Status Quo,Iraq,IRQ,2020-06-17,v3
2020-06-30,Rt,1.62422472377756,1.68643916218338,1.71474358181231,1.71466655618932,1.74642661303374,1.80274767325511,Maintain Status Quo,Iraq,IRQ,2020-06-17,v3
2020-06-30,cumulative_infections,1564241.175,2007982.75,2327027.5,2394299.545,2748276,3475207.475,Relax Interventions 50%,Iraq,IRQ,2020-06-17,v3
2020-06-30,deaths,363.65,499.75,595.5,614.155,712.5,929.325,Relax Interventions 50%,Iraq,IRQ,2020-06-17,v3
2020-06-30,hospital_demand,10485.25,13471.5,15817.5,16274.485,18621.75,23853.7,Relax Interventions 50%,Iraq,IRQ,2020-06-17,v3
2020-06-30,ICU_demand,1836.975,2037.75,2136.5,2161.005,2282.5,2550.125,Relax Interventions 50%,Iraq,IRQ,2020-06-17,v3
2020-06-30,infections,159705.525,214982,256975,262123.31,302084.5,393035.675,Relax Interventions 50%,Iraq,IRQ,2020-06-17,v3
2020-06-30,Rt,2.1746629412744,2.25796141077355,2.2958579970896,2.29575486803031,2.33827818245917,2.41368604978424,Relax Interventions 50%,Iraq,IRQ,2020-06-17,v3
2020-06-30,cumulative_infections,849333.825,1021565.25,1176517,1198361.625,1342051.5,1624411.6,Surged Additional 50% Reduction,Iraq,IRQ,2020-06-17,v3
2020-06-30,deaths,82,107,129,131.145,153,185,Surged Additional 50% Reduction,Iraq,IRQ,2020-06-17,v3
2020-06-30,hospital_demand,5439.1,6737.75,7920,8011.42,9014.5,11213.275,Surged Additional 50% Reduction,Iraq,IRQ,2020-06-17,v3
2020-06-30,ICU_demand,1319.875,1654.75,1927.5,1967.535,2214.75,2762.825,Surged Additional 50% Reduction,Iraq,IRQ,2020-06-17,v3
2020-06-30,infections,24965.775,31636.75,37509,38022.69,43749.25,54986.375,Surged Additional 50% Reduction,Iraq,IRQ,2020-06-17,v3
2020-06-30,Rt,0.806080275927038,0.841883997130944,0.854253299083001,0.85615387684856,0.874194637616486,0.89844000609921,Surged Additional 50% Reduction,Iraq,IRQ,2020-06-17,v3
2020-06-30,cumulative_infections,1226840.825,1500563.75,1750608,1778603.06,2001892,2431713.625,Surged Maintain Status Quo,Iraq,IRQ,2020-06-17,v3
2020-06-30,deaths,111.975,145,171,174.555,201.25,248.075,Surged Maintain Status Quo,Iraq,IRQ,2020-06-17,v3
2020-06-30,hospital_demand,8332.15,10312.75,12061.5,12301.92,13883,17292.2,Surged Maintain Status Quo,Iraq,IRQ,2020-06-17,v3
2020-06-30,ICU_demand,2028.625,2505.5,2933.5,2974.41,3371.5,4133.2,Surged Maintain Status Quo,Iraq,IRQ,2020-06-17,v3
2020-06-30,infections,89131.35,114375.25,137970,137499.235,157281.75,205307.075,Surged Maintain Status Quo,Iraq,IRQ,2020-06-17,v3
2020-06-30,Rt,1.61216055185408,1.68376799426189,1.708506598166,1.71230775369712,1.74838927523297,1.79688001219842,Surged Maintain Status Quo,Iraq,IRQ,2020-06-17,v3
2020-06-30,cumulative_infections,1597767.025,1978701.75,2315763,2358734.37,2669248.25,3253888.85,Surged Relax Interventions 50%,Iraq,IRQ,2020-06-17,v3
2020-06-30,deaths,142.975,176,205.5,208.98,239,309.175,Surged Relax Interventions 50%,Iraq,IRQ,2020-06-17,v3
2020-06-30,hospital_demand,10927.225,13521.5,15990.5,16128.96,18323.5,22598.675,Surged Relax Interventions 50%,Iraq,IRQ,2020-06-17,v3
2020-06-30,ICU_demand,2575.65,3250.5,3806.5,3862.91,4396.75,5365.275,Surged Relax Interventions 50%,Iraq,IRQ,2020-06-17,v3
2020-06-30,infections,166067.2,216151.25,259575.5,258142.31,295612.5,382329,Surged Relax Interventions 50%,Iraq,IRQ,2020-06-17,v3
2020-06-30,Rt,2.15851030721146,2.2543850030242,2.28750734400422,2.29259668413465,2.34090597693147,2.40582988008977,Surged Relax Interventions 50%,Iraq,IRQ,2020-06-17,v3
2020-07-01,cumulative_infections,859254.425,1061653.25,1217627,1253163.66,1414560.75,1781741.925,Additional 50% Reduction,Iraq,IRQ,2020-06-17,v3
2020-07-01,deaths,85,134.75,161.5,172.995,206.25,298.475,Additional 50% Reduction,Iraq,IRQ,2020-06-17,v3
2020-07-01,hospital_demand,5354.7,6806,7887.5,8133.015,9341.5,11838.675,Additional 50% Reduction,Iraq,IRQ,2020-06-17,v3
2020-07-01,ICU_demand,1299.425,1537.5,1573.5,1565.38,1621,1711.125,Additional 50% Reduction,Iraq,IRQ,2020-06-17,v3
2020-07-01,infections,22752.075,30805.75,36543,37680.625,43423.75,57329.75,Additional 50% Reduction,Iraq,IRQ,2020-06-17,v3
2020-07-01,Rt,0.812112361888779,0.843219581091691,0.857371790906153,0.857333278094658,0.873213306516869,0.901373836627557,Additional 50% Reduction,Iraq,IRQ,2020-06-17,v3
2020-07-01,cumulative_infections,1289425.1,1643255,1893700.5,1955915.495,2234157,2831515.525,Maintain Status Quo,Iraq,IRQ,2020-06-17,v3
2020-07-01,deaths,242.925,350.75,422,438.08,510.75,700.025,Maintain Status Quo,Iraq,IRQ,2020-06-17,v3
2020-07-01,hospital_demand,8697.325,11088.25,13011,13417.34,15436.5,19537.075,Maintain Status Quo,Iraq,IRQ,2020-06-17,v3
2020-07-01,ICU_demand,1694.975,1816.5,1895.5,1917.93,2004.5,2202.75,Maintain Status Quo,Iraq,IRQ,2020-06-17,v3
2020-07-01,infections,90525.25,122571.5,147201,150646.125,174449.5,228363.275,Maintain Status Quo,Iraq,IRQ,2020-06-17,v3
2020-07-01,Rt,1.62422472377756,1.68643916218338,1.71474358181231,1.71466655618932,1.74642661303374,1.80274767325511,Maintain Status Quo,Iraq,IRQ,2020-06-17,v3
2020-07-01,cumulative_infections,1743577.775,2254267.75,2612633,2689393.395,3089769,3912965,Relax Interventions 50%,Iraq,IRQ,2020-06-17,v3
2020-07-01,deaths,406.725,581.75,681.5,704.245,812.25,1070.4,Relax Interventions 50%,Iraq,IRQ,2020-06-17,v3
2020-07-01,hospital_demand,11785.825,15222.25,17982,18399.55,21143,27263.325,Relax Interventions 50%,Iraq,IRQ,2020-06-17,v3
2020-07-01,ICU_demand,1923.525,2113.75,2245.5,2272.625,2418.25,2711.4,Relax Interventions 50%,Iraq,IRQ,2020-06-17,v3
2020-07-01,infections,179370.625,242481.75,291169.5,295093.85,341555,440806.35,Relax Interventions 50%,Iraq,IRQ,2020-06-17,v3
2020-07-01,Rt,2.1746629412744,2.25796141077355,2.2958579970896,2.29575486803031,2.33827818245917,2.41368604978424,Relax Interventions 50%,Iraq,IRQ,2020-06-17,v3
2020-07-01,cumulative_infections,872531.175,1051797.5,1212360,1235413.73,1386406.25,1676618.225,Surged Additional 50% Reduction,Iraq,IRQ,2020-06-17,v3
2020-07-01,deaths,84,114,133,134.845,154.25,193.05,Surged Additional 50% Reduction,Iraq,IRQ,2020-06-17,v3
2020-07-01,hospital_demand,5440.175,6763.5,7952,8059.97,9079,11287.175,Surged Additional 50% Reduction,Iraq,IRQ,2020-06-17,v3
2020-07-01,ICU_demand,1341.7,1666.5,1945,1981.575,2249.5,2795.125,Surged Additional 50% Reduction,Iraq,IRQ,2020-06-17,v3
2020-07-01,infections,24012.95,30789.5,36749,37052.105,42681.25,54507.05,Surged Additional 50% Reduction,Iraq,IRQ,2020-06-17,v3
2020-07-01,Rt,0.806080275927038,0.841883997130944,0.854253299083001,0.85615387684856,0.874194637616486,0.89844000609921,Surged Additional 50% Reduction,Iraq,IRQ,2020-06-17,v3
2020-07-01,cumulative_infections,1319464.4,1619493,1893832.5,1926812.865,2171904.5,2638973.7,Surged Maintain Status Quo,Iraq,IRQ,2020-06-17,v3
2020-07-01,deaths,118,157.75,185.5,188.845,221,261.15,Surged Maintain Status Quo,Iraq,IRQ,2020-06-17,v3
2020-07-01,hospital_demand,8981.75,11158,13062.5,13329.56,15073,18793.025,Surged Maintain Status Quo,Iraq,IRQ,2020-06-17,v3
2020-07-01,ICU_demand,2170.95,2713,3180,3222.895,3656,4528.2,Surged Maintain Status Quo,Iraq,IRQ,2020-06-17,v3
2020-07-01,infections,95396.15,123261.25,148282.5,148209.805,169989,221635.175,Surged Maintain Status Quo,Iraq,IRQ,2020-06-17,v3
2020-07-01,Rt,1.61216055185408,1.68376799426189,1.708506598166,1.71230775369712,1.74838927523297,1.79688001219842,Surged Maintain Status Quo,Iraq,IRQ,2020-06-17,v3
2020-07-01,cumulative_infections,1790238.825,2222916.75,2608197,2649389.995,3003886.5,3686816.4,Surged Relax Interventions 50%,Iraq,IRQ,2020-06-17,v3
2020-07-01,deaths,148.975,204,233,237.93,274.5,329.1,Surged Relax Interventions 50%,Iraq,IRQ,2020-06-17,v3
2020-07-01,hospital_demand,12407.675,15306,18005,18262.505,20776,25804.15,Surged Relax Interventions 50%,Iraq,IRQ,2020-06-17,v3
2020-07-01,ICU_demand,2886.95,3678.25,4297.5,4370.64,5013.5,6096.825,Surged Relax Interventions 50%,Iraq,IRQ,2020-06-17,v3
2020-07-01,infections,186527.75,244230.75,292661.5,290655.625,332565,429053.3,Surged Relax Interventions 50%,Iraq,IRQ,2020-06-17,v3
2020-07-01,Rt,2.15851030721146,2.2543850030242,2.28750734400422,2.29259668413465,2.34090597693147,2.40582988008977,Surged Relax Interventions 50%,Iraq,IRQ,2020-06-17,v3
2020-07-02,cumulative_infections,882785.35,1090317.75,1253578.5,1289878.93,1457416.75,1837326.825,Additional 50% Reduction,Iraq,IRQ,2020-06-17,v3
2020-07-02,deaths,85.975,129.75,162,168.97,203.25,277.05,Additional 50% Reduction,Iraq,IRQ,2020-06-17,v3
2020-07-02,hospital_demand,5348.05,6794.5,7917,8135.585,9325,11842.075,Additional 50% Reduction,Iraq,IRQ,2020-06-17,v3
2020-07-02,ICU_demand,1298.575,1527.75,1566.5,1558.435,1608,1711.1,Additional 50% Reduction,Iraq,IRQ,2020-06-17,v3
2020-07-02,infections,22097.275,29956.75,35762,36715.27,42261.5,55870.625,Additional 50% Reduction,Iraq,IRQ,2020-06-17,v3
2020-07-02,Rt,0.812112361888779,0.843219581091691,0.857371790906153,0.857333278094658,0.873213306516869,0.901373836627557,Additional 50% Reduction,Iraq,IRQ,2020-06-17,v3
2020-07-02,cumulative_infections,1385650.425,1770900,2054448.5,2118056.54,2425891.75,3075174.4,Maintain Status Quo,Iraq,IRQ,2020-06-17,v3
2020-07-02,deaths,282.925,385.75,459,478.18,551,745.425,Maintain Status Quo,Iraq,IRQ,2020-06-17,v3
2020-07-02,hospital_demand,9276.65,11968.5,14103.5,14516.51,16746,21272.4,Maintain Status Quo,Iraq,IRQ,2020-06-17,v3
2020-07-02,ICU_demand,1742.95,1852.75,1945,1966.235,2060.5,2283.875,Maintain Status Quo,Iraq,IRQ,2020-06-17,v3
2020-07-02,infections,96251.925,132410.5,159110.5,162141.045,188499,245365.125,Maintain Status Quo,Iraq,IRQ,2020-06-17,v3
2020-07-02,Rt,1.62422472377756,1.68643916218338,1.71474358181231,1.71466655618932,1.74642661303374,1.80274767325511,Maintain Status Quo,Iraq,IRQ,2020-06-17,v3
2020-07-02,cumulative_infections,1944277.15,2524679.5,2936306.5,3020596.3,3468171,4401647.225,Relax Interventions 50%,Iraq,IRQ,2020-06-17,v3
2020-07-02,deaths,475.875,657.25,776,802.91,927.75,1217.05,Relax Interventions 50%,Iraq,IRQ,2020-06-17,v3
2020-07-02,hospital_demand,13245.65,17291.25,20313.5,20807.07,23905.25,30899.525,Relax Interventions 50%,Iraq,IRQ,2020-06-17,v3
2020-07-02,ICU_demand,1999.525,2212.5,2370,2394.42,2559.25,2901.775,Relax Interventions 50%,Iraq,IRQ,2020-06-17,v3
2020-07-02,infections,200741.875,272443,328342,331202.905,385086,492273.15,Relax Interventions 50%,Iraq,IRQ,2020-06-17,v3
2020-07-02,Rt,2.1746629412744,2.25796141077355,2.2958579970896,2.29575486803031,2.33827818245917,2.41368604978424,Relax Interventions 50%,Iraq,IRQ,2020-06-17,v3
2020-07-02,cumulative_infections,895401.5,1082220.75,1247423,1271502.515,1425767.25,1727565.325,Surged Additional 50% Reduction,Iraq,IRQ,2020-06-17,v3
2020-07-02,deaths,84.95,113,134,135.065,156,193.2,Surged Additional 50% Reduction,Iraq,IRQ,2020-06-17,v3
2020-07-02,hospital_demand,5453.875,6768.75,7948,8069.275,9098.75,11337.55,Surged Additional 50% Reduction,Iraq,IRQ,2020-06-17,v3
2020-07-02,ICU_demand,1343.725,1686.25,1936,1992.505,2248.75,2796.725,Surged Additional 50% Reduction,Iraq,IRQ,2020-06-17,v3
2020-07-02,infections,23460.65,30062.75,36033.5,36088.785,41383,53371.875,Surged Additional 50% Reduction,Iraq,IRQ,2020-06-17,v3
2020-07-02,Rt,0.806080275927038,0.841883997130944,0.854253299083001,0.85615387684856,0.874194637616486,0.89844000609921,Surged Additional 50% Reduction,Iraq,IRQ,2020-06-17,v3
2020-07-02,cumulative_infections,1419146.325,1748625.75,2048809.5,2086341.5,2358542.5,2868745.575,Surged Maintain Status Quo,Iraq,IRQ,2020-06-17,v3
2020-07-02,deaths,139,170.75,205.5,205.845,235.25,291.025,Surged Maintain Status Quo,Iraq,IRQ,2020-06-17,v3
2020-07-02,hospital_demand,9696.85,12026.25,14138.5,14433.345,16356.75,20647.475,Surged Maintain Status Quo,Iraq,IRQ,2020-06-17,v3
2020-07-02,ICU_demand,2347.375,2939,3441,3488.845,3948.75,4906.3,Surged Maintain Status Quo,Iraq,IRQ,2020-06-17,v3
2020-07-02,infections,101157.4,133249.5,160008.5,159528.635,182892.5,239483.1,Surged Maintain Status Quo,Iraq,IRQ,2020-06-17,v3
2020-07-02,Rt,1.61216055185408,1.68376799426189,1.708506598166,1.71230775369712,1.74838927523297,1.79688001219842,Surged Maintain Status Quo,Iraq,IRQ,2020-06-17,v3
2020-07-02,cumulative_infections,2015424.3,2496086,2935840.5,2975633.705,3380823,4173586.3,Surged Relax Interventions 50%,Iraq,IRQ,2020-06-17,v3
2020-07-02,deaths,163.975,224.25,267,267.78,307.75,377.25,Surged Relax Interventions 50%,Iraq,IRQ,2020-06-17,v3
2020-07-02,hospital_demand,14051.75,17339,20463,20668.18,23507.75,29352.45,Surged Relax Interventions 50%,Iraq,IRQ,2020-06-17,v3
2020-07-02,ICU_demand,3287.35,4150.5,4892.5,4941.065,5661.5,6943.875,Surged Relax Interventions 50%,Iraq,IRQ,2020-06-17,v3
2020-07-02,infections,207436.575,274095,328569,326243.71,371616.25,480352.925,Surged Relax Interventions 50%,Iraq,IRQ,2020-06-17,v3
2020-07-02,Rt,2.15851030721146,2.2543850030242,2.28750734400422,2.29259668413465,2.34090597693147,2.40582988008977,Surged Relax Interventions 50%,Iraq,IRQ,2020-06-17,v3
2020-07-03,cumulative_infections,905680.925,1118041.25,1288724.5,1325629.13,1500086.25,1889546.85,Additional 50% Reduction,Iraq,IRQ,2020-06-17,v3
2020-07-03,deaths,84,125.5,157,163.315,193,275.15,Additional 50% Reduction,Iraq,IRQ,2020-06-17,v3
2020-07-03,hospital_demand,5324.025,6755.25,7877.5,8109.825,9307.25,11819.125,Additional 50% Reduction,Iraq,IRQ,2020-06-17,v3
2020-07-03,ICU_demand,1281.85,1521,1560.5,1552.75,1600.25,1697.175,Additional 50% Reduction,Iraq,IRQ,2020-06-17,v3
2020-07-03,infections,21444.45,29021,34707.5,35750.2,41504.25,54640.7,Additional 50% Reduction,Iraq,IRQ,2020-06-17,v3
2020-07-03,Rt,0.812112361888779,0.843219581091691,0.857371790906153,0.857333278094658,0.873213306516869,0.901373836627557,Additional 50% Reduction,Iraq,IRQ,2020-06-17,v3
2020-07-03,cumulative_infections,1489528.525,1913558,2222544,2292268.345,2632363.5,3336446,Maintain Status Quo,Iraq,IRQ,2020-06-17,v3
2020-07-03,deaths,306.65,419,502.5,522.045,604.75,816.65,Maintain Status Quo,Iraq,IRQ,2020-06-17,v3
2020-07-03,hospital_demand,10055.35,12953.25,15269,15689.16,18061.5,22991.25,Maintain Status Quo,Iraq,IRQ,2020-06-17,v3
2020-07-03,ICU_demand,1740.925,1898,1997,2016.52,2118.25,2359.9,Maintain Status Quo,Iraq,IRQ,2020-06-17,v3
2020-07-03,infections,103918.575,142557.75,171550.5,174211.805,202573.75,262985.65,Maintain Status Quo,Iraq,IRQ,2020-06-17,v3
2020-07-03,Rt,1.62422472377756,1.68643916218338,1.71474358181231,1.71466655618932,1.74642661303374,1.80274767325511,Maintain Status Quo,Iraq,IRQ,2020-06-17,v3
2020-07-03,cumulative_infections,2169356.225,2831170.75,3305034,3390968.305,3888154.25,4946629.2,Relax Interventions 50%,Iraq,IRQ,2020-06-17,v3
2020-07-03,deaths,546.5,755.75,900,919.89,1071.25,1385.05,Relax Interventions 50%,Iraq,IRQ,2020-06-17,v3
2020-07-03,hospital_demand,14818.625,19625,22878,23499.29,26930,34869.525,Relax Interventions 50%,Iraq,IRQ,2020-06-17,v3
2020-07-03,ICU_demand,2053.775,2322,2495.5,2529.93,2717.25,3125.45,Relax Interventions 50%,Iraq,IRQ,2020-06-17,v3
2020-07-03,infections,225090.075,305985.25,367240.5,370372.005,428491.25,547469.2,Relax Interventions 50%,Iraq,IRQ,2020-06-17,v3
2020-07-03,Rt,2.1746629412744,2.25796141077355,2.2958579970896,2.29575486803031,2.33827818245917,2.41368604978424,Relax Interventions 50%,Iraq,IRQ,2020-06-17,v3
2020-07-03,cumulative_infections,917212.65,1112246.25,1281660.5,1306649.505,1463694.25,1777791.275,Surged Additional 50% Reduction,Iraq,IRQ,2020-06-17,v3
2020-07-03,deaths,89.925,115,136,137.68,157,196.1,Surged Additional 50% Reduction,Iraq,IRQ,2020-06-17,v3
2020-07-03,hospital_demand,5393.05,6735.25,7915,8049.465,9063.75,11312.25,Surged Additional 50% Reduction,Iraq,IRQ,2020-06-17,v3
2020-07-03,ICU_demand,1330,1670.5,1963,1991.53,2260.25,2771.5,Surged Additional 50% Reduction,Iraq,IRQ,2020-06-17,v3
2020-07-03,infections,22523.325,29173.25,35127,35146.99,40419.5,53000.175,Surged Additional 50% Reduction,Iraq,IRQ,2020-06-17,v3
2020-07-03,Rt,0.806080275927038,0.841883997130944,0.854253299083001,0.85615387684856,0.874194637616486,0.89844000609921,Surged Additional 50% Reduction,Iraq,IRQ,2020-06-17,v3
2020-07-03,cumulative_infections,1526128.075,1894280.75,2216868,2257741.45,2557950,3127511.7,Surged Maintain Status Quo,Iraq,IRQ,2020-06-17,v3
2020-07-03,deaths,147.975,188.5,223,224.5,255.25,323.025,Surged Maintain Status Quo,Iraq,IRQ,2020-06-17,v3
2020-07-03,hospital_demand,10453.825,13030.75,15347.5,15613.655,17747,22546.4,Surged Maintain Status Quo,Iraq,IRQ,2020-06-17,v3
2020-07-03,ICU_demand,2526.375,3176.5,3712,3773.685,4270,5333.325,Surged Maintain Status Quo,Iraq,IRQ,2020-06-17,v3
2020-07-03,infections,107489.1,143268,171384.5,171399.95,196271,257568.325,Surged Maintain Status Quo,Iraq,IRQ,2020-06-17,v3
2020-07-03,Rt,1.61216055185408,1.68376799426189,1.708506598166,1.71230775369712,1.74838927523297,1.79688001219842,Surged Maintain Status Quo,Iraq,IRQ,2020-06-17,v3
2020-07-03,cumulative_infections,2270446.425,2804422.25,3304649,3340716.055,3798081.25,4700394.175,Surged Relax Interventions 50%,Iraq,IRQ,2020-06-17,v3
2020-07-03,deaths,196.7,247.75,300,300.205,342.25,423.125,Surged Relax Interventions 50%,Iraq,IRQ,2020-06-17,v3
2020-07-03,hospital_demand,15813.825,19607,23240.5,23384.54,26699.75,33361.75,Surged Relax Interventions 50%,Iraq,IRQ,2020-06-17,v3
2020-07-03,ICU_demand,3698.975,4703.75,5523.5,5586.71,6423,7892.2,Surged Relax Interventions 50%,Iraq,IRQ,2020-06-17,v3
2020-07-03,infections,231822,307942.5,368193.5,365082.35,415358.75,535833.45,Surged Relax Interventions 50%,Iraq,IRQ,2020-06-17,v3
2020-07-03,Rt,2.15851030721146,2.2543850030242,2.28750734400422,2.29259668413465,2.34090597693147,2.40582988008977,Surged Relax Interventions 50%,Iraq,IRQ,2020-06-17,v3
2020-07-04,cumulative_infections,926879.075,1145024,1322949.5,1360465.275,1541745.25,1940565.425,Additional 50% Reduction,Iraq,IRQ,2020-06-17,v3
2020-07-04,deaths,88.925,125,156,162.03,188.25,281.225,Additional 50% Reduction,Iraq,IRQ,2020-06-17,v3
2020-07-04,hospital_demand,5231.775,6698,7844,8061.81,9237.25,11757.45,Additional 50% Reduction,Iraq,IRQ,2020-06-17,v3
2020-07-04,ICU_demand,1274.6,1513.75,1553.5,1544.605,1597.25,1692.125,Additional 50% Reduction,Iraq,IRQ,2020-06-17,v3
2020-07-04,infections,20835.425,28279.25,33943,34836.145,40109.5,53076.675,Additional 50% Reduction,Iraq,IRQ,2020-06-17,v3
2020-07-04,Rt,0.812112361888779,0.843219581091691,0.857371790906153,0.857333278094658,0.873213306516869,0.901373836627557,Additional 50% Reduction,Iraq,IRQ,2020-06-17,v3
2020-07-04,cumulative_infections,1600522.9,2069185.25,2402498,2479271.135,2854292.5,3616661.55,Maintain Status Quo,Iraq,IRQ,2020-06-17,v3
2020-07-04,deaths,319.875,461,553.5,570.57,660,882.275,Maintain Status Quo,Iraq,IRQ,2020-06-17,v3
2020-07-04,hospital_demand,10717.675,13991,16481,16951.845,19564,24905.25,Maintain Status Quo,Iraq,IRQ,2020-06-17,v3
2020-07-04,ICU_demand,1785.575,1937.5,2051.5,2069.77,2180.25,2427.25,Maintain Status Quo,Iraq,IRQ,2020-06-17,v3
2020-07-04,infections,111008.125,152675.75,185093,187002.79,218045.25,282306.925,Maintain Status Quo,Iraq,IRQ,2020-06-17,v3
2020-07-04,Rt,1.62422472377756,1.68643916218338,1.71474358181231,1.71466655618932,1.74642661303374,1.80274767325511,Maintain Status Quo,Iraq,IRQ,2020-06-17,v3
2020-07-04,cumulative_infections,2420467.675,3186849,3710620,3803690.97,4361154,5553092.025,Relax Interventions 50%,Iraq,IRQ,2020-06-17,v3
2020-07-04,deaths,589.975,841.25,1026,1042.41,1192,1550.775,Relax Interventions 50%,Iraq,IRQ,2020-06-17,v3
2020-07-04,hospital_demand,16594.85,22111.25,25820.5,26507.83,30345.5,39426.65,Relax Interventions 50%,Iraq,IRQ,2020-06-17,v3
2020-07-04,ICU_demand,2119.925,2454.25,2656,2680.23,2896.75,3322.425,Relax Interventions 50%,Iraq,IRQ,2020-06-17,v3
2020-07-04,infections,251146.675,343648.75,409517,412722.665,476760.5,606462.825,Relax Interventions 50%,Iraq,IRQ,2020-06-17,v3
2020-07-04,Rt,2.1746629412744,2.25796141077355,2.2958579970896,2.29575486803031,2.33827818245917,2.41368604978424,Relax Interventions 50%,Iraq,IRQ,2020-06-17,v3
2020-07-04,cumulative_infections,938402.8,1141323.75,1314949,1340900.22,1502387.5,1826254.225,Surged Additional 50% Reduction,Iraq,IRQ,2020-06-17,v3
2020-07-04,deaths,87.925,115,138,137.825,156,205.025,Surged Additional 50% Reduction,Iraq,IRQ,2020-06-17,v3
2020-07-04,hospital_demand,5320.3,6688.25,7871.5,8005.94,9032.5,11317.575,Surged Additional 50% Reduction,Iraq,IRQ,2020-06-17,v3
2020-07-04,ICU_demand,1332.375,1666.25,1960.5,1986.53,2263.5,2793.225,Surged Additional 50% Reduction,Iraq,IRQ,2020-06-17,v3
2020-07-04,infections,21697.225,28284.5,34108.5,34250.715,39388,52101.9,Surged Additional 50% Reduction,Iraq,IRQ,2020-06-17,v3
2020-07-04,Rt,0.806080275927038,0.841883997130944,0.854253299083001,0.85615387684856,0.874194637616486,0.89844000609921,Surged Additional 50% Reduction,Iraq,IRQ,2020-06-17,v3
2020-07-04,cumulative_infections,1646517.675,2049614,2400923,2441808.64,2767406,3407746.85,Surged Maintain Status Quo,Iraq,IRQ,2020-06-17,v3
2020-07-04,deaths,150.9,203,235.5,241.72,274,356.075,Surged Maintain Status Quo,Iraq,IRQ,2020-06-17,v3
2020-07-04,hospital_demand,11363.45,14060.25,16662.5,16875.77,19268,24448.925,Surged Maintain Status Quo,Iraq,IRQ,2020-06-17,v3
2020-07-04,ICU_demand,2727.825,3413.5,4063.5,4086.175,4653.75,5797.25,Surged Maintain Status Quo,Iraq,IRQ,2020-06-17,v3
2020-07-04,infections,114534.25,153871.5,185159.5,184067.19,210593.75,276162.45,Surged Maintain Status Quo,Iraq,IRQ,2020-06-17,v3
2020-07-04,Rt,1.61216055185408,1.68376799426189,1.708506598166,1.71230775369712,1.74838927523297,1.79688001219842,Surged Maintain Status Quo,Iraq,IRQ,2020-06-17,v3
2020-07-04,cumulative_infections,2557558.75,3148949,3719471,3747697.34,4263183.25,5279696.575,Surged Relax Interventions 50%,Iraq,IRQ,2020-06-17,v3
2020-07-04,deaths,214,287.75,341.5,342.765,395.25,496.025,Surged Relax Interventions 50%,Iraq,IRQ,2020-06-17,v3
2020-07-04,hospital_demand,17681.6,22256.25,26304,26429.515,30119.5,37738.375,Surged Relax Interventions 50%,Iraq,IRQ,2020-06-17,v3
2020-07-04,ICU_demand,4177.95,5323.75,6278,6310.585,7200.25,8960.125,Surged Relax Interventions 50%,Iraq,IRQ,2020-06-17,v3
2020-07-04,infections,257507.5,344877,409617.5,406981.285,461970.75,593167.025,Surged Relax Interventions 50%,Iraq,IRQ,2020-06-17,v3
2020-07-04,Rt,2.15851030721146,2.2543850030242,2.28750734400422,2.29259668413465,2.34090597693147,2.40582988008977,Surged Relax Interventions 50%,Iraq,IRQ,2020-06-17,v3
2020-07-05,cumulative_infections,947249.3,1171253,1355271.5,1394396.85,1580487.25,1990351.675,Additional 50% Reduction,Iraq,IRQ,2020-06-17,v3
2020-07-05,deaths,89.975,116,150,156.065,182.75,269.275,Additional 50% Reduction,Iraq,IRQ,2020-06-17,v3
2020-07-05,hospital_demand,5171.625,6630,7808.5,7990.305,9167.5,11657.525,Additional 50% Reduction,Iraq,IRQ,2020-06-17,v3
2020-07-05,ICU_demand,1248.925,1505.5,1547.5,1538.155,1596.25,1675.125,Additional 50% Reduction,Iraq,IRQ,2020-06-17,v3
2020-07-05,infections,20378.875,27462,32989.5,33931.575,39311.75,51955,Additional 50% Reduction,Iraq,IRQ,2020-06-17,v3
2020-07-05,Rt,0.812112361888779,0.843219581091691,0.857371790906153,0.857333278094658,0.873213306516869,0.901373836627557,Additional 50% Reduction,Iraq,IRQ,2020-06-17,v3
2020-07-05,cumulative_infections,1719406.225,2234450.5,2601235,2679649.47,3084440.75,3916127.425,Maintain Status Quo,Iraq,IRQ,2020-06-17,v3
2020-07-05,deaths,364.775,500.75,595.5,617.325,710,961.025,Maintain Status Quo,Iraq,IRQ,2020-06-17,v3
2020-07-05,hospital_demand,11520.85,15109.75,17842.5,18300.225,20990.5,27017.325,Maintain Status Quo,Iraq,IRQ,2020-06-17,v3
2020-07-05,ICU_demand,1818.95,1975,2116.5,2126.325,2257,2496.175,Maintain Status Quo,Iraq,IRQ,2020-06-17,v3
2020-07-05,infections,118883.325,163252.25,198355.5,200378.335,233227,303819.25,Maintain Status Quo,Iraq,IRQ,2020-06-17,v3
2020-07-05,Rt,1.62422472377756,1.68643916218338,1.71474358181231,1.71466655618932,1.74642661303374,1.80274767325511,Maintain Status Quo,Iraq,IRQ,2020-06-17,v3
2020-07-05,cumulative_infections,2700316.1,3572017.5,4151665.5,4261570.975,4873777.5,6218811.625,Relax Interventions 50%,Iraq,IRQ,2020-06-17,v3
2020-07-05,deaths,668.95,985.75,1150,1178.22,1376.5,1781.225,Relax Interventions 50%,Iraq,IRQ,2020-06-17,v3
2020-07-05,hospital_demand,18775.375,24789.5,29110,29863.88,34245,44398.3,Relax Interventions 50%,Iraq,IRQ,2020-06-17,v3
2020-07-05,ICU_demand,2230.65,2585.75,2834.5,2848.54,3082.75,3576.675,Relax Interventions 50%,Iraq,IRQ,2020-06-17,v3
2020-07-05,infections,279919.8,383268,455870.5,457880.005,527567.25,665719.6,Relax Interventions 50%,Iraq,IRQ,2020-06-17,v3
2020-07-05,Rt,2.1746629412744,2.25796141077355,2.2958579970896,2.29575486803031,2.33827818245917,2.41368604978424,Relax Interventions 50%,Iraq,IRQ,2020-06-17,v3
2020-07-05,cumulative_infections,958968.25,1169485.25,1347346.5,1374232.47,1540314.5,1873781.325,Surged Additional 50% Reduction,Iraq,IRQ,2020-06-17,v3
2020-07-05,deaths,94,115,136.5,139.315,157.5,200.1,Surged Additional 50% Reduction,Iraq,IRQ,2020-06-17,v3
2020-07-05,hospital_demand,5293.925,6624.5,7841,7936.88,8963.75,11246.75,Surged Additional 50% Reduction,Iraq,IRQ,2020-06-17,v3
2020-07-05,ICU_demand,1316.375,1664,1964.5,1973.71,2250,2771.475,Surged Additional 50% Reduction,Iraq,IRQ,2020-06-17,v3
2020-07-05,infections,20919.325,27521.5,33070.5,33332.25,38272.75,50560.4,Surged Additional 50% Reduction,Iraq,IRQ,2020-06-17,v3
2020-07-05,Rt,0.806080275927038,0.841883997130944,0.854253299083001,0.85615387684856,0.874194637616486,0.89844000609921,Surged Additional 50% Reduction,Iraq,IRQ,2020-06-17,v3
2020-07-05,cumulative_infections,1782295.1,2214828.5,2599822,2639110.565,2992132.5,3708461.175,Surged Maintain Status Quo,Iraq,IRQ,2020-06-17,v3
2020-07-05,deaths,167.875,215.75,258.5,261.09,301.25,379.025,Surged Maintain Status Quo,Iraq,IRQ,2020-06-17,v3
2020-07-05,hospital_demand,12210.125,15190,18069,18238.715,20821.5,26288.525,Surged Maintain Status Quo,Iraq,IRQ,2020-06-17,v3
2020-07-05,ICU_demand,2980.9,3691.75,4405,4414.695,5046,6337.125,Surged Maintain Status Quo,Iraq,IRQ,2020-06-17,v3
2020-07-05,infections,121829.45,164737.5,198156,197301.925,225811.25,296214.475,Surged Maintain Status Quo,Iraq,IRQ,2020-06-17,v3
2020-07-05,Rt,1.61216055185408,1.68376799426189,1.708506598166,1.71230775369712,1.74838927523297,1.79688001219842,Surged Maintain Status Quo,Iraq,IRQ,2020-06-17,v3
2020-07-05,cumulative_infections,2871571.15,3537979.75,4187913,4199520.92,4784478.75,5934880.775,Surged Relax Interventions 50%,Iraq,IRQ,2020-06-17,v3
2020-07-05,deaths,242.975,319,382,386.785,446.75,555.1,Surged Relax Interventions 50%,Iraq,IRQ,2020-06-17,v3
2020-07-05,hospital_demand,19813.475,25065,29857.5,29816.655,34048,43001.7,Surged Relax Interventions 50%,Iraq,IRQ,2020-06-17,v3
2020-07-05,ICU_demand,4731.275,6031,7110.5,7118.005,8141.25,10158.35,Surged Relax Interventions 50%,Iraq,IRQ,2020-06-17,v3
2020-07-05,infections,285976.225,383471.75,454184,451823.58,511981.25,655078.5,Surged Relax Interventions 50%,Iraq,IRQ,2020-06-17,v3
2020-07-05,Rt,2.15851030721146,2.2543850030242,2.28750734400422,2.29259668413465,2.34090597693147,2.40582988008977,Surged Relax Interventions 50%,Iraq,IRQ,2020-06-17,v3
2020-07-06,cumulative_infections,966650.025,1197927,1386655,1427408.215,1617349.5,2038981.55,Additional 50% Reduction,Iraq,IRQ,2020-06-17,v3
2020-07-06,deaths,88,116,143.5,153.695,185.25,270.1,Additional 50% Reduction,Iraq,IRQ,2020-06-17,v3
2020-07-06,hospital_demand,5102.65,6547.5,7709.5,7898.36,9062.25,11563.375,Additional 50% Reduction,Iraq,IRQ,2020-06-17,v3
2020-07-06,ICU_demand,1236.275,1500.25,1544.5,1529.47,1582.25,1662.175,Additional 50% Reduction,Iraq,IRQ,2020-06-17,v3
2020-07-06,infections,19409.925,26764.5,32290.5,33011.365,38373.5,50732.675,Additional 50% Reduction,Iraq,IRQ,2020-06-17,v3
2020-07-06,Rt,0.812112361888779,0.843219581091691,0.857371790906153,0.857333278094658,0.873213306516869,0.901373836627557,Additional 50% Reduction,Iraq,IRQ,2020-06-17,v3
2020-07-06,cumulative_infections,1845638.65,2415097.25,2814444.5,2894062.1,3317545,4235417.05,Maintain Status Quo,Iraq,IRQ,2020-06-17,v3
2020-07-06,deaths,381.825,540.5,647,668.375,786.25,1019.75,Maintain Status Quo,Iraq,IRQ,2020-06-17,v3
2020-07-06,hospital_demand,12356.35,16234.5,19256,19733.665,22529.75,29228.55,Maintain Status Quo,Iraq,IRQ,2020-06-17,v3
2020-07-06,ICU_demand,1842.725,2033.5,2177.5,2188.865,2322.25,2624.65,Maintain Status Quo,Iraq,IRQ,2020-06-17,v3
2020-07-06,infections,126232.425,175651,212038.5,214412.63,249165,322625.5,Maintain Status Quo,Iraq,IRQ,2020-06-17,v3
2020-07-06,Rt,1.62422472377756,1.68643916218338,1.71474358181231,1.71466655618932,1.74642661303374,1.80274767325511,Maintain Status Quo,Iraq,IRQ,2020-06-17,v3
2020-07-06,cumulative_infections,3012607.1,3985720.25,4655822.5,4767173.03,5446241.25,6948730.575,Relax Interventions 50%,Iraq,IRQ,2020-06-17,v3
2020-07-06,deaths,805.75,1091,1311,1331.16,1550,1964.125,Relax Interventions 50%,Iraq,IRQ,2020-06-17,v3
2020-07-06,hospital_demand,21025.15,27844.5,32919.5,33579.12,38532.5,49888.925,Relax Interventions 50%,Iraq,IRQ,2020-06-17,v3
2020-07-06,ICU_demand,2352.7,2732,2999,3026.61,3256.25,3801.825,Relax Interventions 50%,Iraq,IRQ,2020-06-17,v3
2020-07-06,infections,312294.7,424763.5,504379.5,505602.055,579798.5,729918.95,Relax Interventions 50%,Iraq,IRQ,2020-06-17,v3
2020-07-06,Rt,2.1746629412744,2.25796141077355,2.2958579970896,2.29575486803031,2.33827818245917,2.41368604978424,Relax Interventions 50%,Iraq,IRQ,2020-06-17,v3
2020-07-06,cumulative_infections,979411.425,1196446.25,1379802,1406691.475,1576674.75,1920434.125,Surged Additional 50% Reduction,Iraq,IRQ,2020-06-17,v3
2020-07-06,deaths,90.9,116,139,138.535,161.25,194.075,Surged Additional 50% Reduction,Iraq,IRQ,2020-06-17,v3
2020-07-06,hospital_demand,5215.9,6570.75,7791,7853.965,8884,11098.375,Surged Additional 50% Reduction,Iraq,IRQ,2020-06-17,v3
2020-07-06,ICU_demand,1290.325,1641.5,1943.5,1956.085,2212.75,2765.7,Surged Additional 50% Reduction,Iraq,IRQ,2020-06-17,v3
2020-07-06,infections,20133.075,26880.75,32417,32459.005,37320.75,49747.4,Surged Additional 50% Reduction,Iraq,IRQ,2020-06-17,v3
2020-07-06,Rt,0.806080275927038,0.841883997130944,0.854253299083001,0.85615387684856,0.874194637616486,0.89844000609921,Surged Additional 50% Reduction,Iraq,IRQ,2020-06-17,v3
2020-07-06,cumulative_infections,1928041.15,2392159.75,2808783.5,2850206.36,3234555.25,4024953.025,Surged Maintain Status Quo,Iraq,IRQ,2020-06-17,v3
2020-07-06,deaths,183.95,237,282,283.42,323,414,Surged Maintain Status Quo,Iraq,IRQ,2020-06-17,v3
2020-07-06,hospital_demand,13113.45,16465.25,19630,19690.295,22472.75,28505.15,Surged Maintain Status Quo,Iraq,IRQ,2020-06-17,v3
2020-07-06,ICU_demand,3197.2,3977.25,4770,4764.125,5449.25,6855.025,Surged Maintain Status Quo,Iraq,IRQ,2020-06-17,v3
2020-07-06,infections,130102.5,176639.5,211671,211095.795,241627.25,316478.675,Surged Maintain Status Quo,Iraq,IRQ,2020-06-17,v3
2020-07-06,Rt,1.61216055185408,1.68376799426189,1.708506598166,1.71230775369712,1.74838927523297,1.79688001219842,Surged Maintain Status Quo,Iraq,IRQ,2020-06-17,v3
2020-07-06,cumulative_infections,3205628.675,3973014,4708125.5,4698847.56,5346158.75,6697392.1,Surged Relax Interventions 50%,Iraq,IRQ,2020-06-17,v3
2020-07-06,deaths,285.95,355,437,437.31,504.25,628.175,Surged Relax Interventions 50%,Iraq,IRQ,2020-06-17,v3
2020-07-06,hospital_demand,22123.875,28186.75,33844.5,33562.305,38260.5,48541.775,Surged Relax Interventions 50%,Iraq,IRQ,2020-06-17,v3
2020-07-06,ICU_demand,5305.75,6787.5,8017,8014.71,9146.75,11470.125,Surged Relax Interventions 50%,Iraq,IRQ,2020-06-17,v3
2020-07-06,infections,317289.275,426576.5,502302,499326.64,562110,715676.725,Surged Relax Interventions 50%,Iraq,IRQ,2020-06-17,v3
2020-07-06,Rt,2.15851030721146,2.2543850030242,2.28750734400422,2.29259668413465,2.34090597693147,2.40582988008977,Surged Relax Interventions 50%,Iraq,IRQ,2020-06-17,v3
2020-07-07,cumulative_infections,985644.55,1225455.75,1417211.5,1459561,1653366.25,2086311.725,Additional 50% Reduction,Iraq,IRQ,2020-06-17,v3
2020-07-07,deaths,82.975,112.75,137,148.19,178.25,242.05,Additional 50% Reduction,Iraq,IRQ,2020-06-17,v3
2020-07-07,hospital_demand,5015.65,6467.25,7598.5,7798.4,8937.25,11444.325,Additional 50% Reduction,Iraq,IRQ,2020-06-17,v3
2020-07-07,ICU_demand,1202.925,1491.75,1538,1522.015,1581,1662.075,Additional 50% Reduction,Iraq,IRQ,2020-06-17,v3
2020-07-07,infections,19001.825,25924.5,31533,32152.785,37475.75,49461.25,Additional 50% Reduction,Iraq,IRQ,2020-06-17,v3
2020-07-07,Rt,0.812112361888779,0.843219581091691,0.857371790906153,0.857333278094658,0.873213306516869,0.901373836627557,Additional 50% Reduction,Iraq,IRQ,2020-06-17,v3
2020-07-07,cumulative_infections,1980435.4,2608551.25,3042888,3123106.535,3583343.75,4580410.225,Maintain Status Quo,Iraq,IRQ,2020-06-17,v3
2020-07-07,deaths,392.9,597.25,718.5,726.15,846,1116.1,Maintain Status Quo,Iraq,IRQ,2020-06-17,v3
2020-07-07,hospital_demand,13167.35,17451.25,20790.5,21262.965,24302.75,31467.975,Maintain Status Quo,Iraq,IRQ,2020-06-17,v3
2020-07-07,ICU_demand,1877,2093,2235,2252.32,2410.25,2708.85,Maintain Status Quo,Iraq,IRQ,2020-06-17,v3
2020-07-07,infections,134796.75,188183.75,226386,229044.435,265025.25,345053.625,Maintain Status Quo,Iraq,IRQ,2020-06-17,v3
2020-07-07,Rt,1.62422472377756,1.68643916218338,1.71474358181231,1.71466655618932,1.74642661303374,1.80274767325511,Maintain Status Quo,Iraq,IRQ,2020-06-17,v3
2020-07-07,cumulative_infections,3358560.825,4435337.25,5214406,5322823.435,6085272,7739287.05,Relax Interventions 50%,Iraq,IRQ,2020-06-17,v3
2020-07-07,deaths,859.95,1232,1467,1503.95,1708,2216.55,Relax Interventions 50%,Iraq,IRQ,2020-06-17,v3
2020-07-07,hospital_demand,23483,31177,37011,37661.03,43230.25,55646.1,Relax Interventions 50%,Iraq,IRQ,2020-06-17,v3
2020-07-07,ICU_demand,2492.625,2921,3175.5,3210.135,3468,4089.95,Relax Interventions 50%,Iraq,IRQ,2020-06-17,v3
2020-07-07,infections,345953.725,468736.25,556387,555650.405,633387.5,790556.475,Relax Interventions 50%,Iraq,IRQ,2020-06-17,v3
2020-07-07,Rt,2.1746629412744,2.25796141077355,2.2958579970896,2.29575486803031,2.33827818245917,2.41368604978424,Relax Interventions 50%,Iraq,IRQ,2020-06-17,v3
2020-07-07,cumulative_infections,999914.7,1222710.5,1412094,1438295.525,1613640,1964924.725,Surged Additional 50% Reduction,Iraq,IRQ,2020-06-17,v3
2020-07-07,deaths,87.95,111,134,136.975,158,213.025,Surged Additional 50% Reduction,Iraq,IRQ,2020-06-17,v3
2020-07-07,hospital_demand,5181.25,6463,7640.5,7756.47,8822.75,11020.6,Surged Additional 50% Reduction,Iraq,IRQ,2020-06-17,v3
2020-07-07,ICU_demand,1257.725,1608,1908.5,1936.815,2189.75,2752,Surged Additional 50% Reduction,Iraq,IRQ,2020-06-17,v3
2020-07-07,infections,19509.075,26143.75,31627.5,31604.05,36296.75,48591.4,Surged Additional 50% Reduction,Iraq,IRQ,2020-06-17,v3
2020-07-07,Rt,0.806080275927038,0.841883997130944,0.854253299083001,0.85615387684856,0.874194637616486,0.89844000609921,Surged Additional 50% Reduction,Iraq,IRQ,2020-06-17,v3
2020-07-07,cumulative_infections,2084837.15,2582601.75,3040227.5,3075838.635,3494141,4354393.675,Surged Maintain Status Quo,Iraq,IRQ,2020-06-17,v3
2020-07-07,deaths,193.9,250.75,303,304.71,352,446.1,Surged Maintain Status Quo,Iraq,IRQ,2020-06-17,v3
2020-07-07,hospital_demand,14091.175,17776.25,21246,21235.905,24288.75,30697.075,Surged Maintain Status Quo,Iraq,IRQ,2020-06-17,v3
2020-07-07,ICU_demand,3409.6,4285.25,5131.5,5135.35,5885.75,7388.3,Surged Maintain Status Quo,Iraq,IRQ,2020-06-17,v3
2020-07-07,infections,138524.925,188915.5,226080,225632.275,256956.5,338162.8,Surged Maintain Status Quo,Iraq,IRQ,2020-06-17,v3
2020-07-07,Rt,1.61216055185408,1.68376799426189,1.708506598166,1.71230775369712,1.74838927523297,1.79688001219842,Surged Maintain Status Quo,Iraq,IRQ,2020-06-17,v3
2020-07-07,cumulative_infections,3553398.55,4445530.75,5275863.5,5247890.895,5969107.75,7529093.8,Surged Relax Interventions 50%,Iraq,IRQ,2020-06-17,v3
2020-07-07,deaths,327.45,405,485,490.425,555.25,707.075,Surged Relax Interventions 50%,Iraq,IRQ,2020-06-17,v3
2020-07-07,hospital_demand,24713.625,31782.25,38056,37697.665,42825.5,54284.95,Surged Relax Interventions 50%,Iraq,IRQ,2020-06-17,v3
2020-07-07,ICU_demand,5856.975,7615,9024.5,9008.67,10272,13024.175,Surged Relax Interventions 50%,Iraq,IRQ,2020-06-17,v3
2020-07-07,infections,351590.8,469946.75,552565.5,549043.335,616112.25,778283.475,Surged Relax Interventions 50%,Iraq,IRQ,2020-06-17,v3
2020-07-07,Rt,2.15851030721146,2.2543850030242,2.28750734400422,2.29259668413465,2.34090597693147,2.40582988008977,Surged Relax Interventions 50%,Iraq,IRQ,2020-06-17,v3
2020-07-08,cumulative_infections,1003891.15,1252130.5,1447187,1490859.85,1690515.25,2132081.625,Additional 50% Reduction,Iraq,IRQ,2020-06-17,v3
2020-07-08,deaths,85.975,107,134,144.575,175,245.025,Additional 50% Reduction,Iraq,IRQ,2020-06-17,v3
2020-07-08,hospital_demand,4945.05,6382.5,7508.5,7683.63,8771.25,11295.875,Additional 50% Reduction,Iraq,IRQ,2020-06-17,v3
2020-07-08,ICU_demand,1200.55,1484,1528.5,1512.465,1569,1653.125,Additional 50% Reduction,Iraq,IRQ,2020-06-17,v3
2020-07-08,infections,18250.575,25133.75,30827,31298.85,36546.25,48555.1,Additional 50% Reduction,Iraq,IRQ,2020-06-17,v3
2020-07-08,Rt,0.812112361888779,0.843219581091691,0.857371790906153,0.857333278094658,0.873213306516869,0.901373836627557,Additional 50% Reduction,Iraq,IRQ,2020-06-17,v3
2020-07-08,cumulative_infections,2124177.375,2811747.25,3281889,3367278.48,3860115,4945165.225,Maintain Status Quo,Iraq,IRQ,2020-06-17,v3
2020-07-08,deaths,439.4,626.5,773,782.18,914.5,1207.05,Maintain Status Quo,Iraq,IRQ,2020-06-17,v3
2020-07-08,hospital_demand,14059.875,18843.25,22291,22877.505,26204,34056.075,Maintain Status Quo,Iraq,IRQ,2020-06-17,v3
2020-07-08,ICU_demand,1931.225,2144.75,2298.5,2319.04,2473.25,2807.95,Maintain Status Quo,Iraq,IRQ,2020-06-17,v3
2020-07-08,infections,143741.975,201197.75,242117,244171.945,282286.25,364755,Maintain Status Quo,Iraq,IRQ,2020-06-17,v3
2020-07-08,Rt,1.62422472377756,1.68643916218338,1.71474358181231,1.71466655618932,1.74642661303374,1.80274767325511,Maintain Status Quo,Iraq,IRQ,2020-06-17,v3
2020-07-08,cumulative_infections,3740728.5,4946029.25,5829589.5,5929939.605,6777789.75,8591383.25,Relax Interventions 50%,Iraq,IRQ,2020-06-17,v3
2020-07-08,deaths,997.95,1401.5,1636.5,1698.645,1907.25,2839.225,Relax Interventions 50%,Iraq,IRQ,2020-06-17,v3
2020-07-08,hospital_demand,26204.025,34916,41680,42104.645,48336.75,61503.5,Relax Interventions 50%,Iraq,IRQ,2020-06-17,v3
2020-07-08,ICU_demand,2630.6,3081.25,3415,3424.74,3741.5,4372.525,Relax Interventions 50%,Iraq,IRQ,2020-06-17,v3
2020-07-08,infections,382167.675,513662.25,610615,607116.17,688805.25,852096.2,Relax Interventions 50%,Iraq,IRQ,2020-06-17,v3
2020-07-08,Rt,2.1746629412744,2.25796141077355,2.2958579970896,2.29575486803031,2.33827818245917,2.41368604978424,Relax Interventions 50%,Iraq,IRQ,2020-06-17,v3
2020-07-08,cumulative_infections,1020123.7,1248250.75,1443597,1469050.93,1649648.25,2009097.425,Surged Additional 50% Reduction,Iraq,IRQ,2020-06-17,v3
2020-07-08,deaths,86.975,112,135.5,136.67,159.25,197.025,Surged Additional 50% Reduction,Iraq,IRQ,2020-06-17,v3
2020-07-08,hospital_demand,5105.75,6366.25,7534.5,7642.11,8691.25,10937.325,Surged Additional 50% Reduction,Iraq,IRQ,2020-06-17,v3
2020-07-08,ICU_demand,1229.925,1594.5,1902,1914.59,2168.25,2704.3,Surged Additional 50% Reduction,Iraq,IRQ,2020-06-17,v3
2020-07-08,infections,19005.2,25274.75,30713,30755.405,35352,47087.075,Surged Additional 50% Reduction,Iraq,IRQ,2020-06-17,v3
2020-07-08,Rt,0.806080275927038,0.841883997130944,0.854253299083001,0.85615387684856,0.874194637616486,0.89844000609921,Surged Additional 50% Reduction,Iraq,IRQ,2020-06-17,v3
2020-07-08,cumulative_infections,2254231,2786369.5,3292177,3316457.01,3777062.75,4703755.325,Surged Maintain Status Quo,Iraq,IRQ,2020-06-17,v3
2020-07-08,deaths,215,271.75,326.5,329.78,383.25,476.05,Surged Maintain Status Quo,Iraq,IRQ,2020-06-17,v3
2020-07-08,hospital_demand,15023.8,19119.75,22971,22876.51,26166,33552.05,Surged Maintain Status Quo,Iraq,IRQ,2020-06-17,v3
2020-07-08,ICU_demand,3657.975,4608.5,5524.5,5533.355,6323.25,8087.375,Surged Maintain Status Quo,Iraq,IRQ,2020-06-17,v3
2020-07-08,infections,147675.225,200757.5,241132,240618.375,273105.75,358320.375,Surged Maintain Status Quo,Iraq,IRQ,2020-06-17,v3
2020-07-08,Rt,1.61216055185408,1.68376799426189,1.708506598166,1.71230775369712,1.74838927523297,1.79688001219842,Surged Maintain Status Quo,Iraq,IRQ,2020-06-17,v3
2020-07-08,cumulative_infections,3933647.25,4963662.5,5888568,5848366.53,6648450.75,8374350.425,Surged Relax Interventions 50%,Iraq,IRQ,2020-06-17,v3
2020-07-08,deaths,358.775,465,547.5,553.07,622.5,811.15,Surged Relax Interventions 50%,Iraq,IRQ,2020-06-17,v3
2020-07-08,hospital_demand,27557.825,35800,42653,42212.65,47895.25,60645.85,Surged Relax Interventions 50%,Iraq,IRQ,2020-06-17,v3
2020-07-08,ICU_demand,6566.625,8543.75,10144.5,10101.245,11473.5,14606.8,Surged Relax Interventions 50%,Iraq,IRQ,2020-06-17,v3
2020-07-08,infections,388336.025,519016,605577.5,600475.635,671833.5,837453.35,Surged Relax Interventions 50%,Iraq,IRQ,2020-06-17,v3
2020-07-08,Rt,2.15851030721146,2.2543850030242,2.28750734400422,2.29259668413465,2.34090597693147,2.40582988008977,Surged Relax Interventions 50%,Iraq,IRQ,2020-06-17,v3
2020-07-09,cumulative_infections,1021701.6,1277981,1477076,1521327.2,1726615.75,2178033.225,Additional 50% Reduction,Iraq,IRQ,2020-06-17,v3
2020-07-09,deaths,86.95,106,128.5,140.025,166.25,243.1,Additional 50% Reduction,Iraq,IRQ,2020-06-17,v3
2020-07-09,hospital_demand,4823.05,6301.5,7382,7560.285,8619.75,11098.25,Additional 50% Reduction,Iraq,IRQ,2020-06-17,v3
2020-07-09,ICU_demand,1181.525,1472.75,1523.5,1501.745,1569,1642.1,Additional 50% Reduction,Iraq,IRQ,2020-06-17,v3
2020-07-09,infections,17780,24496.25,29787.5,30467.35,35424.75,47269.975,Additional 50% Reduction,Iraq,IRQ,2020-06-17,v3
2020-07-09,Rt,0.812112361888779,0.843219581091691,0.857371790906153,0.857333278094658,0.873213306516869,0.901373836627557,Additional 50% Reduction,Iraq,IRQ,2020-06-17,v3
2020-07-09,cumulative_infections,2277475.575,3026522.25,3529061.5,3627121.045,4150223,5331553.825,Maintain Status Quo,Iraq,IRQ,2020-06-17,v3
2020-07-09,deaths,483,675.5,837.5,842.625,986.25,1298.275,Maintain Status Quo,Iraq,IRQ,2020-06-17,v3
2020-07-09,hospital_demand,15069.425,20225.25,24072.5,24586.535,28245,36677.375,Maintain Status Quo,Iraq,IRQ,2020-06-17,v3
2020-07-09,ICU_demand,1958.925,2208,2362,2385.93,2541.5,2916.05,Maintain Status Quo,Iraq,IRQ,2020-06-17,v3
2020-07-09,infections,153298.2,213631.5,258265,259842.565,300142.5,386388.6,Maintain Status Quo,Iraq,IRQ,2020-06-17,v3
2020-07-09,Rt,1.62422472377756,1.68643916218338,1.71474358181231,1.71466655618932,1.74642661303374,1.80274767325511,Maintain Status Quo,Iraq,IRQ,2020-06-17,v3
2020-07-09,cumulative_infections,4161684.9,5508290.5,6509954.5,6589318.175,7536548.75,9498107.875,Relax Interventions 50%,Iraq,IRQ,2020-06-17,v3
2020-07-09,deaths,1112.225,1544.5,1855.5,1955.355,2154,3767.975,Relax Interventions 50%,Iraq,IRQ,2020-06-17,v3
2020-07-09,hospital_demand,29352.1,39290,46700.5,46869.61,54035,67076.5,Relax Interventions 50%,Iraq,IRQ,2020-06-17,v3
2020-07-09,ICU_demand,2748.925,3275,3625,3643.73,3970.25,4655.3,Relax Interventions 50%,Iraq,IRQ,2020-06-17,v3
2020-07-09,infections,420956.4,562947.75,664899.5,659378.57,746139.25,906724.625,Relax Interventions 50%,Iraq,IRQ,2020-06-17,v3
2020-07-09,Rt,2.1746629412744,2.25796141077355,2.2958579970896,2.29575486803031,2.33827818245917,2.41368604978424,Relax Interventions 50%,Iraq,IRQ,2020-06-17,v3
2020-07-09,cumulative_infections,1039862.45,1271473.5,1474388,1498973.18,1684714.5,2051667.8,Surged Additional 50% Reduction,Iraq,IRQ,2020-06-17,v3
2020-07-09,deaths,86.9,111.75,130.5,133.66,154,189.025,Surged Additional 50% Reduction,Iraq,IRQ,2020-06-17,v3
2020-07-09,hospital_demand,5002.9,6241.75,7400.5,7523.39,8521.75,10891.125,Surged Additional 50% Reduction,Iraq,IRQ,2020-06-17,v3
2020-07-09,ICU_demand,1221.675,1575.75,1880.5,1889.84,2143.5,2717.5,Surged Additional 50% Reduction,Iraq,IRQ,2020-06-17,v3
2020-07-09,infections,18097.75,24653.5,30046,29922.25,34392.75,45777.4,Surged Additional 50% Reduction,Iraq,IRQ,2020-06-17,v3
2020-07-09,Rt,0.806080275927038,0.841883997130944,0.854253299083001,0.85615387684856,0.874194637616486,0.89844000609921,Surged Additional 50% Reduction,Iraq,IRQ,2020-06-17,v3
2020-07-09,cumulative_infections,2431510.4,3003415.5,3561317.5,3572544.49,4078361.75,5083974.15,Surged Maintain Status Quo,Iraq,IRQ,2020-06-17,v3
2020-07-09,deaths,232,294,352,352.94,404.25,511.075,Surged Maintain Status Quo,Iraq,IRQ,2020-06-17,v3
2020-07-09,hospital_demand,16015.325,20508.75,24805,24610.485,28191.75,36351.55,Surged Maintain Status Quo,Iraq,IRQ,2020-06-17,v3
2020-07-09,ICU_demand,3874.975,4975.25,5931,5951.095,6807.75,8738.375,Surged Maintain Status Quo,Iraq,IRQ,2020-06-17,v3
2020-07-09,infections,156722.05,214591.75,256611,256087.48,291376.75,379567.3,Surged Maintain Status Quo,Iraq,IRQ,2020-06-17,v3
2020-07-09,Rt,1.61216055185408,1.68376799426189,1.708506598166,1.71230775369712,1.74838927523297,1.79688001219842,Surged Maintain Status Quo,Iraq,IRQ,2020-06-17,v3
2020-07-09,cumulative_infections,4352038.15,5538221.5,6555866.5,6501075.015,7385988.25,9271000.25,Surged Relax Interventions 50%,Iraq,IRQ,2020-06-17,v3
2020-07-09,deaths,407.875,522.75,618,624.035,705.75,888,Surged Relax Interventions 50%,Iraq,IRQ,2020-06-17,v3
2020-07-09,hospital_demand,30752.625,40090.25,47692,47150.59,53483,67647.025,Surged Relax Interventions 50%,Iraq,IRQ,2020-06-17,v3
2020-07-09,ICU_demand,7404.975,9560.75,11386,11279.71,12821,16259.15,Surged Relax Interventions 50%,Iraq,IRQ,2020-06-17,v3
2020-07-09,infections,427430.475,567288.75,658110,652708.485,729502,895869.875,Surged Relax Interventions 50%,Iraq,IRQ,2020-06-17,v3
2020-07-09,Rt,2.15851030721146,2.2543850030242,2.28750734400422,2.29259668413465,2.34090597693147,2.40582988008977,Surged Relax Interventions 50%,Iraq,IRQ,2020-06-17,v3
2020-07-10,cumulative_infections,1038790.35,1303414.25,1506325.5,1550975.35,1761798.75,2224165.5,Additional 50% Reduction,Iraq,IRQ,2020-06-17,v3
2020-07-10,deaths,79,105,124,135.535,160.25,238.05,Additional 50% Reduction,Iraq,IRQ,2020-06-17,v3
2020-07-10,hospital_demand,4707.375,6166.25,7258.5,7428.54,8454,10969.35,Additional 50% Reduction,Iraq,IRQ,2020-06-17,v3
2020-07-10,ICU_demand,1161.725,1461.75,1519.5,1493.455,1563.25,1639.2,Additional 50% Reduction,Iraq,IRQ,2020-06-17,v3
2020-07-10,infections,17096.85,23833.75,29197,29648.15,34581,46103.85,Additional 50% Reduction,Iraq,IRQ,2020-06-17,v3
2020-07-10,Rt,0.812112361888779,0.843219581091691,0.857371790906153,0.857333278094658,0.873213306516869,0.901373836627557,Additional 50% Reduction,Iraq,IRQ,2020-06-17,v3
2020-07-10,cumulative_infections,2441035.475,3250993,3799138,3903060.53,4477765.25,5740917.275,Maintain Status Quo,Iraq,IRQ,2020-06-17,v3
2020-07-10,deaths,508.775,742.5,886,907.205,1050,1387.25,Maintain Status Quo,Iraq,IRQ,2020-06-17,v3
2020-07-10,hospital_demand,16136.525,21726,25908,26386.71,30400,39530.7,Maintain Status Quo,Iraq,IRQ,2020-06-17,v3
2020-07-10,ICU_demand,2011.525,2263.75,2431.5,2461.5,2623.25,3028.275,Maintain Status Quo,Iraq,IRQ,2020-06-17,v3
2020-07-10,infections,163559.9,226866,274834.5,275939.485,317350.5,409356.1,Maintain Status Quo,Iraq,IRQ,2020-06-17,v3
2020-07-10,Rt,1.62422472377756,1.68643916218338,1.71474358181231,1.71466655618932,1.74642661303374,1.80274767325511,Maintain Status Quo,Iraq,IRQ,2020-06-17,v3
2020-07-10,cumulative_infections,4622499.55,6125311,7252903.5,7301062.955,8376694.5,10458860.85,Relax Interventions 50%,Iraq,IRQ,2020-06-17,v3
2020-07-10,deaths,1270.95,1709.25,2037.5,2294.76,2621.25,4750.725,Relax Interventions 50%,Iraq,IRQ,2020-06-17,v3
2020-07-10,hospital_demand,32604,43882,51990.5,51869.06,59901.5,72249.025,Relax Interventions 50%,Iraq,IRQ,2020-06-17,v3
2020-07-10,ICU_demand,2912.625,3475.75,3858,3877.935,4218,4896.95,Relax Interventions 50%,Iraq,IRQ,2020-06-17,v3
2020-07-10,infections,460814.65,612577.5,719429,711744.78,801702.5,960752.975,Relax Interventions 50%,Iraq,IRQ,2020-06-17,v3
2020-07-10,Rt,2.1746629412744,2.25796141077355,2.2958579970896,2.29575486803031,2.33827818245917,2.41368604978424,Relax Interventions 50%,Iraq,IRQ,2020-06-17,v3
2020-07-10,cumulative_infections,1058784.175,1293045.5,1504104.5,1528113.74,1719009.5,2093466.225,Surged Additional 50% Reduction,Iraq,IRQ,2020-06-17,v3
2020-07-10,deaths,85.975,108,129.5,131.585,152,194,Surged Additional 50% Reduction,Iraq,IRQ,2020-06-17,v3
2020-07-10,hospital_demand,4961.275,6164.5,7225,7392.035,8388,10777.775,Surged Additional 50% Reduction,Iraq,IRQ,2020-06-17,v3
2020-07-10,ICU_demand,1193.9,1562,1859,1861.35,2114.75,2670.8,Surged Additional 50% Reduction,Iraq,IRQ,2020-06-17,v3
2020-07-10,infections,17702,23940,29013.5,29140.56,33505,44842.025,Surged Additional 50% Reduction,Iraq,IRQ,2020-06-17,v3
2020-07-10,Rt,0.806080275927038,0.841883997130944,0.854253299083001,0.85615387684856,0.874194637616486,0.89844000609921,Surged Additional 50% Reduction,Iraq,IRQ,2020-06-17,v3
2020-07-10,cumulative_infections,2607635.525,3234922.75,3848295,3844627.575,4382264,5518944.575,Surged Maintain Status Quo,Iraq,IRQ,2020-06-17,v3
2020-07-10,deaths,236.725,318,383,383.025,437,559.15,Surged Maintain Status Quo,Iraq,IRQ,2020-06-17,v3
2020-07-10,hospital_demand,17098.175,22099.25,26648.5,26439.685,30261.25,39100.05,Surged Maintain Status Quo,Iraq,IRQ,2020-06-17,v3
2020-07-10,ICU_demand,4166.15,5362,6388,6399.53,7315.5,9364.025,Surged Maintain Status Quo,Iraq,IRQ,2020-06-17,v3
2020-07-10,infections,167060.7,228064.75,271953,272083.085,308366.5,401975.4,Surged Maintain Status Quo,Iraq,IRQ,2020-06-17,v3
2020-07-10,Rt,1.61216055185408,1.68376799426189,1.708506598166,1.71230775369712,1.74838927523297,1.79688001219842,Surged Maintain Status Quo,Iraq,IRQ,2020-06-17,v3
2020-07-10,cumulative_infections,4808040.4,6166967,7271557.5,7206256.685,8170741.5,10223464.625,Surged Relax Interventions 50%,Iraq,IRQ,2020-06-17,v3
2020-07-10,deaths,446.85,586,698.5,703.01,797.25,1017.15,Surged Relax Interventions 50%,Iraq,IRQ,2020-06-17,v3
2020-07-10,hospital_demand,34207.4,44538.75,53068.5,52487.67,59347,74852.925,Surged Relax Interventions 50%,Iraq,IRQ,2020-06-17,v3
2020-07-10,ICU_demand,8291.975,10680,12707,12559.655,14262.5,17941.95,Surged Relax Interventions 50%,Iraq,IRQ,2020-06-17,v3
2020-07-10,infections,469642.3,616401.25,712616,705181.67,784770.75,949183.75,Surged Relax Interventions 50%,Iraq,IRQ,2020-06-17,v3
2020-07-10,Rt,2.15851030721146,2.2543850030242,2.28750734400422,2.29259668413465,2.34090597693147,2.40582988008977,Surged Relax Interventions 50%,Iraq,IRQ,2020-06-17,v3
2020-07-11,cumulative_infections,1055521.425,1328081.25,1533795,1579820.64,1796735,2269188.6,Additional 50% Reduction,Iraq,IRQ,2020-06-17,v3
2020-07-11,deaths,74.95,104.75,122.5,133.955,157.25,231.1,Additional 50% Reduction,Iraq,IRQ,2020-06-17,v3
2020-07-11,hospital_demand,4618.05,6057.25,7114.5,7294.24,8304.25,10785.05,Additional 50% Reduction,Iraq,IRQ,2020-06-17,v3
2020-07-11,ICU_demand,1154.5,1436.75,1511,1479.335,1554,1631.075,Additional 50% Reduction,Iraq,IRQ,2020-06-17,v3
2020-07-11,infections,16737.275,23137,28399,28845.29,33639.75,44803.85,Additional 50% Reduction,Iraq,IRQ,2020-06-17,v3
2020-07-11,Rt,0.812112361888779,0.843219581091691,0.857371790906153,0.857333278094658,0.873213306516869,0.901373836627557,Additional 50% Reduction,Iraq,IRQ,2020-06-17,v3
2020-07-11,cumulative_infections,2614336.85,3483214.25,4093762.5,4195411.01,4814746,6170809.15,Maintain Status Quo,Iraq,IRQ,2020-06-17,v3
2020-07-11,deaths,557.55,795,953.5,971.095,1128.5,1492.2,Maintain Status Quo,Iraq,IRQ,2020-06-17,v3
2020-07-11,hospital_demand,17150.1,23226.25,27912,28282.55,32760.5,42310.175,Maintain Status Quo,Iraq,IRQ,2020-06-17,v3
2020-07-11,ICU_demand,2056.95,2328.5,2499,2535.605,2724,3108.1,Maintain Status Quo,Iraq,IRQ,2020-06-17,v3
2020-07-11,infections,173301.375,240464.25,292482,292350.48,335412.75,429891.875,Maintain Status Quo,Iraq,IRQ,2020-06-17,v3
2020-07-11,Rt,1.62422472377756,1.68643916218338,1.71474358181231,1.71466655618932,1.74642661303374,1.80274767325511,Maintain Status Quo,Iraq,IRQ,2020-06-17,v3
2020-07-11,cumulative_infections,5125711.85,6800945,8046829.5,8064047.73,9253025.5,11466820.6,Relax Interventions 50%,Iraq,IRQ,2020-06-17,v3
2020-07-11,deaths,1357,1913.75,2342,2773.375,3494.5,5747.35,Relax Interventions 50%,Iraq,IRQ,2020-06-17,v3
2020-07-11,hospital_demand,36259.1,48991.5,57660,56955.95,65287.5,76811,Relax Interventions 50%,Iraq,IRQ,2020-06-17,v3
2020-07-11,ICU_demand,3077.55,3726,4113,4119.525,4497.5,5211.125,Relax Interventions 50%,Iraq,IRQ,2020-06-17,v3
2020-07-11,infections,503212.3,663685.25,774097.5,762984.775,853306.25,1007959.75,Relax Interventions 50%,Iraq,IRQ,2020-06-17,v3
2020-07-11,Rt,2.1746629412744,2.25796141077355,2.2958579970896,2.29575486803031,2.33827818245917,2.41368604978424,Relax Interventions 50%,Iraq,IRQ,2020-06-17,v3
2020-07-11,cumulative_infections,1077090.1,1314249.5,1531575.5,1556490.86,1750049.5,2134319.625,Surged Additional 50% Reduction,Iraq,IRQ,2020-06-17,v3
2020-07-11,deaths,77.975,110,130,130.98,147.25,190.025,Surged Additional 50% Reduction,Iraq,IRQ,2020-06-17,v3
2020-07-11,hospital_demand,4847.825,6068.75,7117,7262.085,8283.5,10588.85,Surged Additional 50% Reduction,Iraq,IRQ,2020-06-17,v3
2020-07-11,ICU_demand,1193.35,1523.75,1821,1829.645,2085.25,2645.975,Surged Additional 50% Reduction,Iraq,IRQ,2020-06-17,v3
2020-07-11,infections,16844.4,23356.5,28263,28377.12,32609,43829.475,Surged Additional 50% Reduction,Iraq,IRQ,2020-06-17,v3
2020-07-11,Rt,0.806080275927038,0.841883997130944,0.854253299083001,0.85615387684856,0.874194637616486,0.89844000609921,Surged Additional 50% Reduction,Iraq,IRQ,2020-06-17,v3
2020-07-11,cumulative_infections,2790421.55,3480066.5,4148177,4133152.37,4703523.25,5981750.7,Surged Maintain Status Quo,Iraq,IRQ,2020-06-17,v3
2020-07-11,deaths,254.95,347,412.5,412.1,464.75,610.175,Surged Maintain Status Quo,Iraq,IRQ,2020-06-17,v3
2020-07-11,hospital_demand,18301.7,23816.75,28607.5,28372.23,32413.25,41815.425,Surged Maintain Status Quo,Iraq,IRQ,2020-06-17,v3
2020-07-11,ICU_demand,4377.2,5740.25,6862.5,6872.73,7816.5,10097.975,Surged Maintain Status Quo,Iraq,IRQ,2020-06-17,v3
2020-07-11,infections,177426.575,242317.25,287994,288524.795,326969.75,423256.45,Surged Maintain Status Quo,Iraq,IRQ,2020-06-17,v3
2020-07-11,Rt,1.61216055185408,1.68376799426189,1.708506598166,1.71230775369712,1.74838927523297,1.79688001219842,Surged Maintain Status Quo,Iraq,IRQ,2020-06-17,v3
2020-07-11,cumulative_infections,5303435.075,6840863.25,8056049,7962845.105,8984573.75,11223331.4,Surged Relax Interventions 50%,Iraq,IRQ,2020-06-17,v3
2020-07-11,deaths,497.925,656,777,778.555,875.75,1113.4,Surged Relax Interventions 50%,Iraq,IRQ,2020-06-17,v3
2020-07-11,hospital_demand,37920.675,49514,58830.5,58212.93,65645.25,82508.675,Surged Relax Interventions 50%,Iraq,IRQ,2020-06-17,v3
2020-07-11,ICU_demand,9216.2,11904.75,14081.5,13942.15,15780.5,19818.9,Surged Relax Interventions 50%,Iraq,IRQ,2020-06-17,v3
2020-07-11,infections,511316.8,666538.5,764974,756588.42,842300.75,997334.975,Surged Relax Interventions 50%,Iraq,IRQ,2020-06-17,v3
2020-07-11,Rt,2.15851030721146,2.2543850030242,2.28750734400422,2.29259668413465,2.34090597693147,2.40582988008977,Surged Relax Interventions 50%,Iraq,IRQ,2020-06-17,v3
2020-07-12,cumulative_infections,1071691.875,1352203.75,1561001,1607891.99,1831190.25,2313298.25,Additional 50% Reduction,Iraq,IRQ,2020-06-17,v3
2020-07-12,deaths,79.975,103.75,118,128.43,151,213.025,Additional 50% Reduction,Iraq,IRQ,2020-06-17,v3
2020-07-12,hospital_demand,4507,5898.75,7013.5,7150.475,8187,10622.05,Additional 50% Reduction,Iraq,IRQ,2020-06-17,v3
2020-07-12,ICU_demand,1134.3,1420.25,1502.5,1469.84,1550.25,1633.275,Additional 50% Reduction,Iraq,IRQ,2020-06-17,v3
2020-07-12,infections,16179.875,22588,27720.5,28071.35,32789.75,43602.35,Additional 50% Reduction,Iraq,IRQ,2020-06-17,v3
2020-07-12,Rt,0.812112361888779,0.843219581091691,0.857371790906153,0.857333278094658,0.873213306516869,0.901373836627557,Additional 50% Reduction,Iraq,IRQ,2020-06-17,v3
2020-07-12,cumulative_infections,2797959.95,3732604,4405515,4504592.78,5176827.75,6623055.4,Maintain Status Quo,Iraq,IRQ,2020-06-17,v3
2020-07-12,deaths,598.95,866.75,1030.5,1043.52,1214.25,1599.5,Maintain Status Quo,Iraq,IRQ,2020-06-17,v3
2020-07-12,hospital_demand,18411.925,24856.75,29920.5,30286.025,35075,45128.35,Maintain Status Quo,Iraq,IRQ,2020-06-17,v3
2020-07-12,ICU_demand,2106.35,2391.25,2595.5,2612.915,2801,3244.9,Maintain Status Quo,Iraq,IRQ,2020-06-17,v3
2020-07-12,infections,183816.9,255624,309517,309181.77,354321.5,452246.25,Maintain Status Quo,Iraq,IRQ,2020-06-17,v3
2020-07-12,Rt,1.62422472377756,1.68643916218338,1.71474358181231,1.71466655618932,1.74642661303374,1.80274767325511,Maintain Status Quo,Iraq,IRQ,2020-06-17,v3
2020-07-12,cumulative_infections,5674418.425,7525000.75,8869926,8876054.27,10161650.25,12513051.7,Relax Interventions 50%,Iraq,IRQ,2020-06-17,v3
2020-07-12,deaths,1555.35,2138.25,3079,3364.695,4403.25,6678.15,Relax Interventions 50%,Iraq,IRQ,2020-06-17,v3
2020-07-12,hospital_demand,40362.1,54400.5,63027,62022.925,70133,81427.475,Relax Interventions 50%,Iraq,IRQ,2020-06-17,v3
2020-07-12,ICU_demand,3272.875,3952.75,4370,4374.145,4761,5509.275,Relax Interventions 50%,Iraq,IRQ,2020-06-17,v3
2020-07-12,infections,548706.575,715380.75,822294,812006.54,900904.75,1046231.1,Relax Interventions 50%,Iraq,IRQ,2020-06-17,v3
2020-07-12,Rt,2.1746629412744,2.25796141077355,2.2958579970896,2.29575486803031,2.33827818245917,2.41368604978424,Relax Interventions 50%,Iraq,IRQ,2020-06-17,v3
2020-07-12,cumulative_infections,1094747.45,1334797,1557924.5,1584083.28,1782976.75,2173892.925,Surged Additional 50% Reduction,Iraq,IRQ,2020-06-17,v3
2020-07-12,deaths,79,106,128,129.29,148.25,194.025,Surged Additional 50% Reduction,Iraq,IRQ,2020-06-17,v3
2020-07-12,hospital_demand,4713.475,5952.25,6987,7116.81,8120.5,10397.35,Surged Additional 50% Reduction,Iraq,IRQ,2020-06-17,v3
2020-07-12,ICU_demand,1167.15,1496,1783,1797.23,2047.5,2598.95,Surged Additional 50% Reduction,Iraq,IRQ,2020-06-17,v3
2020-07-12,infections,16397.65,22725.25,27552.5,27592.42,31734,43194.1,Surged Additional 50% Reduction,Iraq,IRQ,2020-06-17,v3
2020-07-12,Rt,0.806080275927038,0.841883997130944,0.854253299083001,0.85615387684856,0.874194637616486,0.89844000609921,Surged Additional 50% Reduction,Iraq,IRQ,2020-06-17,v3
2020-07-12,cumulative_infections,2973574.45,3741284.25,4458939.5,4438276.235,5051827.25,6457801.45,Surged Maintain Status Quo,Iraq,IRQ,2020-06-17,v3
2020-07-12,deaths,293.9,360.5,441.5,439.96,506.5,637.225,Surged Maintain Status Quo,Iraq,IRQ,2020-06-17,v3
2020-07-12,hospital_demand,19420.65,25471.75,30589.5,30401.58,34618.75,44841.55,Surged Maintain Status Quo,Iraq,IRQ,2020-06-17,v3
2020-07-12,ICU_demand,4656.65,6161.5,7352,7363.405,8381.75,10734.025,Surged Maintain Status Quo,Iraq,IRQ,2020-06-17,v3
2020-07-12,infections,188146.725,256449.25,304062.5,305123.865,345587.5,444208,Surged Maintain Status Quo,Iraq,IRQ,2020-06-17,v3
2020-07-12,Rt,1.61216055185408,1.68376799426189,1.708506598166,1.71230775369712,1.74838927523297,1.79688001219842,Surged Maintain Status Quo,Iraq,IRQ,2020-06-17,v3
2020-07-12,cumulative_infections,5839199.9,7562825.5,8874994.5,8768949.435,9881303.25,12265715.275,Surged Relax Interventions 50%,Iraq,IRQ,2020-06-17,v3
2020-07-12,deaths,559.975,738.5,856.5,868.015,995.25,1254.225,Surged Relax Interventions 50%,Iraq,IRQ,2020-06-17,v3
2020-07-12,hospital_demand,41932.45,54865,65021.5,64293.27,72278,90329.975,Surged Relax Interventions 50%,Iraq,IRQ,2020-06-17,v3
2020-07-12,ICU_demand,10163.5,13252.75,15536,15418.445,17336,21666.325,Surged Relax Interventions 50%,Iraq,IRQ,2020-06-17,v3
2020-07-12,infections,555460.725,715080,814413,806104.33,892210,1041495.225,Surged Relax Interventions 50%,Iraq,IRQ,2020-06-17,v3
2020-07-12,Rt,2.15851030721146,2.2543850030242,2.28750734400422,2.29259668413465,2.34090597693147,2.40582988008977,Surged Relax Interventions 50%,Iraq,IRQ,2020-06-17,v3
2020-07-13,cumulative_infections,1087140.15,1375699,1588173,1635194.515,1864391,2356220.925,Additional 50% Reduction,Iraq,IRQ,2020-06-17,v3
2020-07-13,deaths,77.95,100,117,127.4,147.25,216.225,Additional 50% Reduction,Iraq,IRQ,2020-06-17,v3
2020-07-13,hospital_demand,4373.65,5740.25,6859,7004.68,8023.5,10438.675,Additional 50% Reduction,Iraq,IRQ,2020-06-17,v3
2020-07-13,ICU_demand,1093.9,1399.75,1498,1454.055,1542.25,1624,Additional 50% Reduction,Iraq,IRQ,2020-06-17,v3
2020-07-13,infections,15453.475,21950.25,26866.5,27302.525,31790.5,42793.7,Additional 50% Reduction,Iraq,IRQ,2020-06-17,v3
2020-07-13,Rt,0.812112361888779,0.843219581091691,0.857371790906153,0.857333278094658,0.873213306516869,0.901373836627557,Additional 50% Reduction,Iraq,IRQ,2020-06-17,v3
2020-07-13,cumulative_infections,2992984.05,4003892.75,4735180,4830707.6,5548993.75,7094644.625,Maintain Status Quo,Iraq,IRQ,2020-06-17,v3
2020-07-13,deaths,631.35,908.75,1095,1118.73,1294.25,1687.475,Maintain Status Quo,Iraq,IRQ,2020-06-17,v3
2020-07-13,hospital_demand,19717.4,26610.75,32052,32363.875,37482.5,48104.775,Maintain Status Quo,Iraq,IRQ,2020-06-17,v3
2020-07-13,ICU_demand,2126.925,2464.75,2684.5,2696.1,2897,3365.35,Maintain Status Quo,Iraq,IRQ,2020-06-17,v3
2020-07-13,infections,195024.1,270673.25,327660,326114.82,373362.25,471589.225,Maintain Status Quo,Iraq,IRQ,2020-06-17,v3
2020-07-13,Rt,1.62422472377756,1.68643916218338,1.71474358181231,1.71466655618932,1.74642661303374,1.80274767325511,Maintain Status Quo,Iraq,IRQ,2020-06-17,v3
2020-07-13,cumulative_infections,6268114.525,8308175,9728542,9733663.37,11111662.5,13590419.875,Relax Interventions 50%,Iraq,IRQ,2020-06-17,v3
2020-07-13,deaths,1709.725,2568.5,3974.5,4078.18,5277.5,7463.025,Relax Interventions 50%,Iraq,IRQ,2020-06-17,v3
2020-07-13,hospital_demand,44668.025,59622.75,67919,66917.765,74669.5,85697.875,Relax Interventions 50%,Iraq,IRQ,2020-06-17,v3
2020-07-13,ICU_demand,3449.575,4181.5,4630.5,4614.32,5024.75,5789.3,Relax Interventions 50%,Iraq,IRQ,2020-06-17,v3
2020-07-13,infections,593696.1,765778,870210.5,857609.1,943433,1079444.05,Relax Interventions 50%,Iraq,IRQ,2020-06-17,v3
2020-07-13,Rt,2.1746629412744,2.25796141077355,2.2958579970896,2.29575486803031,2.33827818245917,2.41368604978424,Relax Interventions 50%,Iraq,IRQ,2020-06-17,v3
2020-07-13,cumulative_infections,1111898.6,1354300.5,1583712,1610913.84,1813759.25,2212576.675,Surged Additional 50% Reduction,Iraq,IRQ,2020-06-17,v3
2020-07-13,deaths,73,107,124,126.87,146,184.05,Surged Additional 50% Reduction,Iraq,IRQ,2020-06-17,v3
2020-07-13,hospital_demand,4574.375,5824.75,6859,6970.86,7957.75,10273.35,Surged Additional 50% Reduction,Iraq,IRQ,2020-06-17,v3
2020-07-13,ICU_demand,1132.875,1477,1744,1763.49,2015.75,2599.2,Surged Additional 50% Reduction,Iraq,IRQ,2020-06-17,v3
2020-07-13,infections,15950.925,21961.25,26680,26830.56,30938.5,41557.875,Surged Additional 50% Reduction,Iraq,IRQ,2020-06-17,v3
2020-07-13,Rt,0.806080275927038,0.841883997130944,0.854253299083001,0.85615387684856,0.874194637616486,0.89844000609921,Surged Additional 50% Reduction,Iraq,IRQ,2020-06-17,v3
2020-07-13,cumulative_infections,3166712.1,4016973.75,4786754,4760318.235,5418731.5,6925804.225,Surged Maintain Status Quo,Iraq,IRQ,2020-06-17,v3
2020-07-13,deaths,294.75,399,474,474.515,536,685.05,Surged Maintain Status Quo,Iraq,IRQ,2020-06-17,v3
2020-07-13,hospital_demand,20619.225,27305.5,32750.5,32541.805,37145.75,47901,Surged Maintain Status Quo,Iraq,IRQ,2020-06-17,v3
2020-07-13,ICU_demand,4961.625,6640,7897.5,7885.04,9005.75,11430.2,Surged Maintain Status Quo,Iraq,IRQ,2020-06-17,v3
2020-07-13,infections,200105.3,271768.75,322125,322042,364273.25,465000.225,Surged Maintain Status Quo,Iraq,IRQ,2020-06-17,v3
2020-07-13,Rt,1.61216055185408,1.68376799426189,1.708506598166,1.71230775369712,1.74838927523297,1.79688001219842,Surged Maintain Status Quo,Iraq,IRQ,2020-06-17,v3
2020-07-13,cumulative_infections,6416754.5,8334643.25,9731132.5,9621235.83,10798965,13339070.9,Surged Relax Interventions 50%,Iraq,IRQ,2020-06-17,v3
2020-07-13,deaths,618.95,814.75,961,964.83,1086.25,1357.4,Surged Relax Interventions 50%,Iraq,IRQ,2020-06-17,v3
2020-07-13,hospital_demand,46295.85,60744,71534.5,70697.27,79263.25,98283.5,Surged Relax Interventions 50%,Iraq,IRQ,2020-06-17,v3
2020-07-13,ICU_demand,11190.9,14661.5,17052.5,16974.635,19098.5,23709.425,Surged Relax Interventions 50%,Iraq,IRQ,2020-06-17,v3
2020-07-13,infections,598564.275,767141.5,862201,852286.395,939054.25,1073637.525,Surged Relax Interventions 50%,Iraq,IRQ,2020-06-17,v3
2020-07-13,Rt,2.15851030721146,2.2543850030242,2.28750734400422,2.29259668413465,2.34090597693147,2.40582988008977,Surged Relax Interventions 50%,Iraq,IRQ,2020-06-17,v3
2020-07-14,cumulative_infections,1101861.175,1398481.5,1613397.5,1661753.63,1896417.75,2398221.225,Additional 50% Reduction,Iraq,IRQ,2020-06-17,v3
2020-07-14,deaths,68.975,97,115,122.72,139.25,205.05,Additional 50% Reduction,Iraq,IRQ,2020-06-17,v3
2020-07-14,hospital_demand,4255.125,5609.5,6705,6858.725,7880.5,10256.125,Additional 50% Reduction,Iraq,IRQ,2020-06-17,v3
2020-07-14,ICU_demand,1068.575,1381.75,1485.5,1439.645,1536,1608,Additional 50% Reduction,Iraq,IRQ,2020-06-17,v3
2020-07-14,infections,14938.6,21332.5,26149,26559.115,31123.25,41300.525,Additional 50% Reduction,Iraq,IRQ,2020-06-17,v3
2020-07-14,Rt,0.812112361888779,0.843219581091691,0.857371790906153,0.857333278094658,0.873213306516869,0.901373836627557,Additional 50% Reduction,Iraq,IRQ,2020-06-17,v3
2020-07-14,cumulative_infections,3198776.275,4284098.25,5092896.5,5173716.05,5939134.75,7585965,Maintain Status Quo,Iraq,IRQ,2020-06-17,v3
2020-07-14,deaths,669.825,978.75,1150.5,1192.9,1383.75,1794.55,Maintain Status Quo,Iraq,IRQ,2020-06-17,v3
2020-07-14,hospital_demand,20990.225,28456.75,34160.5,34524.9,39873.5,51282.05,Maintain Status Quo,Iraq,IRQ,2020-06-17,v3
2020-07-14,ICU_demand,2176.85,2526.25,2776.5,2779.985,2980.5,3463.4,Maintain Status Quo,Iraq,IRQ,2020-06-17,v3
2020-07-14,infections,206180.775,286696.25,344296,343008.45,390867.25,491320.375,Maintain Status Quo,Iraq,IRQ,2020-06-17,v3
2020-07-14,Rt,1.62422472377756,1.68643916218338,1.71474358181231,1.71466655618932,1.74642661303374,1.80274767325511,Maintain Status Quo,Iraq,IRQ,2020-06-17,v3
2020-07-14,cumulative_infections,6907447.225,9147347.5,10644354,10632461.07,12093417.75,14685891.025,Relax Interventions 50%,Iraq,IRQ,2020-06-17,v3
2020-07-14,deaths,1893.65,3322.75,4935.5,4847.97,6186.25,8318.3,Relax Interventions 50%,Iraq,IRQ,2020-06-17,v3
2020-07-14,hospital_demand,49185.6,64545.25,72704,71535.76,78782.5,89687.25,Relax Interventions 50%,Iraq,IRQ,2020-06-17,v3
2020-07-14,ICU_demand,3623.95,4442.75,4896.5,4862.32,5280.75,6013.075,Relax Interventions 50%,Iraq,IRQ,2020-06-17,v3
2020-07-14,infections,639332.7,814289.75,913742,898797.7,980043.25,1098029.35,Relax Interventions 50%,Iraq,IRQ,2020-06-17,v3
2020-07-14,Rt,2.1746629412744,2.25796141077355,2.2958579970896,2.29575486803031,2.33827818245917,2.41368604978424,Relax Interventions 50%,Iraq,IRQ,2020-06-17,v3
2020-07-14,cumulative_infections,1127373.8,1375196,1608643.5,1637020.835,1845015.75,2250311.525,Surged Additional 50% Reduction,Iraq,IRQ,2020-06-17,v3
2020-07-14,deaths,75.975,101,119,122.585,138,192.05,Surged Additional 50% Reduction,Iraq,IRQ,2020-06-17,v3
2020-07-14,hospital_demand,4425.675,5704.75,6691.5,6822.665,7799.5,10154.55,Surged Additional 50% Reduction,Iraq,IRQ,2020-06-17,v3
2020-07-14,ICU_demand,1113.825,1444.75,1719,1730.65,1989,2549.425,Surged Additional 50% Reduction,Iraq,IRQ,2020-06-17,v3
2020-07-14,infections,15460.575,21415.5,25952.5,26106.995,29847.75,40579.425,Surged Additional 50% Reduction,Iraq,IRQ,2020-06-17,v3
2020-07-14,Rt,0.806080275927038,0.841883997130944,0.854253299083001,0.85615387684856,0.874194637616486,0.89844000609921,Surged Additional 50% Reduction,Iraq,IRQ,2020-06-17,v3
2020-07-14,cumulative_infections,3370421.325,4312289.5,5131202.5,5099317.035,5803935.25,7413876.8,Surged Maintain Status Quo,Iraq,IRQ,2020-06-17,v3
2020-07-14,deaths,306.575,426.75,509,508.85,581.25,751.25,Surged Maintain Status Quo,Iraq,IRQ,2020-06-17,v3
2020-07-14,hospital_demand,21975.475,29248.5,35031.5,34758.18,39629.5,50953.975,Surged Maintain Status Quo,Iraq,IRQ,2020-06-17,v3
2020-07-14,ICU_demand,5303.9,7130.5,8459.5,8428.15,9590.5,12232.625,Surged Maintain Status Quo,Iraq,IRQ,2020-06-17,v3
2020-07-14,infections,212012.3,286717.5,339833.5,338998.8,383449.25,483263.975,Surged Maintain Status Quo,Iraq,IRQ,2020-06-17,v3
2020-07-14,Rt,1.61216055185408,1.68376799426189,1.708506598166,1.71230775369712,1.74838927523297,1.79688001219842,Surged Maintain Status Quo,Iraq,IRQ,2020-06-17,v3
2020-07-14,cumulative_infections,7051233.6,9157024.25,10636809,10515131.38,11761527.75,14433274.125,Surged Relax Interventions 50%,Iraq,IRQ,2020-06-17,v3
2020-07-14,deaths,697.575,903,1067,1063.66,1197.5,1465.1,Surged Relax Interventions 50%,Iraq,IRQ,2020-06-17,v3
2020-07-14,hospital_demand,51149.2,66653.75,78271.5,77356.79,86274.75,106409.75,Surged Relax Interventions 50%,Iraq,IRQ,2020-06-17,v3
2020-07-14,ICU_demand,12364.5,16140,18742.5,18597.04,20885.5,25764.45,Surged Relax Interventions 50%,Iraq,IRQ,2020-06-17,v3
2020-07-14,infections,640539.15,816019.5,902980,893895.55,981932.5,1094504.45,Surged Relax Interventions 50%,Iraq,IRQ,2020-06-17,v3
2020-07-14,Rt,2.15851030721146,2.2543850030242,2.28750734400422,2.29259668413465,2.34090597693147,2.40582988008977,Surged Relax Interventions 50%,Iraq,IRQ,2020-06-17,v3
2020-07-15,cumulative_infections,1116465.075,1418696.75,1637201.5,1687593.095,1927622.5,2438855.05,Additional 50% Reduction,Iraq,IRQ,2020-06-17,v3
2020-07-15,deaths,73.975,96,109,117.785,136.25,197.025,Additional 50% Reduction,Iraq,IRQ,2020-06-17,v3
2020-07-15,hospital_demand,4075.575,5459.75,6564.5,6704.18,7732.75,9995.775,Additional 50% Reduction,Iraq,IRQ,2020-06-17,v3
2020-07-15,ICU_demand,1037.5,1357.5,1481,1426.785,1526.5,1593.1,Additional 50% Reduction,Iraq,IRQ,2020-06-17,v3
2020-07-15,infections,14614.125,20483,25428.5,25839.465,30253,40638.45,Additional 50% Reduction,Iraq,IRQ,2020-06-17,v3
2020-07-15,Rt,0.812112361888779,0.843219581091691,0.857371790906153,0.857333278094658,0.873213306516869,0.901373836627557,Additional 50% Reduction,Iraq,IRQ,2020-06-17,v3
2020-07-15,cumulative_infections,3416744.85,4593139.75,5470826.5,5533636.32,6371918,8096349.175,Maintain Status Quo,Iraq,IRQ,2020-06-17,v3
2020-07-15,deaths,729.95,1037.75,1266.5,1274.21,1460.25,1927.925,Maintain Status Quo,Iraq,IRQ,2020-06-17,v3
2020-07-15,hospital_demand,22426.125,30393.25,36434.5,36768.18,42393,54246.85,Maintain Status Quo,Iraq,IRQ,2020-06-17,v3
2020-07-15,ICU_demand,2252.55,2611.75,2858.5,2863.035,3088.25,3506.925,Maintain Status Quo,Iraq,IRQ,2020-06-17,v3
2020-07-15,infections,218864.425,303462.5,361942,359920.27,408719,510384.175,Maintain Status Quo,Iraq,IRQ,2020-06-17,v3
2020-07-15,Rt,1.62422472377756,1.68643916218338,1.71474358181231,1.71466655618932,1.74642661303374,1.80274767325511,Maintain Status Quo,Iraq,IRQ,2020-06-17,v3
2020-07-15,cumulative_infections,7591695.625,10010577.75,11609915,11566666.555,13095961.25,15790940.15,Relax Interventions 50%,Iraq,IRQ,2020-06-17,v3
2020-07-15,deaths,2072.825,4190.5,5813.5,5652.63,6961.5,9110.4,Relax Interventions 50%,Iraq,IRQ,2020-06-17,v3
2020-07-15,hospital_demand,54139.55,68979,76846,75843.22,82811.5,93250.35,Relax Interventions 50%,Iraq,IRQ,2020-06-17,v3
2020-07-15,ICU_demand,3867.425,4639.25,5168,5104.19,5512.5,6195.15,Relax Interventions 50%,Iraq,IRQ,2020-06-17,v3
2020-07-15,infections,684248.4,861404.5,953055,934205.485,1013411.75,1108522.875,Relax Interventions 50%,Iraq,IRQ,2020-06-17,v3
2020-07-15,Rt,2.1746629412744,2.25796141077355,2.2958579970896,2.29575486803031,2.33827818245917,2.41368604978424,Relax Interventions 50%,Iraq,IRQ,2020-06-17,v3
2020-07-15,cumulative_infections,1142108.625,1395964,1632863.5,1662424.865,1874332.75,2286446.2,Surged Additional 50% Reduction,Iraq,IRQ,2020-06-17,v3
2020-07-15,deaths,72.95,100.75,119.5,121.255,138,184.025,Surged Additional 50% Reduction,Iraq,IRQ,2020-06-17,v3
2020-07-15,hospital_demand,4267.775,5537.5,6619.5,6669.295,7621.25,9971.25,Surged Additional 50% Reduction,Iraq,IRQ,2020-06-17,v3
2020-07-15,ICU_demand,1088.425,1418,1683.5,1695.66,1941.5,2521.525,Surged Additional 50% Reduction,Iraq,IRQ,2020-06-17,v3
2020-07-15,infections,14729.125,20698.25,25163,25404.03,29075,39894.5,Surged Additional 50% Reduction,Iraq,IRQ,2020-06-17,v3
2020-07-15,Rt,0.806080275927038,0.841883997130944,0.854253299083001,0.85615387684856,0.874194637616486,0.89844000609921,Surged Additional 50% Reduction,Iraq,IRQ,2020-06-17,v3
2020-07-15,cumulative_infections,3584615.15,4628485.75,5485105,5455224.965,6204304.25,7919847.55,Surged Maintain Status Quo,Iraq,IRQ,2020-06-17,v3
2020-07-15,deaths,347.75,458.75,545,544.025,620.75,813,Surged Maintain Status Quo,Iraq,IRQ,2020-06-17,v3
2020-07-15,hospital_demand,23376.35,31284,37433.5,37075.025,42219.75,54208.275,Surged Maintain Status Quo,Iraq,IRQ,2020-06-17,v3
2020-07-15,ICU_demand,5688.2,7566.75,9050.5,8990.66,10245.25,13009.125,Surged Maintain Status Quo,Iraq,IRQ,2020-06-17,v3
2020-07-15,infections,222919.325,301869.75,357140.5,355907.93,401381.5,501315.6,Surged Maintain Status Quo,Iraq,IRQ,2020-06-17,v3
2020-07-15,Rt,1.61216055185408,1.68376799426189,1.708506598166,1.71230775369712,1.74838927523297,1.79688001219842,Surged Maintain Status Quo,Iraq,IRQ,2020-06-17,v3
2020-07-15,cumulative_infections,7743903.65,10010583.5,11571733.5,11445195.24,12752157.5,15538808.525,Surged Relax Interventions 50%,Iraq,IRQ,2020-06-17,v3
2020-07-15,deaths,761.925,1013.25,1178,1172.13,1310.75,1666.2,Surged Relax Interventions 50%,Iraq,IRQ,2020-06-17,v3
2020-07-15,hospital_demand,56301,73089.5,85296,84231.51,93479.5,114409.05,Surged Relax Interventions 50%,Iraq,IRQ,2020-06-17,v3
2020-07-15,ICU_demand,13555.775,17664.5,20460,20272.415,22654,27577.875,Surged Relax Interventions 50%,Iraq,IRQ,2020-06-17,v3
2020-07-15,infections,680617.625,858864.5,941919.5,930063.86,1010109.5,1105884.1,Surged Relax Interventions 50%,Iraq,IRQ,2020-06-17,v3
2020-07-15,Rt,2.15851030721146,2.2543850030242,2.28750734400422,2.29259668413465,2.34090597693147,2.40582988008977,Surged Relax Interventions 50%,Iraq,IRQ,2020-06-17,v3
2020-07-16,cumulative_infections,1130515.15,1437531.25,1660463,1712720.98,1957946,2478577.65,Additional 50% Reduction,Iraq,IRQ,2020-06-17,v3
2020-07-16,deaths,65.975,96,110,116.18,129.25,189.05,Additional 50% Reduction,Iraq,IRQ,2020-06-17,v3
2020-07-16,hospital_demand,3970.825,5344.75,6398.5,6556.225,7566,9796.2,Additional 50% Reduction,Iraq,IRQ,2020-06-17,v3
2020-07-16,ICU_demand,1008.775,1326.5,1470,1411.315,1523.25,1610.1,Additional 50% Reduction,Iraq,IRQ,2020-06-17,v3
2020-07-16,infections,14054.875,19990.5,24788.5,25127.885,29255.75,39651.475,Additional 50% Reduction,Iraq,IRQ,2020-06-17,v3
2020-07-16,Rt,0.812112361888779,0.843219581091691,0.857371790906153,0.857333278094658,0.873213306516869,0.901373836627557,Additional 50% Reduction,Iraq,IRQ,2020-06-17,v3
2020-07-16,cumulative_infections,3646383.775,4911395.75,5868793.5,5910373.9,6814626.5,8623467.825,Maintain Status Quo,Iraq,IRQ,2020-06-17,v3
2020-07-16,deaths,782.85,1115.25,1329.5,1365.41,1532.5,2148.925,Maintain Status Quo,Iraq,IRQ,2020-06-17,v3
2020-07-16,hospital_demand,23858.75,32368,38736.5,39081.98,45052.75,57218.05,Maintain Status Quo,Iraq,IRQ,2020-06-17,v3
2020-07-16,ICU_demand,2302.15,2672.5,2935,2941.77,3180.75,3629.9,Maintain Status Quo,Iraq,IRQ,2020-06-17,v3
2020-07-16,infections,230586.075,318217.75,377871,376737.58,426926.5,527118.65,Maintain Status Quo,Iraq,IRQ,2020-06-17,v3
2020-07-16,Rt,1.62422472377756,1.68643916218338,1.71474358181231,1.71466655618932,1.74642661303374,1.80274767325511,Maintain Status Quo,Iraq,IRQ,2020-06-17,v3
2020-07-16,cumulative_infections,8319087.75,10917676.5,12600150.5,12529620.055,14116201,16893092.025,Relax Interventions 50%,Iraq,IRQ,2020-06-17,v3
2020-07-16,deaths,2520.075,5095.75,6640.5,6437.775,7768.25,9661.3,Relax Interventions 50%,Iraq,IRQ,2020-06-17,v3
2020-07-16,hospital_demand,59384.925,73300,80940,79834.77,86418.25,96612.4,Relax Interventions 50%,Iraq,IRQ,2020-06-17,v3
2020-07-16,ICU_demand,4060.5,4896.25,5395,5336.44,5748,6379.45,Relax Interventions 50%,Iraq,IRQ,2020-06-17,v3
2020-07-16,infections,727392.125,902580.25,985026,962953.5,1036579.25,1108255.25,Relax Interventions 50%,Iraq,IRQ,2020-06-17,v3
2020-07-16,Rt,2.1746629412744,2.25796141077355,2.2958579970896,2.29575486803031,2.33827818245917,2.41368604978424,Relax Interventions 50%,Iraq,IRQ,2020-06-17,v3
2020-07-16,cumulative_infections,1156270.125,1416316.75,1656346.5,1687113.805,1903827.75,2321903.475,Surged Additional 50% Reduction,Iraq,IRQ,2020-06-17,v3
2020-07-16,deaths,70.95,98.75,116.5,118.83,135.25,171.075,Surged Additional 50% Reduction,Iraq,IRQ,2020-06-17,v3
2020-07-16,hospital_demand,4145.625,5406,6508.5,6517.415,7489,9723.3,Surged Additional 50% Reduction,Iraq,IRQ,2020-06-17,v3
2020-07-16,ICU_demand,1054.8,1385.75,1634,1659.66,1886.5,2502.675,Surged Additional 50% Reduction,Iraq,IRQ,2020-06-17,v3
2020-07-16,infections,14161.5,20136.25,24599.5,24688.94,28455.5,38390.05,Surged Additional 50% Reduction,Iraq,IRQ,2020-06-17,v3
2020-07-16,Rt,0.806080275927038,0.841883997130944,0.854253299083001,0.85615387684856,0.874194637616486,0.89844000609921,Surged Additional 50% Reduction,Iraq,IRQ,2020-06-17,v3
2020-07-16,cumulative_infections,3809801.5,4948584.75,5862222,5827858.39,6613087.75,8444717.625,Surged Maintain Status Quo,Iraq,IRQ,2020-06-17,v3
2020-07-16,deaths,376.95,490.75,578.5,583.26,668.5,866.05,Surged Maintain Status Quo,Iraq,IRQ,2020-06-17,v3
2020-07-16,hospital_demand,24865.75,33440.75,39727.5,39450.685,44905.5,57490.375,Surged Maintain Status Quo,Iraq,IRQ,2020-06-17,v3
2020-07-16,ICU_demand,6039.25,8080.5,9602.5,9572.15,10908.75,13747.525,Surged Maintain Status Quo,Iraq,IRQ,2020-06-17,v3
2020-07-16,infections,234346.25,317645,374265,372633.425,420464.5,520496,Surged Maintain Status Quo,Iraq,IRQ,2020-06-17,v3
2020-07-16,Rt,1.61216055185408,1.68376799426189,1.708506598166,1.71230775369712,1.74838927523297,1.79688001219842,Surged Maintain Status Quo,Iraq,IRQ,2020-06-17,v3
2020-07-16,cumulative_infections,8445448.15,10907365.5,12556771.5,12405002.79,13756197,16644967.95,Surged Relax Interventions 50%,Iraq,IRQ,2020-06-17,v3
2020-07-16,deaths,851.7,1110.5,1291,1286.925,1466,1803.05,Surged Relax Interventions 50%,Iraq,IRQ,2020-06-17,v3
2020-07-16,hospital_demand,61719.625,79950.5,92351.5,91202.51,101107,122081.95,Surged Relax Interventions 50%,Iraq,IRQ,2020-06-17,v3
2020-07-16,ICU_demand,14807.2,19342.5,22141.5,21991.435,24490,29379.65,Surged Relax Interventions 50%,Iraq,IRQ,2020-06-17,v3
2020-07-16,infections,718008.825,897319.5,974068,959807.55,1034906,1109732.025,Surged Relax Interventions 50%,Iraq,IRQ,2020-06-17,v3
2020-07-16,Rt,2.15851030721146,2.2543850030242,2.28750734400422,2.29259668413465,2.34090597693147,2.40582988008977,Surged Relax Interventions 50%,Iraq,IRQ,2020-06-17,v3
2020-07-17,cumulative_infections,1144082.45,1456524.5,1683656.5,1737152.81,1987413.25,2517603.3,Additional 50% Reduction,Iraq,IRQ,2020-06-17,v3
2020-07-17,deaths,64,94,107,114.21,125,205.075,Additional 50% Reduction,Iraq,IRQ,2020-06-17,v3
2020-07-17,hospital_demand,3839.225,5210,6272.5,6408.12,7390.75,9585.925,Additional 50% Reduction,Iraq,IRQ,2020-06-17,v3
2020-07-17,ICU_demand,997.05,1302,1459.5,1394.25,1511.25,1593.025,Additional 50% Reduction,Iraq,IRQ,2020-06-17,v3
2020-07-17,infections,13573.775,19381.5,24033.5,24431.83,28601,38651.55,Additional 50% Reduction,Iraq,IRQ,2020-06-17,v3
2020-07-17,Rt,0.812112361888779,0.843219581091691,0.857371790906153,0.857333278094658,0.873213306516869,0.901373836627557,Additional 50% Reduction,Iraq,IRQ,2020-06-17,v3
2020-07-17,cumulative_infections,3888584.625,5245731,6278348,6303397.525,7267270,9167810.025,Maintain Status Quo,Iraq,IRQ,2020-06-17,v3
2020-07-17,deaths,839.725,1163.75,1412,1458.13,1623,2670.025,Maintain Status Quo,Iraq,IRQ,2020-06-17,v3
2020-07-17,hospital_demand,25436.4,34334.75,41132,41437.595,47777.75,59635.375,Maintain Status Quo,Iraq,IRQ,2020-06-17,v3
2020-07-17,ICU_demand,2339.8,2762.75,3035,3034.025,3308,3747.4,Maintain Status Quo,Iraq,IRQ,2020-06-17,v3
2020-07-17,infections,243221.15,334325.25,394851.5,393023.625,444086.25,544342.2,Maintain Status Quo,Iraq,IRQ,2020-06-17,v3
2020-07-17,Rt,1.62422472377756,1.68643916218338,1.71474358181231,1.71466655618932,1.74642661303374,1.80274767325511,Maintain Status Quo,Iraq,IRQ,2020-06-17,v3
2020-07-17,cumulative_infections,9088206.9,11831339.75,13608751.5,13513952.23,15144598.75,17983339.525,Relax Interventions 50%,Iraq,IRQ,2020-06-17,v3
2020-07-17,deaths,3207.85,5901.5,7417,7180.84,8428.5,10443.6,Relax Interventions 50%,Iraq,IRQ,2020-06-17,v3
2020-07-17,hospital_demand,64171.85,77248.5,84450.5,83469.915,89693.75,98828.2,Relax Interventions 50%,Iraq,IRQ,2020-06-17,v3
2020-07-17,ICU_demand,4322.6,5131,5602.5,5540.78,5949.25,6513.25,Relax Interventions 50%,Iraq,IRQ,2020-06-17,v3
2020-07-17,infections,770872.85,937927,1005975.5,984332.175,1048428.25,1099917.05,Relax Interventions 50%,Iraq,IRQ,2020-06-17,v3
2020-07-17,Rt,2.1746629412744,2.25796141077355,2.2958579970896,2.29575486803031,2.33827818245917,2.41368604978424,Relax Interventions 50%,Iraq,IRQ,2020-06-17,v3
2020-07-17,cumulative_infections,1170216.45,1436057.5,1679446,1711143.945,1932337.25,2356528.325,Surged Additional 50% Reduction,Iraq,IRQ,2020-06-17,v3
2020-07-17,deaths,69,94,113,115.43,135.25,172,Surged Additional 50% Reduction,Iraq,IRQ,2020-06-17,v3
2020-07-17,hospital_demand,4059.375,5287,6343,6372.15,7335,9547.2,Surged Additional 50% Reduction,Iraq,IRQ,2020-06-17,v3
2020-07-17,ICU_demand,1034.3,1347,1616.5,1623.17,1853.5,2495.15,Surged Additional 50% Reduction,Iraq,IRQ,2020-06-17,v3
2020-07-17,infections,13758.6,19545,24008.5,24030.14,27577.25,37513.725,Surged Additional 50% Reduction,Iraq,IRQ,2020-06-17,v3
2020-07-17,Rt,0.806080275927038,0.841883997130944,0.854253299083001,0.85615387684856,0.874194637616486,0.89844000609921,Surged Additional 50% Reduction,Iraq,IRQ,2020-06-17,v3
2020-07-17,cumulative_infections,4045317.35,5276683.25,6265270,6216943.31,7058419.25,8986268,Surged Maintain Status Quo,Iraq,IRQ,2020-06-17,v3
2020-07-17,deaths,401.925,521.75,612.5,621.43,707.25,894.325,Surged Maintain Status Quo,Iraq,IRQ,2020-06-17,v3
2020-07-17,hospital_demand,26402.825,35515.5,42118,41902.265,47569,60846.45,Surged Maintain Status Quo,Iraq,IRQ,2020-06-17,v3
2020-07-17,ICU_demand,6382.675,8615.5,10224,10174.535,11575.25,14650.775,Surged Maintain Status Quo,Iraq,IRQ,2020-06-17,v3
2020-07-17,infections,245474.35,334321.5,390928.5,389084.92,439073.75,538337.625,Surged Maintain Status Quo,Iraq,IRQ,2020-06-17,v3
2020-07-17,Rt,1.61216055185408,1.68376799426189,1.708506598166,1.71230775369712,1.74838927523297,1.79688001219842,Surged Maintain Status Quo,Iraq,IRQ,2020-06-17,v3
2020-07-17,cumulative_infections,9222506.075,11843539.5,13536512,13387020.335,14785524.5,17741303.35,Surged Relax Interventions 50%,Iraq,IRQ,2020-06-17,v3
2020-07-17,deaths,936.425,1210.25,1398.5,1398.95,1576.75,1903.625,Surged Relax Interventions 50%,Iraq,IRQ,2020-06-17,v3
2020-07-17,hospital_demand,67544.2,86569.25,99484.5,98215.705,108515.25,129688.7,Surged Relax Interventions 50%,Iraq,IRQ,2020-06-17,v3
2020-07-17,ICU_demand,16265.625,20949.75,23822,23713.26,26314.25,31246.225,Surged Relax Interventions 50%,Iraq,IRQ,2020-06-17,v3
2020-07-17,infections,755696.6,933453.75,994109,982017.545,1049843.25,1106544.225,Surged Relax Interventions 50%,Iraq,IRQ,2020-06-17,v3
2020-07-17,Rt,2.15851030721146,2.2543850030242,2.28750734400422,2.29259668413465,2.34090597693147,2.40582988008977,Surged Relax Interventions 50%,Iraq,IRQ,2020-06-17,v3
2020-07-18,cumulative_infections,1157247.6,1473467,1708363,1760929.17,2016359.25,2555150.825,Additional 50% Reduction,Iraq,IRQ,2020-06-17,v3
2020-07-18,deaths,62,92,105,109.525,119,173.2,Additional 50% Reduction,Iraq,IRQ,2020-06-17,v3
2020-07-18,hospital_demand,3744.325,5079,6100,6255.485,7213.75,9422.225,Additional 50% Reduction,Iraq,IRQ,2020-06-17,v3
2020-07-18,ICU_demand,962.75,1281,1439,1378.835,1509,1603,Additional 50% Reduction,Iraq,IRQ,2020-06-17,v3
2020-07-18,infections,13208.9,18927.75,23480,23776.36,27767.75,37567.225,Additional 50% Reduction,Iraq,IRQ,2020-06-17,v3
2020-07-18,Rt,0.812112361888779,0.843219581091691,0.857371790906153,0.857333278094658,0.873213306516869,0.901373836627557,Additional 50% Reduction,Iraq,IRQ,2020-06-17,v3
2020-07-18,cumulative_infections,4143573.425,5596881,6683682.5,6712187.98,7729764,9724429.025,Maintain Status Quo,Iraq,IRQ,2020-06-17,v3
2020-07-18,deaths,879.025,1244.25,1502,1577.73,1730,3093.85,Maintain Status Quo,Iraq,IRQ,2020-06-17,v3
2020-07-18,hospital_demand,27046.025,36529.5,43746.5,43824.48,50501,61868.55,Maintain Status Quo,Iraq,IRQ,2020-06-17,v3
2020-07-18,ICU_demand,2428.975,2839.5,3115.5,3119.235,3375.75,3838.775,Maintain Status Quo,Iraq,IRQ,2020-06-17,v3
2020-07-18,infections,256311.2,351203.75,410363.5,408790.455,460418.5,556619,Maintain Status Quo,Iraq,IRQ,2020-06-17,v3
2020-07-18,Rt,1.62422472377756,1.68643916218338,1.71474358181231,1.71466655618932,1.74642661303374,1.80274767325511,Maintain Status Quo,Iraq,IRQ,2020-06-17,v3
2020-07-18,cumulative_infections,9895735.1,12740765.25,14643523,14511584.355,16172684.5,19048387.975,Relax Interventions 50%,Iraq,IRQ,2020-06-17,v3
2020-07-18,deaths,4143.55,6613.5,8076.5,7856.335,8989,10749.025,Relax Interventions 50%,Iraq,IRQ,2020-06-17,v3
2020-07-18,hospital_demand,68274.525,80890,87814,86753.665,92601,101082.025,Relax Interventions 50%,Iraq,IRQ,2020-06-17,v3
2020-07-18,ICU_demand,4509.1,5344.75,5793.5,5732.135,6106.75,6620.3,Relax Interventions 50%,Iraq,IRQ,2020-06-17,v3
2020-07-18,infections,808409.8,964672.5,1016210,997632.125,1048831,1095010.9,Relax Interventions 50%,Iraq,IRQ,2020-06-17,v3
2020-07-18,Rt,2.1746629412744,2.25796141077355,2.2958579970896,2.29575486803031,2.33827818245917,2.41368604978424,Relax Interventions 50%,Iraq,IRQ,2020-06-17,v3
2020-07-18,cumulative_infections,1183531.4,1454878.75,1702368,1734498.775,1960673,2392476.275,Surged Additional 50% Reduction,Iraq,IRQ,2020-06-17,v3
2020-07-18,deaths,66.95,93.75,111,113.17,128.25,167.05,Surged Additional 50% Reduction,Iraq,IRQ,2020-06-17,v3
2020-07-18,hospital_demand,3889.7,5151,6178.5,6219.245,7153.75,9497.25,Surged Additional 50% Reduction,Iraq,IRQ,2020-06-17,v3
2020-07-18,ICU_demand,986.7,1315.5,1583,1588.625,1798.5,2423.475,Surged Additional 50% Reduction,Iraq,IRQ,2020-06-17,v3
2020-07-18,infections,13272.825,18962.75,23275,23354.83,26860.5,36717.95,Surged Additional 50% Reduction,Iraq,IRQ,2020-06-17,v3
2020-07-18,Rt,0.806080275927038,0.841883997130944,0.854253299083001,0.85615387684856,0.874194637616486,0.89844000609921,Surged Additional 50% Reduction,Iraq,IRQ,2020-06-17,v3
2020-07-18,cumulative_infections,4292050.975,5627538.75,6673922.5,6621999.135,7518404.5,9541589.825,Surged Maintain Status Quo,Iraq,IRQ,2020-06-17,v3
2020-07-18,deaths,410.55,558.25,648.5,661.85,755.75,966.05,Surged Maintain Status Quo,Iraq,IRQ,2020-06-17,v3
2020-07-18,hospital_demand,28025.125,37768.5,44792,44429.565,50416,64111.725,Surged Maintain Status Quo,Iraq,IRQ,2020-06-17,v3
2020-07-18,ICU_demand,6748.75,9126.25,10851,10790.96,12250.75,15500.15,Surged Maintain Status Quo,Iraq,IRQ,2020-06-17,v3
2020-07-18,infections,257977.35,351261.5,407990.5,405055.825,456686,555512.225,Surged Maintain Status Quo,Iraq,IRQ,2020-06-17,v3
2020-07-18,Rt,1.61216055185408,1.68376799426189,1.708506598166,1.71230775369712,1.74838927523297,1.79688001219842,Surged Maintain Status Quo,Iraq,IRQ,2020-06-17,v3
2020-07-18,cumulative_infections,10036000.075,12806695.5,14534614.5,14383077.87,15830763,18816343.55,Surged Relax Interventions 50%,Iraq,IRQ,2020-06-17,v3
2020-07-18,deaths,1032.85,1337,1524.5,1517.66,1697,2058.05,Surged Relax Interventions 50%,Iraq,IRQ,2020-06-17,v3
2020-07-18,hospital_demand,73388.325,93344.25,106696,105138.425,115939,136028.5,Surged Relax Interventions 50%,Iraq,IRQ,2020-06-17,v3
2020-07-18,ICU_demand,17635.4,22619.5,25604.5,25427.345,28118.5,32839.375,Surged Relax Interventions 50%,Iraq,IRQ,2020-06-17,v3
2020-07-18,infections,787474,962302.75,1007875.5,996057.535,1058137,1097767.85,Surged Relax Interventions 50%,Iraq,IRQ,2020-06-17,v3
2020-07-18,Rt,2.15851030721146,2.2543850030242,2.28750734400422,2.29259668413465,2.34090597693147,2.40582988008977,Surged Relax Interventions 50%,Iraq,IRQ,2020-06-17,v3
2020-07-19,cumulative_infections,1169887.225,1490637.5,1731990.5,1784025.09,2044651,2591981.4,Additional 50% Reduction,Iraq,IRQ,2020-06-17,v3
2020-07-19,deaths,70,90.75,102,108.97,121,183.025,Additional 50% Reduction,Iraq,IRQ,2020-06-17,v3
2020-07-19,hospital_demand,3638.675,4950.25,5984,6104.695,7037.5,9293.4,Additional 50% Reduction,Iraq,IRQ,2020-06-17,v3
2020-07-19,ICU_demand,928.825,1238.75,1423,1357.9,1498.25,1587.125,Additional 50% Reduction,Iraq,IRQ,2020-06-17,v3
2020-07-19,infections,12639.625,18215.25,22774,23095.92,27007.25,36718.3,Additional 50% Reduction,Iraq,IRQ,2020-06-17,v3
2020-07-19,Rt,0.812112361888779,0.843219581091691,0.857371790906153,0.857333278094658,0.873213306516869,0.901373836627557,Additional 50% Reduction,Iraq,IRQ,2020-06-17,v3
2020-07-19,cumulative_infections,4412629.35,5971518.5,7103575,7136251.435,8209330.25,10292419.075,Maintain Status Quo,Iraq,IRQ,2020-06-17,v3
2020-07-19,deaths,984,1332.5,1589,1710.195,1813.75,3536.2,Maintain Status Quo,Iraq,IRQ,2020-06-17,v3
2020-07-19,hospital_demand,28706.55,38714.75,46373.5,46196.375,53257.75,63638.475,Maintain Status Quo,Iraq,IRQ,2020-06-17,v3
2020-07-19,ICU_demand,2466.825,2943.75,3211,3205.45,3452,3965.275,Maintain Status Quo,Iraq,IRQ,2020-06-17,v3
2020-07-19,infections,269395.075,366544,427224.5,424063.455,475208.75,570905.3,Maintain Status Quo,Iraq,IRQ,2020-06-17,v3
2020-07-19,Rt,1.62422472377756,1.68643916218338,1.71474358181231,1.71466655618932,1.74642661303374,1.80274767325511,Maintain Status Quo,Iraq,IRQ,2020-06-17,v3
2020-07-19,cumulative_infections,10738691.675,13711827.25,15683657.5,15513911.435,17201866.25,20083372.95,Relax Interventions 50%,Iraq,IRQ,2020-06-17,v3
2020-07-19,deaths,4918.9,7340.75,8693,8478.795,9683.75,11111.3,Relax Interventions 50%,Iraq,IRQ,2020-06-17,v3
2020-07-19,hospital_demand,72132.725,84199.5,90741.5,89691.155,95328.75,103058.05,Relax Interventions 50%,Iraq,IRQ,2020-06-17,v3
2020-07-19,ICU_demand,4761.25,5559,5993.5,5896.665,6252.25,6668.1,Relax Interventions 50%,Iraq,IRQ,2020-06-17,v3
2020-07-19,infections,846550.425,978180,1014500,1002327.08,1043498.75,1082555.675,Relax Interventions 50%,Iraq,IRQ,2020-06-17,v3
2020-07-19,Rt,2.1746629412744,2.25796141077355,2.2958579970896,2.29575486803031,2.33827818245917,2.41368604978424,Relax Interventions 50%,Iraq,IRQ,2020-06-17,v3
2020-07-19,cumulative_infections,1196675.225,1472963.25,1725786,1757201.565,1988334.75,2429831.95,Surged Additional 50% Reduction,Iraq,IRQ,2020-06-17,v3
2020-07-19,deaths,63.875,90,109,111.465,127.25,174,Surged Additional 50% Reduction,Iraq,IRQ,2020-06-17,v3
2020-07-19,hospital_demand,3786.05,5018.5,6043.5,6068.36,6948,9249.8,Surged Additional 50% Reduction,Iraq,IRQ,2020-06-17,v3
2020-07-19,ICU_demand,958.825,1284,1552.5,1551.68,1768.25,2370,Surged Additional 50% Reduction,Iraq,IRQ,2020-06-17,v3
2020-07-19,infections,12975.15,18345.75,22449,22702.79,26149,35583.4,Surged Additional 50% Reduction,Iraq,IRQ,2020-06-17,v3
2020-07-19,Rt,0.806080275927038,0.841883997130944,0.854253299083001,0.85615387684856,0.874194637616486,0.89844000609921,Surged Additional 50% Reduction,Iraq,IRQ,2020-06-17,v3
2020-07-19,cumulative_infections,4550131.225,5999573,7101442.5,7042350.755,7990718,10108564.775,Surged Maintain Status Quo,Iraq,IRQ,2020-06-17,v3
2020-07-19,deaths,437.925,585.75,702,700.85,799.5,1002.35,Surged Maintain Status Quo,Iraq,IRQ,2020-06-17,v3
2020-07-19,hospital_demand,29647.725,40035.25,47232.5,46999.335,53271.75,67532.525,Surged Maintain Status Quo,Iraq,IRQ,2020-06-17,v3
2020-07-19,ICU_demand,7209.5,9640.25,11539.5,11426.28,12934.25,16313.65,Surged Maintain Status Quo,Iraq,IRQ,2020-06-17,v3
2020-07-19,infections,268529.925,365888,423705.5,420351.62,473703.75,567198,Surged Maintain Status Quo,Iraq,IRQ,2020-06-17,v3
2020-07-19,Rt,1.61216055185408,1.68376799426189,1.708506598166,1.71230775369712,1.74838927523297,1.79688001219842,Surged Maintain Status Quo,Iraq,IRQ,2020-06-17,v3
2020-07-19,cumulative_infections,10882294.15,13797239,15558181.5,15384908.78,16871525.75,19860226.5,Surged Relax Interventions 50%,Iraq,IRQ,2020-06-17,v3
2020-07-19,deaths,1139.975,1430.25,1653,1640.505,1830.25,2178,Surged Relax Interventions 50%,Iraq,IRQ,2020-06-17,v3
2020-07-19,hospital_demand,79405.85,100258.5,113434,111880.335,122777,141965.125,Surged Relax Interventions 50%,Iraq,IRQ,2020-06-17,v3
2020-07-19,ICU_demand,19037.075,24370.5,27242,27094.16,29868.5,34367.375,Surged Relax Interventions 50%,Iraq,IRQ,2020-06-17,v3
2020-07-19,infections,816485.25,978585,1013187,1001830.91,1046783.25,1083647.4,Surged Relax Interventions 50%,Iraq,IRQ,2020-06-17,v3
2020-07-19,Rt,2.15851030721146,2.2543850030242,2.28750734400422,2.29259668413465,2.34090597693147,2.40582988008977,Surged Relax Interventions 50%,Iraq,IRQ,2020-06-17,v3
2020-07-20,cumulative_infections,1181981.2,1508478.5,1753514,1806478.67,2072073.75,2628079.575,Additional 50% Reduction,Iraq,IRQ,2020-06-17,v3
2020-07-20,deaths,65.925,87,100.5,104.3,114.25,177.225,Additional 50% Reduction,Iraq,IRQ,2020-06-17,v3
2020-07-20,hospital_demand,3518.05,4814.75,5848.5,5955.21,6847,9082.075,Additional 50% Reduction,Iraq,IRQ,2020-06-17,v3
2020-07-20,ICU_demand,889.925,1207,1406.5,1340.605,1484.5,1564.025,Additional 50% Reduction,Iraq,IRQ,2020-06-17,v3
2020-07-20,infections,12093.975,17666.5,22264.5,22453.58,26264.5,35497.975,Additional 50% Reduction,Iraq,IRQ,2020-06-17,v3
2020-07-20,Rt,0.812112361888779,0.843219581091691,0.857371790906153,0.857333278094658,0.873213306516869,0.901373836627557,Additional 50% Reduction,Iraq,IRQ,2020-06-17,v3
2020-07-20,cumulative_infections,4693920.1,6363058,7544910,7574661.06,8703059.5,10872268.575,Maintain Status Quo,Iraq,IRQ,2020-06-17,v3
2020-07-20,deaths,1024.575,1415.25,1661,1853.27,1988.5,3810.95,Maintain Status Quo,Iraq,IRQ,2020-06-17,v3
2020-07-20,hospital_demand,30405.1,40964.5,48994.5,48535.62,55807.75,65364.65,Maintain Status Quo,Iraq,IRQ,2020-06-17,v3
2020-07-20,ICU_demand,2505.9,2998.75,3294,3288.39,3540.25,4088.05,Maintain Status Quo,Iraq,IRQ,2020-06-17,v3
2020-07-20,infections,283409.25,383268.5,443634.5,438409.625,489408.5,581198.9,Maintain Status Quo,Iraq,IRQ,2020-06-17,v3
2020-07-20,Rt,1.62422472377756,1.68643916218338,1.71474358181231,1.71466655618932,1.74642661303374,1.80274767325511,Maintain Status Quo,Iraq,IRQ,2020-06-17,v3
2020-07-20,cumulative_infections,11608810.175,14683130.25,16699917,16512662.365,18235007.5,21075073.225,Relax Interventions 50%,Iraq,IRQ,2020-06-17,v3
2020-07-20,deaths,5642.725,7968.5,9254,9007.715,10065.75,11385.2,Relax Interventions 50%,Iraq,IRQ,2020-06-17,v3
2020-07-20,hospital_demand,75637.025,87281.75,93489.5,92226.885,97477.75,103806.05,Relax Interventions 50%,Iraq,IRQ,2020-06-17,v3
2020-07-20,ICU_demand,4937,5760.75,6114,6029.285,6324.5,6742.1,Relax Interventions 50%,Iraq,IRQ,2020-06-17,v3
2020-07-20,infections,875039.5,982870,1007308,998750.93,1031727.75,1069285.65,Relax Interventions 50%,Iraq,IRQ,2020-06-17,v3
2020-07-20,Rt,2.1746629412744,2.25796141077355,2.2958579970896,2.29575486803031,2.33827818245917,2.41368604978424,Relax Interventions 50%,Iraq,IRQ,2020-06-17,v3
2020-07-20,cumulative_infections,1209413.175,1491243.25,1746930.5,1779273.845,2014863.5,2466730.05,Surged Additional 50% Reduction,Iraq,IRQ,2020-06-17,v3
2020-07-20,deaths,63.925,87.75,104,107.49,124,168.025,Surged Additional 50% Reduction,Iraq,IRQ,2020-06-17,v3
2020-07-20,hospital_demand,3676.4,4885.75,5901.5,5921.6,6809,8996.1,Surged Additional 50% Reduction,Iraq,IRQ,2020-06-17,v3
2020-07-20,ICU_demand,916.95,1253.5,1512,1515.555,1728.75,2301.475,Surged Additional 50% Reduction,Iraq,IRQ,2020-06-17,v3
2020-07-20,infections,12368.8,17868.25,21753.5,22072.28,25428.75,34715.3,Surged Additional 50% Reduction,Iraq,IRQ,2020-06-17,v3
2020-07-20,Rt,0.806080275927038,0.841883997130944,0.854253299083001,0.85615387684856,0.874194637616486,0.89844000609921,Surged Additional 50% Reduction,Iraq,IRQ,2020-06-17,v3
2020-07-20,cumulative_infections,4824851,6390990,7532630,7477281.755,8466590,10685821.375,Surged Maintain Status Quo,Iraq,IRQ,2020-06-17,v3
2020-07-20,deaths,456.975,631.75,747,745.275,846.75,1079.175,Surged Maintain Status Quo,Iraq,IRQ,2020-06-17,v3
2020-07-20,hospital_demand,31512.9,42353.5,49751.5,49597.6,55911.25,70892.225,Surged Maintain Status Quo,Iraq,IRQ,2020-06-17,v3
2020-07-20,ICU_demand,7674.85,10237.75,12195,12080.455,13613.25,17143.375,Surged Maintain Status Quo,Iraq,IRQ,2020-06-17,v3
2020-07-20,infections,280362.125,381175,436735.5,434931,489259,577809.75,Surged Maintain Status Quo,Iraq,IRQ,2020-06-17,v3
2020-07-20,Rt,1.61216055185408,1.68376799426189,1.708506598166,1.71230775369712,1.74838927523297,1.79688001219842,Surged Maintain Status Quo,Iraq,IRQ,2020-06-17,v3
2020-07-20,cumulative_infections,11759268.75,14772058.25,16576264,16383889.19,17908315,20865615.55,Surged Relax Interventions 50%,Iraq,IRQ,2020-06-17,v3
2020-07-20,deaths,1207.725,1557.5,1772.5,1756.01,1954.5,2285.175,Surged Relax Interventions 50%,Iraq,IRQ,2020-06-17,v3
2020-07-20,hospital_demand,85551.5,107163.75,119939,118280.34,129602.5,147400.3,Surged Relax Interventions 50%,Iraq,IRQ,2020-06-17,v3
2020-07-20,ICU_demand,20517.7,25953.25,28938,28700.21,31495.5,35634.85,Surged Relax Interventions 50%,Iraq,IRQ,2020-06-17,v3
2020-07-20,infections,844179.925,983000.25,1005778,998980.41,1033260.25,1069589.9,Surged Relax Interventions 50%,Iraq,IRQ,2020-06-17,v3
2020-07-20,Rt,2.15851030721146,2.2543850030242,2.28750734400422,2.29259668413465,2.34090597693147,2.40582988008977,Surged Relax Interventions 50%,Iraq,IRQ,2020-06-17,v3
2020-07-21,cumulative_infections,1193857.725,1525620.5,1774339.5,1828319.135,2098833.25,2662804.6,Additional 50% Reduction,Iraq,IRQ,2020-06-17,v3
2020-07-21,deaths,58.925,83,98,101.315,114,172,Additional 50% Reduction,Iraq,IRQ,2020-06-17,v3
2020-07-21,hospital_demand,3418.525,4721.75,5746,5807.915,6688,8867.325,Additional 50% Reduction,Iraq,IRQ,2020-06-17,v3
2020-07-21,ICU_demand,855.925,1178,1385.5,1321.76,1480,1572.025,Additional 50% Reduction,Iraq,IRQ,2020-06-17,v3
2020-07-21,infections,11896.475,17267.5,21533.5,21840.465,25569,34740.925,Additional 50% Reduction,Iraq,IRQ,2020-06-17,v3
2020-07-21,Rt,0.812112361888779,0.843219581091691,0.857371790906153,0.857333278094658,0.873213306516869,0.901373836627557,Additional 50% Reduction,Iraq,IRQ,2020-06-17,v3
2020-07-21,cumulative_infections,4988025.225,6776022,8006192,8026540.625,9203511,11457647.475,Maintain Status Quo,Iraq,IRQ,2020-06-17,v3
2020-07-21,deaths,1040.75,1495.25,1733,2023.08,2398.75,4185.925,Maintain Status Quo,Iraq,IRQ,2020-06-17,v3
2020-07-21,hospital_demand,32171.85,43378,51760.5,50811.085,58139.25,66926.35,Maintain Status Quo,Iraq,IRQ,2020-06-17,v3
2020-07-21,ICU_demand,2640.95,3095,3391.5,3381.27,3629.25,4124.3,Maintain Status Quo,Iraq,IRQ,2020-06-17,v3
2020-07-21,infections,295933.875,399149.75,459288,451879.565,501305.5,588448.85,Maintain Status Quo,Iraq,IRQ,2020-06-17,v3
2020-07-21,Rt,1.62422472377756,1.68643916218338,1.71474358181231,1.71466655618932,1.74642661303374,1.80274767325511,Maintain Status Quo,Iraq,IRQ,2020-06-17,v3
2020-07-21,cumulative_infections,12503073.925,15658290.25,17726640,17499627.01,19248549,22021628.65,Relax Interventions 50%,Iraq,IRQ,2020-06-17,v3
2020-07-21,deaths,6318,8657.25,9736.5,9468.25,10453.25,11546.925,Relax Interventions 50%,Iraq,IRQ,2020-06-17,v3
2020-07-21,hospital_demand,78870.2,90260,95613.5,94321.015,99083.25,104347.975,Relax Interventions 50%,Iraq,IRQ,2020-06-17,v3
2020-07-21,ICU_demand,5211,5896.5,6225.5,6131.22,6400.25,6689.075,Relax Interventions 50%,Iraq,IRQ,2020-06-17,v3
2020-07-21,infections,893986.525,967470.5,991250.5,986964.645,1015057,1057026.625,Relax Interventions 50%,Iraq,IRQ,2020-06-17,v3
2020-07-21,Rt,2.1746629412744,2.25796141077355,2.2958579970896,2.29575486803031,2.33827818245917,2.41368604978424,Relax Interventions 50%,Iraq,IRQ,2020-06-17,v3
2020-07-21,cumulative_infections,1221996.925,1508931.25,1767553.5,1800734.265,2040089.75,2502517.85,Surged Additional 50% Reduction,Iraq,IRQ,2020-06-17,v3
2020-07-21,deaths,63,86,105,106.535,124.25,162,Surged Additional 50% Reduction,Iraq,IRQ,2020-06-17,v3
2020-07-21,hospital_demand,3560.575,4758,5729.5,5772.38,6607,8793.8,Surged Additional 50% Reduction,Iraq,IRQ,2020-06-17,v3
2020-07-21,ICU_demand,888.975,1227.75,1473.5,1478.06,1691.75,2255.1,Surged Additional 50% Reduction,Iraq,IRQ,2020-06-17,v3
2020-07-21,infections,12126.7,17218,21339.5,21460.42,24691.25,33885.45,Surged Additional 50% Reduction,Iraq,IRQ,2020-06-17,v3
2020-07-21,Rt,0.806080275927038,0.841883997130944,0.854253299083001,0.85615387684856,0.874194637616486,0.89844000609921,Surged Additional 50% Reduction,Iraq,IRQ,2020-06-17,v3
2020-07-21,cumulative_infections,5126037.825,6786820,7977658,7925839.31,8948643,11271461.325,Surged Maintain Status Quo,Iraq,IRQ,2020-06-17,v3
2020-07-21,deaths,500.75,657.75,790.5,790.49,900,1132.25,Surged Maintain Status Quo,Iraq,IRQ,2020-06-17,v3
2020-07-21,hospital_demand,33380.725,44757,52399.5,52254.025,59035.25,73902.925,Surged Maintain Status Quo,Iraq,IRQ,2020-06-17,v3
2020-07-21,ICU_demand,8126.825,10838.25,12867,12732.995,14317.75,18004.875,Surged Maintain Status Quo,Iraq,IRQ,2020-06-17,v3
2020-07-21,infections,289976.275,395948.5,451348,448557.555,501660.5,585900.85,Surged Maintain Status Quo,Iraq,IRQ,2020-06-17,v3
2020-07-21,Rt,1.61216055185408,1.68376799426189,1.708506598166,1.71230775369712,1.74838927523297,1.79688001219842,Surged Maintain Status Quo,Iraq,IRQ,2020-06-17,v3
2020-07-21,cumulative_infections,12657901.75,15753252.5,17582424,17371904.52,18918562.75,21826232.1,Surged Relax Interventions 50%,Iraq,IRQ,2020-06-17,v3
2020-07-21,deaths,1291.925,1670.5,1890,1872.785,2085,2399.125,Surged Relax Interventions 50%,Iraq,IRQ,2020-06-17,v3
2020-07-21,hospital_demand,91375.225,113823.5,126202,124254.03,135494,151376,Surged Relax Interventions 50%,Iraq,IRQ,2020-06-17,v3
2020-07-21,ICU_demand,22029.85,27568.25,30559,30214.725,33048.5,36895.775,Surged Relax Interventions 50%,Iraq,IRQ,2020-06-17,v3
2020-07-21,infections,869628.8,970754.5,994284,988015.33,1013875,1050131.925,Surged Relax Interventions 50%,Iraq,IRQ,2020-06-17,v3
2020-07-21,Rt,2.15851030721146,2.2543850030242,2.28750734400422,2.29259668413465,2.34090597693147,2.40582988008977,Surged Relax Interventions 50%,Iraq,IRQ,2020-06-17,v3
2020-07-22,cumulative_infections,1205288.325,1543479.25,1794594,1849540.19,2124743,2696795.7,Additional 50% Reduction,Iraq,IRQ,2020-06-17,v3
2020-07-22,deaths,55.975,81,98,100.16,113,168.05,Additional 50% Reduction,Iraq,IRQ,2020-06-17,v3
2020-07-22,hospital_demand,3295.05,4611.25,5583.5,5662.925,6501.25,8635.075,Additional 50% Reduction,Iraq,IRQ,2020-06-17,v3
2020-07-22,ICU_demand,838.95,1154.75,1365,1301.505,1463.75,1565.125,Additional 50% Reduction,Iraq,IRQ,2020-06-17,v3
2020-07-22,infections,11453.4,16774.5,20928,21221.055,24843.25,33979.925,Additional 50% Reduction,Iraq,IRQ,2020-06-17,v3
2020-07-22,Rt,0.812112361888779,0.843219581091691,0.857371790906153,0.857333278094658,0.873213306516869,0.901373836627557,Additional 50% Reduction,Iraq,IRQ,2020-06-17,v3
2020-07-22,cumulative_infections,5295222.325,7182801.25,8481488,8490690,9710492.5,12048220.6,Maintain Status Quo,Iraq,IRQ,2020-06-17,v3
2020-07-22,deaths,1140.875,1556,1850,2222.64,2757.75,4395.025,Maintain Status Quo,Iraq,IRQ,2020-06-17,v3
2020-07-22,hospital_demand,34011.5,45896.75,54482,52986.78,60104.25,68159.5,Maintain Status Quo,Iraq,IRQ,2020-06-17,v3
2020-07-22,ICU_demand,2746.025,3168.75,3487.5,3462.025,3721.25,4217.025,Maintain Status Quo,Iraq,IRQ,2020-06-17,v3
2020-07-22,infections,310164.9,415127.75,472831.5,464149.375,514075,593459.7,Maintain Status Quo,Iraq,IRQ,2020-06-17,v3
2020-07-22,Rt,1.62422472377756,1.68643916218338,1.71474358181231,1.71466655618932,1.74642661303374,1.80274767325511,Maintain Status Quo,Iraq,IRQ,2020-06-17,v3
2020-07-22,cumulative_infections,13412600.35,16651097.75,18713258.5,18466688.115,20212537.5,22915600.1,Relax Interventions 50%,Iraq,IRQ,2020-06-17,v3
2020-07-22,deaths,6982.825,9051.75,10070.5,9820.99,10671,11591.8,Relax Interventions 50%,Iraq,IRQ,2020-06-17,v3
2020-07-22,hospital_demand,81770.425,92515,97361,95971.785,100165.5,103842.9,Relax Interventions 50%,Iraq,IRQ,2020-06-17,v3
2020-07-22,ICU_demand,5288.95,6030.25,6282,6188.415,6425.75,6667.375,Relax Interventions 50%,Iraq,IRQ,2020-06-17,v3
2020-07-22,infections,887776.775,943307,972455.5,967061.105,996658.25,1030323.225,Relax Interventions 50%,Iraq,IRQ,2020-06-17,v3
2020-07-22,Rt,2.1746629412744,2.25796141077355,2.2958579970896,2.29575486803031,2.33827818245917,2.41368604978424,Relax Interventions 50%,Iraq,IRQ,2020-06-17,v3
2020-07-22,cumulative_infections,1233793.625,1526778.5,1787520,1821563.605,2063946,2537704.3,Surged Additional 50% Reduction,Iraq,IRQ,2020-06-17,v3
2020-07-22,deaths,60.975,84,100,103.57,122.25,159.075,Surged Additional 50% Reduction,Iraq,IRQ,2020-06-17,v3
2020-07-22,hospital_demand,3406.95,4629.5,5604.5,5625.79,6437.25,8628.275,Surged Additional 50% Reduction,Iraq,IRQ,2020-06-17,v3
2020-07-22,ICU_demand,846.975,1196.25,1436,1440.985,1646.5,2181.4,Surged Additional 50% Reduction,Iraq,IRQ,2020-06-17,v3
2020-07-22,infections,11585.875,16746.5,20628.5,20829.34,23942.25,32835.05,Surged Additional 50% Reduction,Iraq,IRQ,2020-06-17,v3
2020-07-22,Rt,0.806080275927038,0.841883997130944,0.854253299083001,0.85615387684856,0.874194637616486,0.89844000609921,Surged Additional 50% Reduction,Iraq,IRQ,2020-06-17,v3
2020-07-22,cumulative_infections,5433962.275,7189403.5,8448219,8387007.3,9433456,11864040.625,Surged Maintain Status Quo,Iraq,IRQ,2020-06-17,v3
2020-07-22,deaths,538.8,723.75,820.5,833.225,947.25,1179.225,Surged Maintain Status Quo,Iraq,IRQ,2020-06-17,v3
2020-07-22,hospital_demand,35263.45,47132.25,55065.5,54908.625,62094,77068.325,Surged Maintain Status Quo,Iraq,IRQ,2020-06-17,v3
2020-07-22,ICU_demand,8583.6,11446.25,13582,13394.625,15116.5,18832.775,Surged Maintain Status Quo,Iraq,IRQ,2020-06-17,v3
2020-07-22,infections,300546.925,410221.5,464350.5,461167.99,512544.25,591084.675,Surged Maintain Status Quo,Iraq,IRQ,2020-06-17,v3
2020-07-22,Rt,1.61216055185408,1.68376799426189,1.708506598166,1.71230775369712,1.74838927523297,1.79688001219842,Surged Maintain Status Quo,Iraq,IRQ,2020-06-17,v3
2020-07-22,cumulative_infections,13569490.55,16725215.25,18584255,18340929.375,19899409.5,22733291.85,Surged Relax Interventions 50%,Iraq,IRQ,2020-06-17,v3
2020-07-22,deaths,1433.275,1796.75,1996,1979.015,2170.25,2463.475,Surged Relax Interventions 50%,Iraq,IRQ,2020-06-17,v3
2020-07-22,hospital_demand,97088.875,119762.75,131383.5,129681.315,140674.75,154819.025,Surged Relax Interventions 50%,Iraq,IRQ,2020-06-17,v3
2020-07-22,ICU_demand,23597.45,29108.75,31988,31605.59,34352.75,37817.175,Surged Relax Interventions 50%,Iraq,IRQ,2020-06-17,v3
2020-07-22,infections,890488.15,948397.25,973818.5,969024.855,993214.25,1028215.875,Surged Relax Interventions 50%,Iraq,IRQ,2020-06-17,v3
2020-07-22,Rt,2.15851030721146,2.2543850030242,2.28750734400422,2.29259668413465,2.34090597693147,2.40582988008977,Surged Relax Interventions 50%,Iraq,IRQ,2020-06-17,v3
2020-07-23,cumulative_infections,1216230.875,1561328.25,1814278,1870161.8,2150001.25,2729704.475,Additional 50% Reduction,Iraq,IRQ,2020-06-17,v3
2020-07-23,deaths,62,78.75,96,96.775,110.25,154.1,Additional 50% Reduction,Iraq,IRQ,2020-06-17,v3
2020-07-23,hospital_demand,3157.575,4502.25,5446,5522.415,6353.75,8429.75,Additional 50% Reduction,Iraq,IRQ,2020-06-17,v3
2020-07-23,ICU_demand,816.775,1125,1334,1279.99,1440,1562,Additional 50% Reduction,Iraq,IRQ,2020-06-17,v3
2020-07-23,infections,11153.45,16228.25,20433,20621.61,24086.25,32811.725,Additional 50% Reduction,Iraq,IRQ,2020-06-17,v3
2020-07-23,Rt,0.812112361888779,0.843219581091691,0.857371790906153,0.857333278094658,0.873213306516869,0.901373836627557,Additional 50% Reduction,Iraq,IRQ,2020-06-17,v3
2020-07-23,cumulative_infections,5615134.75,7597960,8968977,8965889.495,10224308,12641730.675,Maintain Status Quo,Iraq,IRQ,2020-06-17,v3
2020-07-23,deaths,1210.125,1620.75,2144,2433.18,3133.75,4659.6,Maintain Status Quo,Iraq,IRQ,2020-06-17,v3
2020-07-23,hospital_demand,35958.025,48321.25,56867.5,55028.495,61880,69199.175,Maintain Status Quo,Iraq,IRQ,2020-06-17,v3
2020-07-23,ICU_demand,2771.125,3246,3547.5,3537.985,3791.5,4310.15,Maintain Status Quo,Iraq,IRQ,2020-06-17,v3
2020-07-23,infections,322968.575,428311.5,486236.5,475199.495,524573.5,595991,Maintain Status Quo,Iraq,IRQ,2020-06-17,v3
2020-07-23,Rt,1.62422472377756,1.68643916218338,1.71474358181231,1.71466655618932,1.74642661303374,1.80274767325511,Maintain Status Quo,Iraq,IRQ,2020-06-17,v3
2020-07-23,cumulative_infections,14334375.5,17634293.75,19689235,19406977.53,21116875.5,23754568.575,Relax Interventions 50%,Iraq,IRQ,2020-06-17,v3
2020-07-23,deaths,7439.575,9515,10380.5,10097.16,10886.25,11505.925,Relax Interventions 50%,Iraq,IRQ,2020-06-17,v3
2020-07-23,hospital_demand,84390.525,94562.25,98559.5,97111.975,100682.5,103491.35,Relax Interventions 50%,Iraq,IRQ,2020-06-17,v3
2020-07-23,ICU_demand,5507.8,6126.5,6279,6213.04,6398,6606,Relax Interventions 50%,Iraq,IRQ,2020-06-17,v3
2020-07-23,infections,837231.025,916203.75,946553.5,940289.415,971980.25,1014063.2,Relax Interventions 50%,Iraq,IRQ,2020-06-17,v3
2020-07-23,Rt,2.1746629412744,2.25796141077355,2.2958579970896,2.29575486803031,2.33827818245917,2.41368604978424,Relax Interventions 50%,Iraq,IRQ,2020-06-17,v3
2020-07-23,cumulative_infections,1245494.025,1543795.5,1807355,1841848.08,2087264.25,2572147.55,Surged Additional 50% Reduction,Iraq,IRQ,2020-06-17,v3
2020-07-23,deaths,53.975,82,99,101.08,117.5,155.075,Surged Additional 50% Reduction,Iraq,IRQ,2020-06-17,v3
2020-07-23,hospital_demand,3298.05,4504.5,5440,5478.33,6292.25,8356.1,Surged Additional 50% Reduction,Iraq,IRQ,2020-06-17,v3
2020-07-23,ICU_demand,832.85,1160,1398.5,1406.125,1605.75,2133.375,Surged Additional 50% Reduction,Iraq,IRQ,2020-06-17,v3
2020-07-23,infections,11155.775,16314.25,20114,20284.475,23466.25,32152.975,Surged Additional 50% Reduction,Iraq,IRQ,2020-06-17,v3
2020-07-23,Rt,0.806080275927038,0.841883997130944,0.854253299083001,0.85615387684856,0.874194637616486,0.89844000609921,Surged Additional 50% Reduction,Iraq,IRQ,2020-06-17,v3
2020-07-23,cumulative_infections,5736328.425,7607225.5,8929189,8859264.735,9947233.25,12459848.175,Surged Maintain Status Quo,Iraq,IRQ,2020-06-17,v3
2020-07-23,deaths,547.625,747.5,890.5,881.32,995,1235.875,Surged Maintain Status Quo,Iraq,IRQ,2020-06-17,v3
2020-07-23,hospital_demand,37112.325,49528,57775.5,57553.485,64957,79956.15,Surged Maintain Status Quo,Iraq,IRQ,2020-06-17,v3
2020-07-23,ICU_demand,9036.6,12031.75,14215.5,14056.34,15773.25,19563.375,Surged Maintain Status Quo,Iraq,IRQ,2020-06-17,v3
2020-07-23,infections,312482.775,422998.5,476253,472257.435,524169,595474.025,Surged Maintain Status Quo,Iraq,IRQ,2020-06-17,v3
2020-07-23,Rt,1.61216055185408,1.68376799426189,1.708506598166,1.71230775369712,1.74838927523297,1.79688001219842,Surged Maintain Status Quo,Iraq,IRQ,2020-06-17,v3
2020-07-23,cumulative_infections,14491677.375,17666176.75,19555718,19283854.83,20846565.5,23583813.1,Surged Relax Interventions 50%,Iraq,IRQ,2020-06-17,v3
2020-07-23,deaths,1529.65,1905,2100,2085.52,2283.75,2545.125,Surged Relax Interventions 50%,Iraq,IRQ,2020-06-17,v3
2020-07-23,hospital_demand,102407.05,125314.25,136169,134470.78,144662.75,156625.3,Surged Relax Interventions 50%,Iraq,IRQ,2020-06-17,v3
2020-07-23,ICU_demand,25021.725,30586.25,33228.5,32849.945,35530.75,38433.875,Surged Relax Interventions 50%,Iraq,IRQ,2020-06-17,v3
2020-07-23,infections,859958.375,922696.25,947937,942925.455,972915.25,1009668.4,Surged Relax Interventions 50%,Iraq,IRQ,2020-06-17,v3
2020-07-23,Rt,2.15851030721146,2.2543850030242,2.28750734400422,2.29259668413465,2.34090597693147,2.40582988008977,Surged Relax Interventions 50%,Iraq,IRQ,2020-06-17,v3
2020-07-24,cumulative_infections,1226770.2,1580390.5,1833410.5,1890217.035,2174694.5,2761765.375,Additional 50% Reduction,Iraq,IRQ,2020-06-17,v3
2020-07-24,deaths,56.925,79,92,94.995,107,151.3,Additional 50% Reduction,Iraq,IRQ,2020-06-17,v3
2020-07-24,hospital_demand,3074.35,4386.75,5298,5380.635,6247.75,8242.2,Additional 50% Reduction,Iraq,IRQ,2020-06-17,v3
2020-07-24,ICU_demand,796.3,1103,1295.5,1256.535,1424.75,1545.175,Additional 50% Reduction,Iraq,IRQ,2020-06-17,v3
2020-07-24,infections,10589.675,15869.25,19800,20055.235,23340.5,31818.45,Additional 50% Reduction,Iraq,IRQ,2020-06-17,v3
2020-07-24,Rt,0.812112361888779,0.843219581091691,0.857371790906153,0.857333278094658,0.873213306516869,0.901373836627557,Additional 50% Reduction,Iraq,IRQ,2020-06-17,v3
2020-07-24,cumulative_infections,5948320.325,8016564.25,9468949.5,9450705.355,10743503.5,13234753.9,Maintain Status Quo,Iraq,IRQ,2020-06-17,v3
2020-07-24,deaths,1248.95,1700.5,2502,2655.23,3432.25,4859.375,Maintain Status Quo,Iraq,IRQ,2020-06-17,v3
2020-07-24,hospital_demand,37690.95,50850.5,58870.5,56909.57,63296.75,70362.7,Maintain Status Quo,Iraq,IRQ,2020-06-17,v3
2020-07-24,ICU_demand,2839.375,3320.25,3649.5,3609.285,3877.5,4344.15,Maintain Status Quo,Iraq,IRQ,2020-06-17,v3
2020-07-24,infections,336665.425,441964.75,495138,484815.86,533345.25,595311.275,Maintain Status Quo,Iraq,IRQ,2020-06-17,v3
2020-07-24,Rt,1.62422472377756,1.68643916218338,1.71474358181231,1.71466655618932,1.74642661303374,1.80274767325511,Maintain Status Quo,Iraq,IRQ,2020-06-17,v3
2020-07-24,cumulative_infections,15258521.4,18594590.75,20603714.5,20314271.715,21986759.75,24534431.775,Relax Interventions 50%,Iraq,IRQ,2020-06-17,v3
2020-07-24,deaths,8016,9840,10503,10265.7,10882,11446.55,Relax Interventions 50%,Iraq,IRQ,2020-06-17,v3
2020-07-24,hospital_demand,86928.25,96033.25,98791,97720.1,100767.25,103389.225,Relax Interventions 50%,Iraq,IRQ,2020-06-17,v3
2020-07-24,ICU_demand,5617.975,6077.5,6216,6190.18,6338.75,6520.4,Relax Interventions 50%,Iraq,IRQ,2020-06-17,v3
2020-07-24,infections,779875.575,874016.5,920019.5,907294.185,946715.75,989697.025,Relax Interventions 50%,Iraq,IRQ,2020-06-17,v3
2020-07-24,Rt,2.1746629412744,2.25796141077355,2.2958579970896,2.29575486803031,2.33827818245917,2.41368604978424,Relax Interventions 50%,Iraq,IRQ,2020-06-17,v3
2020-07-24,cumulative_infections,1256524.875,1560187,1827886,1861553.625,2109899.25,2605833.375,Surged Additional 50% Reduction,Iraq,IRQ,2020-06-17,v3
2020-07-24,deaths,55,82,97,100.38,117,150.2,Surged Additional 50% Reduction,Iraq,IRQ,2020-06-17,v3
2020-07-24,hospital_demand,3183.2,4395.5,5297.5,5330.18,6122.75,8122.3,Surged Additional 50% Reduction,Iraq,IRQ,2020-06-17,v3
2020-07-24,ICU_demand,803.75,1125,1366.5,1369.2,1567.25,2069.025,Surged Additional 50% Reduction,Iraq,IRQ,2020-06-17,v3
2020-07-24,infections,10768.325,15819.25,19519,19705.545,22757.25,31328.05,Surged Additional 50% Reduction,Iraq,IRQ,2020-06-17,v3
2020-07-24,Rt,0.806080275927038,0.841883997130944,0.854253299083001,0.85615387684856,0.874194637616486,0.89844000609921,Surged Additional 50% Reduction,Iraq,IRQ,2020-06-17,v3
2020-07-24,cumulative_infections,6074597.175,8041496,9398708,9341393.345,10464056,13058296.75,Surged Maintain Status Quo,Iraq,IRQ,2020-06-17,v3
2020-07-24,deaths,590.9,791.75,920.5,926.545,1051.5,1317.6,Surged Maintain Status Quo,Iraq,IRQ,2020-06-17,v3
2020-07-24,hospital_demand,38880.725,51951.75,60392,60175.81,67766.5,82641.325,Surged Maintain Status Quo,Iraq,IRQ,2020-06-17,v3
2020-07-24,ICU_demand,9475.55,12705.5,14892,14709.59,16531,20265.4,Surged Maintain Status Quo,Iraq,IRQ,2020-06-17,v3
2020-07-24,infections,324494.275,439084,486937.5,482128.61,532811,598089.875,Surged Maintain Status Quo,Iraq,IRQ,2020-06-17,v3
2020-07-24,Rt,1.61216055185408,1.68376799426189,1.708506598166,1.71230775369712,1.74838927523297,1.79688001219842,Surged Maintain Status Quo,Iraq,IRQ,2020-06-17,v3
2020-07-24,cumulative_infections,15416775.125,18600739.25,20461283,20194350.535,21765385,24365119.8,Surged Relax Interventions 50%,Iraq,IRQ,2020-06-17,v3
2020-07-24,deaths,1630.975,2023,2189,2186.185,2385.25,2661.075,Surged Relax Interventions 50%,Iraq,IRQ,2020-06-17,v3
2020-07-24,hospital_demand,107964.675,130438.25,140309,138525.97,147991.75,157876.45,Surged Relax Interventions 50%,Iraq,IRQ,2020-06-17,v3
2020-07-24,ICU_demand,26288.775,31945.25,34328,33917.69,36425.25,38881.65,Surged Relax Interventions 50%,Iraq,IRQ,2020-06-17,v3
2020-07-24,infections,804999.775,886078.5,918333.5,910495.705,944194.25,983515.725,Surged Relax Interventions 50%,Iraq,IRQ,2020-06-17,v3
2020-07-24,Rt,2.15851030721146,2.2543850030242,2.28750734400422,2.29259668413465,2.34090597693147,2.40582988008977,Surged Relax Interventions 50%,Iraq,IRQ,2020-06-17,v3
2020-07-25,cumulative_infections,1236802.35,1596389.25,1851882.5,1909702.555,2198933,2793258.425,Additional 50% Reduction,Iraq,IRQ,2020-06-17,v3
2020-07-25,deaths,54,79,90.5,92.175,104.25,135.05,Additional 50% Reduction,Iraq,IRQ,2020-06-17,v3
2020-07-25,hospital_demand,2928.55,4266.5,5156.5,5243.74,6090,7995.875,Additional 50% Reduction,Iraq,IRQ,2020-06-17,v3
2020-07-25,ICU_demand,759.825,1064.25,1271.5,1235.375,1414,1535.15,Additional 50% Reduction,Iraq,IRQ,2020-06-17,v3
2020-07-25,infections,10417.85,15352.5,19295.5,19485.52,22788.75,31113.45,Additional 50% Reduction,Iraq,IRQ,2020-06-17,v3
2020-07-25,Rt,0.812112361888779,0.843219581091691,0.857371790906153,0.857333278094658,0.873213306516869,0.901373836627557,Additional 50% Reduction,Iraq,IRQ,2020-06-17,v3
2020-07-25,cumulative_infections,6294474.775,8448130.75,9985363,9943598.27,11267088,13824654.5,Maintain Status Quo,Iraq,IRQ,2020-06-17,v3
2020-07-25,deaths,1305.4,1770,2884,2869.11,3702,5076.35,Maintain Status Quo,Iraq,IRQ,2020-06-17,v3
2020-07-25,hospital_demand,39709.625,53274.5,60401.5,58633.645,64432.75,71126.375,Maintain Status Quo,Iraq,IRQ,2020-06-17,v3
2020-07-25,ICU_demand,2934.2,3413,3716.5,3678.75,3938,4368.1,Maintain Status Quo,Iraq,IRQ,2020-06-17,v3
2020-07-25,infections,350199.55,454070.25,503250.5,492892.915,539172.5,594151.875,Maintain Status Quo,Iraq,IRQ,2020-06-17,v3
2020-07-25,Rt,1.62422472377756,1.68643916218338,1.71474358181231,1.71466655618932,1.74642661303374,1.80274767325511,Maintain Status Quo,Iraq,IRQ,2020-06-17,v3
2020-07-25,cumulative_infections,16177019.775,19510442.75,21467931.5,21183277.975,22810960.25,25254552.25,Relax Interventions 50%,Iraq,IRQ,2020-06-17,v3
2020-07-25,deaths,8415.075,10036.5,10490,10329.815,10809.5,11337,Relax Interventions 50%,Iraq,IRQ,2020-06-17,v3
2020-07-25,hospital_demand,89214.475,96612.25,98593,97818.71,100009,102355.075,Relax Interventions 50%,Iraq,IRQ,2020-06-17,v3
2020-07-25,ICU_demand,5745.85,6031.25,6166.5,6146.005,6290.5,6470.4,Relax Interventions 50%,Iraq,IRQ,2020-06-17,v3
2020-07-25,infections,720120.475,828561.5,884959,869006.26,920298.5,955590.475,Relax Interventions 50%,Iraq,IRQ,2020-06-17,v3
2020-07-25,Rt,2.1746629412744,2.25796141077355,2.2958579970896,2.29575486803031,2.33827818245917,2.41368604978424,Relax Interventions 50%,Iraq,IRQ,2020-06-17,v3
2020-07-25,cumulative_infections,1268537.075,1575813,1847890,1880702.95,2131692,2638457.175,Surged Additional 50% Reduction,Iraq,IRQ,2020-06-17,v3
2020-07-25,deaths,51,76,94,95.69,113.25,143,Surged Additional 50% Reduction,Iraq,IRQ,2020-06-17,v3
2020-07-25,hospital_demand,3096.875,4265,5159,5186.47,5929.25,7931.9,Surged Additional 50% Reduction,Iraq,IRQ,2020-06-17,v3
2020-07-25,ICU_demand,765.9,1090.25,1326,1333.95,1521.25,1998.675,Surged Additional 50% Reduction,Iraq,IRQ,2020-06-17,v3
2020-07-25,infections,10384.65,15338.75,18883,19149.325,22263,30494.55,Surged Additional 50% Reduction,Iraq,IRQ,2020-06-17,v3
2020-07-25,Rt,0.806080275927038,0.841883997130944,0.854253299083001,0.85615387684856,0.874194637616486,0.89844000609921,Surged Additional 50% Reduction,Iraq,IRQ,2020-06-17,v3
2020-07-25,cumulative_infections,6424564.75,8494652,9876001.5,9832008.115,10996457.25,13654259.1,Surged Maintain Status Quo,Iraq,IRQ,2020-06-17,v3
2020-07-25,deaths,587.9,844.25,966.5,970.82,1101.25,1351.025,Surged Maintain Status Quo,Iraq,IRQ,2020-06-17,v3
2020-07-25,hospital_demand,40825.4,54430.25,63137.5,62768.925,70500.5,85198.65,Surged Maintain Status Quo,Iraq,IRQ,2020-06-17,v3
2020-07-25,ICU_demand,9919.75,13286,15536,15353.15,17179.5,21000.525,Surged Maintain Status Quo,Iraq,IRQ,2020-06-17,v3
2020-07-25,infections,333017.775,451078.5,495754,490614.77,539759.75,596324.725,Surged Maintain Status Quo,Iraq,IRQ,2020-06-17,v3
2020-07-25,Rt,1.61216055185408,1.68376799426189,1.708506598166,1.71230775369712,1.74838927523297,1.79688001219842,Surged Maintain Status Quo,Iraq,IRQ,2020-06-17,v3
2020-07-25,cumulative_infections,16313129.2,19527423.75,21319201.5,21067077.6,22634300,25088316.375,Surged Relax Interventions 50%,Iraq,IRQ,2020-06-17,v3
2020-07-25,deaths,1704.15,2109.75,2280,2271.65,2477,2706.125,Surged Relax Interventions 50%,Iraq,IRQ,2020-06-17,v3
2020-07-25,hospital_demand,113127.175,135335.75,143511,141743.51,150405.5,157809.3,Surged Relax Interventions 50%,Iraq,IRQ,2020-06-17,v3
2020-07-25,ICU_demand,27523.925,33185.25,35232,34806.81,37099.75,39032.825,Surged Relax Interventions 50%,Iraq,IRQ,2020-06-17,v3
2020-07-25,infections,744553.25,839031.5,882921.5,872727.065,915349.25,951831.675,Surged Relax Interventions 50%,Iraq,IRQ,2020-06-17,v3
2020-07-25,Rt,2.15851030721146,2.2543850030242,2.28750734400422,2.29259668413465,2.34090597693147,2.40582988008977,Surged Relax Interventions 50%,Iraq,IRQ,2020-06-17,v3
2020-07-26,cumulative_infections,1246634.6,1610776,1869808,1928650.8,2222254.25,2823950.325,Additional 50% Reduction,Iraq,IRQ,2020-06-17,v3
2020-07-26,deaths,52.975,74,89.5,90.56,104,134.075,Additional 50% Reduction,Iraq,IRQ,2020-06-17,v3
2020-07-26,hospital_demand,2861.05,4153.5,5032,5104.375,5916.25,7801.675,Additional 50% Reduction,Iraq,IRQ,2020-06-17,v3
2020-07-26,ICU_demand,743.825,1048.75,1247.5,1212.175,1386.5,1530,Additional 50% Reduction,Iraq,IRQ,2020-06-17,v3
2020-07-26,infections,10056.075,14995,18767.5,18948.245,22186.25,30347.475,Additional 50% Reduction,Iraq,IRQ,2020-06-17,v3
2020-07-26,Rt,0.812112361888779,0.843219581091691,0.857371790906153,0.857333278094658,0.873213306516869,0.901373836627557,Additional 50% Reduction,Iraq,IRQ,2020-06-17,v3
2020-07-26,cumulative_infections,6652051.275,8892287.25,10509919,10443015.51,11793650,14409681.05,Maintain Status Quo,Iraq,IRQ,2020-06-17,v3
2020-07-26,deaths,1389.7,1967,3186.5,3088.65,3931.75,5223.55,Maintain Status Quo,Iraq,IRQ,2020-06-17,v3
2020-07-26,hospital_demand,41712.925,55571.5,61876.5,60164.895,65516.75,71695.2,Maintain Status Quo,Iraq,IRQ,2020-06-17,v3
2020-07-26,ICU_demand,3016.3,3496.75,3784,3744.18,4004.25,4401.225,Maintain Status Quo,Iraq,IRQ,2020-06-17,v3
2020-07-26,infections,361737.5,464844.5,509628,499417.24,543686,592974.075,Maintain Status Quo,Iraq,IRQ,2020-06-17,v3
2020-07-26,Rt,1.62422472377756,1.68643916218338,1.71474358181231,1.71466655618932,1.74642661303374,1.80274767325511,Maintain Status Quo,Iraq,IRQ,2020-06-17,v3
2020-07-26,cumulative_infections,17085228.75,20408852,22265385,22009923.725,23587021.75,25917938.85,Relax Interventions 50%,Iraq,IRQ,2020-06-17,v3
2020-07-26,deaths,8834.45,10096.5,10414.5,10288.25,10627.25,11170.125,Relax Interventions 50%,Iraq,IRQ,2020-06-17,v3
2020-07-26,hospital_demand,90853.775,96460.75,97683.5,97410.965,99362.75,101650.45,Relax Interventions 50%,Iraq,IRQ,2020-06-17,v3
2020-07-26,ICU_demand,5653.25,5927.5,6087,6059.33,6203.25,6364.025,Relax Interventions 50%,Iraq,IRQ,2020-06-17,v3
2020-07-26,infections,663386.6,776872,842027,826645.75,884177,930157.8,Relax Interventions 50%,Iraq,IRQ,2020-06-17,v3
2020-07-26,Rt,2.1746629412744,2.25796141077355,2.2958579970896,2.29575486803031,2.33827818245917,2.41368604978424,Relax Interventions 50%,Iraq,IRQ,2020-06-17,v3
2020-07-26,cumulative_infections,1281465.425,1591025.25,1867385,1899318.695,2153943.75,2670876.875,Surged Additional 50% Reduction,Iraq,IRQ,2020-06-17,v3
2020-07-26,deaths,49.95,76,92,93.755,108.25,153.1,Surged Additional 50% Reduction,Iraq,IRQ,2020-06-17,v3
2020-07-26,hospital_demand,2971.4,4144.5,5038.5,5049.585,5764,7711.325,Surged Additional 50% Reduction,Iraq,IRQ,2020-06-17,v3
2020-07-26,ICU_demand,742.975,1054,1292.5,1297.475,1483.75,1962.625,Surged Additional 50% Reduction,Iraq,IRQ,2020-06-17,v3
2020-07-26,infections,9980.55,14959.25,18316,18615.745,21640,29717.825,Surged Additional 50% Reduction,Iraq,IRQ,2020-06-17,v3
2020-07-26,Rt,0.806080275927038,0.841883997130944,0.854253299083001,0.85615387684856,0.874194637616486,0.89844000609921,Surged Additional 50% Reduction,Iraq,IRQ,2020-06-17,v3
2020-07-26,cumulative_infections,6787401.4,8957100.25,10375872,10329467.475,11539041,14239432.05,Surged Maintain Status Quo,Iraq,IRQ,2020-06-17,v3
2020-07-26,deaths,647.5,878,1013.5,1015.835,1151.75,1387.475,Surged Maintain Status Quo,Iraq,IRQ,2020-06-17,v3
2020-07-26,hospital_demand,42488.4,56970.5,65719,65283.945,73104.5,87718.925,Surged Maintain Status Quo,Iraq,IRQ,2020-06-17,v3
2020-07-26,ICU_demand,10403.25,13875.25,16113.5,15983.64,17873.75,21530.75,Surged Maintain Status Quo,Iraq,IRQ,2020-06-17,v3
2020-07-26,infections,342708.8,461665,501782,497459.36,544084.5,595230.25,Surged Maintain Status Quo,Iraq,IRQ,2020-06-17,v3
2020-07-26,Rt,1.61216055185408,1.68376799426189,1.708506598166,1.71230775369712,1.74838927523297,1.79688001219842,Surged Maintain Status Quo,Iraq,IRQ,2020-06-17,v3
2020-07-26,cumulative_infections,17166023.725,20437487,22155487.5,21897757.205,23433975.5,25754185.875,Surged Relax Interventions 50%,Iraq,IRQ,2020-06-17,v3
2020-07-26,deaths,1830.95,2200.75,2353,2338.745,2511.25,2705.175,Surged Relax Interventions 50%,Iraq,IRQ,2020-06-17,v3
2020-07-26,hospital_demand,117775.7,139189.5,145677,144113.93,152021.75,157870.375,Surged Relax Interventions 50%,Iraq,IRQ,2020-06-17,v3
2020-07-26,ICU_demand,28655.5,34177.75,35914,35498.76,37504.75,39061.175,Surged Relax Interventions 50%,Iraq,IRQ,2020-06-17,v3
2020-07-26,infections,679431.75,788199,844106,830679.605,883562.5,926343.425,Surged Relax Interventions 50%,Iraq,IRQ,2020-06-17,v3
2020-07-26,Rt,2.15851030721146,2.2543850030242,2.28750734400422,2.29259668413465,2.34090597693147,2.40582988008977,Surged Relax Interventions 50%,Iraq,IRQ,2020-06-17,v3
2020-07-27,cumulative_infections,1256124.55,1624950.25,1887286,1947050.02,2244971.25,2853414.25,Additional 50% Reduction,Iraq,IRQ,2020-06-17,v3
2020-07-27,deaths,44.95,73,86,87.91,102,135.05,Additional 50% Reduction,Iraq,IRQ,2020-06-17,v3
2020-07-27,hospital_demand,2802.9,4034.5,4896.5,4968.94,5780.75,7604.575,Additional 50% Reduction,Iraq,IRQ,2020-06-17,v3
2020-07-27,ICU_demand,720.9,1025,1217.5,1190.62,1358.5,1538.025,Additional 50% Reduction,Iraq,IRQ,2020-06-17,v3
2020-07-27,infections,9642.525,14530.5,18260.5,18399.22,21529.5,29473.575,Additional 50% Reduction,Iraq,IRQ,2020-06-17,v3
2020-07-27,Rt,0.812112361888779,0.843219581091691,0.857371790906153,0.857333278094658,0.873213306516869,0.901373836627557,Additional 50% Reduction,Iraq,IRQ,2020-06-17,v3
2020-07-27,cumulative_infections,7020472.475,9360215,11035842.5,10947330.36,12340467.5,14987729.975,Maintain Status Quo,Iraq,IRQ,2020-06-17,v3
2020-07-27,deaths,1439.85,2266.25,3435.5,3289.17,4136.5,5223.35,Maintain Status Quo,Iraq,IRQ,2020-06-17,v3
2020-07-27,hospital_demand,43750.525,57560.25,63141.5,61538.925,66458.25,72183.3,Maintain Status Quo,Iraq,IRQ,2020-06-17,v3
2020-07-27,ICU_demand,3079.225,3590.25,3861.5,3800.97,4046.25,4431.375,Maintain Status Quo,Iraq,IRQ,2020-06-17,v3
2020-07-27,infections,373943.375,472710,514228,504314.85,546157,584778.4,Maintain Status Quo,Iraq,IRQ,2020-06-17,v3
2020-07-27,Rt,1.62422472377756,1.68643916218338,1.71474358181231,1.71466655618932,1.74642661303374,1.80274767325511,Maintain Status Quo,Iraq,IRQ,2020-06-17,v3
2020-07-27,cumulative_infections,17974794.925,21276908,23052656.5,22791029.385,24309951.75,26524644.275,Relax Interventions 50%,Iraq,IRQ,2020-06-17,v3
2020-07-27,deaths,9084.975,9909.75,10216,10167.325,10471.75,10922.1,Relax Interventions 50%,Iraq,IRQ,2020-06-17,v3
2020-07-27,hospital_demand,91200.8,94999.75,96695.5,96488.61,98295.25,100442.95,Relax Interventions 50%,Iraq,IRQ,2020-06-17,v3
2020-07-27,ICU_demand,5436.775,5801.25,5957,5931.48,6099,6254.125,Relax Interventions 50%,Iraq,IRQ,2020-06-17,v3
2020-07-27,infections,606705.425,725163.25,795200.5,781105.66,847861.75,897870.625,Relax Interventions 50%,Iraq,IRQ,2020-06-17,v3
2020-07-27,Rt,2.1746629412744,2.25796141077355,2.2958579970896,2.29575486803031,2.33827818245917,2.41368604978424,Relax Interventions 50%,Iraq,IRQ,2020-06-17,v3
2020-07-27,cumulative_infections,1293914.4,1605919.25,1886440.5,1917397.595,2174875.75,2699228.075,Surged Additional 50% Reduction,Iraq,IRQ,2020-06-17,v3
2020-07-27,deaths,49.925,72,90.5,90.675,105,145.025,Surged Additional 50% Reduction,Iraq,IRQ,2020-06-17,v3
2020-07-27,hospital_demand,2885.55,4038.25,4884.5,4914.735,5612.75,7577.8,Surged Additional 50% Reduction,Iraq,IRQ,2020-06-17,v3
2020-07-27,ICU_demand,727.75,1030.5,1259,1261.255,1453.5,1905.7,Surged Additional 50% Reduction,Iraq,IRQ,2020-06-17,v3
2020-07-27,infections,9788.95,14294.25,17843,18078.9,20993.75,28849.55,Surged Additional 50% Reduction,Iraq,IRQ,2020-06-17,v3
2020-07-27,Rt,0.806080275927038,0.841883997130944,0.854253299083001,0.85615387684856,0.874194637616486,0.89844000609921,Surged Additional 50% Reduction,Iraq,IRQ,2020-06-17,v3
2020-07-27,cumulative_infections,7160055.675,9417452,10887378,10832077.695,12093661.75,14811599.075,Surged Maintain Status Quo,Iraq,IRQ,2020-06-17,v3
2020-07-27,deaths,704.625,918.25,1066.5,1058.625,1206.5,1449.925,Surged Maintain Status Quo,Iraq,IRQ,2020-06-17,v3
2020-07-27,hospital_demand,44458.05,59431.75,68245.5,67707.555,75719.25,89808.8,Surged Maintain Status Quo,Iraq,IRQ,2020-06-17,v3
2020-07-27,ICU_demand,10832.45,14537.25,16743,16597.715,18570.25,22123.95,Surged Maintain Status Quo,Iraq,IRQ,2020-06-17,v3
2020-07-27,infections,353283.3,470218.5,506193.5,502610.22,547790,592640.05,Surged Maintain Status Quo,Iraq,IRQ,2020-06-17,v3
2020-07-27,Rt,1.61216055185408,1.68376799426189,1.708506598166,1.71230775369712,1.74838927523297,1.79688001219842,Surged Maintain Status Quo,Iraq,IRQ,2020-06-17,v3
2020-07-27,cumulative_infections,18001979.575,21291156.75,22957043.5,22683118.86,24176597,26382750.375,Surged Relax Interventions 50%,Iraq,IRQ,2020-06-17,v3
2020-07-27,deaths,1926.55,2287.75,2428,2399,2552.75,2735.225,Surged Relax Interventions 50%,Iraq,IRQ,2020-06-17,v3
2020-07-27,hospital_demand,121711.625,142068.5,147209.5,145586.895,152221,156417.9,Surged Relax Interventions 50%,Iraq,IRQ,2020-06-17,v3
2020-07-27,ICU_demand,29689.775,35022.5,36418,35968.17,37764.5,38950.025,Surged Relax Interventions 50%,Iraq,IRQ,2020-06-17,v3
2020-07-27,infections,619704.875,734499,794133,785361.655,845789.25,895820.375,Surged Relax Interventions 50%,Iraq,IRQ,2020-06-17,v3
2020-07-27,Rt,2.15851030721146,2.2543850030242,2.28750734400422,2.29259668413465,2.34090597693147,2.40582988008977,Surged Relax Interventions 50%,Iraq,IRQ,2020-06-17,v3
2020-07-28,cumulative_infections,1265323.875,1638917.5,1904619.5,1964904.63,2266064.75,2882675.375,Additional 50% Reduction,Iraq,IRQ,2020-06-17,v3
2020-07-28,deaths,45.975,74,84,86.07,99,126.075,Additional 50% Reduction,Iraq,IRQ,2020-06-17,v3
2020-07-28,hospital_demand,2673.4,3927.25,4790.5,4839.39,5622,7381.525,Additional 50% Reduction,Iraq,IRQ,2020-06-17,v3
2020-07-28,ICU_demand,713.725,1003.75,1191,1167.995,1344.25,1522.275,Additional 50% Reduction,Iraq,IRQ,2020-06-17,v3
2020-07-28,infections,9401.675,14008,17662,17854.61,20812,28513.625,Additional 50% Reduction,Iraq,IRQ,2020-06-17,v3
2020-07-28,Rt,0.812112361888779,0.843219581091691,0.857371790906153,0.857333278094658,0.873213306516869,0.901373836627557,Additional 50% Reduction,Iraq,IRQ,2020-06-17,v3
2020-07-28,cumulative_infections,7400775.875,9847320,11558441.5,11454654.855,12890762.5,15554273.725,Maintain Status Quo,Iraq,IRQ,2020-06-17,v3
2020-07-28,deaths,1545.325,2617.25,3706,3487.45,4310.25,5358.4,Maintain Status Quo,Iraq,IRQ,2020-06-17,v3
2020-07-28,hospital_demand,45731.825,59339,64210.5,62742.385,67366,72404.375,Maintain Status Quo,Iraq,IRQ,2020-06-17,v3
2020-07-28,ICU_demand,3102.575,3621.25,3904,3847.01,4078.25,4437.725,Maintain Status Quo,Iraq,IRQ,2020-06-17,v3
2020-07-28,infections,384384.6,479965.5,516620.5,507324.495,545109.75,581997.425,Maintain Status Quo,Iraq,IRQ,2020-06-17,v3
2020-07-28,Rt,1.62422472377756,1.68643916218338,1.71474358181231,1.71466655618932,1.74642661303374,1.80274767325511,Maintain Status Quo,Iraq,IRQ,2020-06-17,v3
2020-07-28,cumulative_infections,18841318.65,22096184.75,23788496,23524461.085,25006849.75,27076206.6,Relax Interventions 50%,Iraq,IRQ,2020-06-17,v3
2020-07-28,deaths,8939.575,9601.75,9972.5,9925.42,10303.75,10717.175,Relax Interventions 50%,Iraq,IRQ,2020-06-17,v3
2020-07-28,hospital_demand,89241.675,93480.5,95379,95126.245,96975.75,99350.525,Relax Interventions 50%,Iraq,IRQ,2020-06-17,v3
2020-07-28,ICU_demand,5172.75,5627,5834.5,5781.875,5965.75,6190.575,Relax Interventions 50%,Iraq,IRQ,2020-06-17,v3
2020-07-28,infections,551562.325,671737,744102.5,733431.7,803364,866154.725,Relax Interventions 50%,Iraq,IRQ,2020-06-17,v3
2020-07-28,Rt,2.1746629412744,2.25796141077355,2.2958579970896,2.29575486803031,2.33827818245917,2.41368604978424,Relax Interventions 50%,Iraq,IRQ,2020-06-17,v3
2020-07-28,cumulative_infections,1306034.4,1620472.25,1904856,1934968.44,2195547.75,2726622.25,Surged Additional 50% Reduction,Iraq,IRQ,2020-06-17,v3
2020-07-28,deaths,47.975,71.75,85.5,88.67,105,148.025,Surged Additional 50% Reduction,Iraq,IRQ,2020-06-17,v3
2020-07-28,hospital_demand,2791.675,3905.25,4768.5,4784.82,5447,7437.975,Surged Additional 50% Reduction,Iraq,IRQ,2020-06-17,v3
2020-07-28,ICU_demand,701.925,996.75,1223,1227.515,1408,1851.925,Surged Additional 50% Reduction,Iraq,IRQ,2020-06-17,v3
2020-07-28,infections,9316.075,13922.75,17188,17570.845,20429.5,28168.65,Surged Additional 50% Reduction,Iraq,IRQ,2020-06-17,v3
2020-07-28,Rt,0.806080275927038,0.841883997130944,0.854253299083001,0.85615387684856,0.874194637616486,0.89844000609921,Surged Additional 50% Reduction,Iraq,IRQ,2020-06-17,v3
2020-07-28,cumulative_infections,7543838.875,9886650.5,11401547.5,11338038.485,12628388.25,15374467.825,Surged Maintain Status Quo,Iraq,IRQ,2020-06-17,v3
2020-07-28,deaths,731.75,954,1103,1102.7,1252.5,1489.225,Surged Maintain Status Quo,Iraq,IRQ,2020-06-17,v3
2020-07-28,hospital_demand,46465.1,62126.25,70489,70019.54,78117.75,91706.35,Surged Maintain Status Quo,Iraq,IRQ,2020-06-17,v3
2020-07-28,ICU_demand,11274.35,15112.5,17363,17185.945,19180,22659.075,Surged Maintain Status Quo,Iraq,IRQ,2020-06-17,v3
2020-07-28,infections,362428.2,477015.5,510792.5,505960.79,550144.25,586166.75,Surged Maintain Status Quo,Iraq,IRQ,2020-06-17,v3
2020-07-28,Rt,1.61216055185408,1.68376799426189,1.708506598166,1.71230775369712,1.74838927523297,1.79688001219842,Surged Maintain Status Quo,Iraq,IRQ,2020-06-17,v3
2020-07-28,cumulative_infections,18813778.925,22083866,23677603,23421096.415,24871236.25,26969319.45,Surged Relax Interventions 50%,Iraq,IRQ,2020-06-17,v3
2020-07-28,deaths,1979.6,2349,2483.5,2452.38,2589,2718.525,Surged Relax Interventions 50%,Iraq,IRQ,2020-06-17,v3
2020-07-28,hospital_demand,125395.975,143843.75,147187,146118.14,151236,154930.075,Surged Relax Interventions 50%,Iraq,IRQ,2020-06-17,v3
2020-07-28,ICU_demand,30619,35462.5,36618.5,36212.025,37640.25,38652.175,Surged Relax Interventions 50%,Iraq,IRQ,2020-06-17,v3
2020-07-28,infections,564914.85,682179,740675,737977.555,807203.75,864581,Surged Relax Interventions 50%,Iraq,IRQ,2020-06-17,v3
2020-07-28,Rt,2.15851030721146,2.2543850030242,2.28750734400422,2.29259668413465,2.34090597693147,2.40582988008977,Surged Relax Interventions 50%,Iraq,IRQ,2020-06-17,v3
2020-07-29,cumulative_infections,1274202.025,1652842.75,1922399,1982263.605,2285797,2910838.075,Additional 50% Reduction,Iraq,IRQ,2020-06-17,v3
2020-07-29,deaths,49.95,71,83,84.165,98.25,124.075,Additional 50% Reduction,Iraq,IRQ,2020-06-17,v3
2020-07-29,hospital_demand,2607,3802,4642.5,4706.685,5488.75,7208.775,Additional 50% Reduction,Iraq,IRQ,2020-06-17,v3
2020-07-29,ICU_demand,700.45,966,1161.5,1144.105,1316,1509.1,Additional 50% Reduction,Iraq,IRQ,2020-06-17,v3
2020-07-29,infections,9074,13601.25,17147.5,17358.975,20238.5,27968.6,Additional 50% Reduction,Iraq,IRQ,2020-06-17,v3
2020-07-29,Rt,0.812112361888779,0.843219581091691,0.857371790906153,0.857333278094658,0.873213306516869,0.901373836627557,Additional 50% Reduction,Iraq,IRQ,2020-06-17,v3
2020-07-29,cumulative_infections,7790468.85,10345589,12071843.5,11963352.005,13435986.25,16108898.975,Maintain Status Quo,Iraq,IRQ,2020-06-17,v3
2020-07-29,deaths,1555.525,2847.75,3877.5,3666.12,4465.75,5412.175,Maintain Status Quo,Iraq,IRQ,2020-06-17,v3
2020-07-29,hospital_demand,47857.05,60656.25,65235,63765.25,67983.75,72368.625,Maintain Status Quo,Iraq,IRQ,2020-06-17,v3
2020-07-29,ICU_demand,3185.275,3682.75,3953,3890.79,4114.25,4391.075,Maintain Status Quo,Iraq,IRQ,2020-06-17,v3
2020-07-29,infections,393953.925,486162,518570,508697.15,545965.25,576766.225,Maintain Status Quo,Iraq,IRQ,2020-06-17,v3
2020-07-29,Rt,1.62422472377756,1.68643916218338,1.71474358181231,1.71466655618932,1.74642661303374,1.80274767325511,Maintain Status Quo,Iraq,IRQ,2020-06-17,v3
2020-07-29,cumulative_infections,19678934.575,22863991.25,24473633,24209123.115,25597539.75,27575643.825,Relax Interventions 50%,Iraq,IRQ,2020-06-17,v3
2020-07-29,deaths,8370,9289.25,9679.5,9614.225,9997,10562.6,Relax Interventions 50%,Iraq,IRQ,2020-06-17,v3
2020-07-29,hospital_demand,86138.8,91627.5,93789.5,93317.775,95465,98203.45,Relax Interventions 50%,Iraq,IRQ,2020-06-17,v3
2020-07-29,ICU_demand,4898.5,5441.25,5675.5,5610.865,5839.5,6042.075,Relax Interventions 50%,Iraq,IRQ,2020-06-17,v3
2020-07-29,infections,499437.225,616645.75,692511,684662.03,757914.25,837268.825,Relax Interventions 50%,Iraq,IRQ,2020-06-17,v3
2020-07-29,Rt,2.1746629412744,2.25796141077355,2.2958579970896,2.29575486803031,2.33827818245917,2.41368604978424,Relax Interventions 50%,Iraq,IRQ,2020-06-17,v3
2020-07-29,cumulative_infections,1318165.825,1634498.5,1921950,1952051.06,2215767.75,2753455.65,Surged Additional 50% Reduction,Iraq,IRQ,2020-06-17,v3
2020-07-29,deaths,44.975,70.75,86,86.555,100,135.2,Surged Additional 50% Reduction,Iraq,IRQ,2020-06-17,v3
2020-07-29,hospital_demand,2685.925,3795.75,4607.5,4655.32,5318.25,7281.275,Surged Additional 50% Reduction,Iraq,IRQ,2020-06-17,v3
2020-07-29,ICU_demand,686.975,974.75,1184,1194.975,1380.75,1824.05,Surged Additional 50% Reduction,Iraq,IRQ,2020-06-17,v3
2020-07-29,infections,9002.725,13625.5,16791.5,17082.62,19939.5,27216.025,Surged Additional 50% Reduction,Iraq,IRQ,2020-06-17,v3
2020-07-29,Rt,0.806080275927038,0.841883997130944,0.854253299083001,0.85615387684856,0.874194637616486,0.89844000609921,Surged Additional 50% Reduction,Iraq,IRQ,2020-06-17,v3
2020-07-29,cumulative_infections,7937633.25,10350944,11921102,11845636.365,13165847.75,15925458.375,Surged Maintain Status Quo,Iraq,IRQ,2020-06-17,v3
2020-07-29,deaths,747.825,998,1164.5,1144.305,1286.25,1528.4,Surged Maintain Status Quo,Iraq,IRQ,2020-06-17,v3
2020-07-29,hospital_demand,48269.575,64629.5,72655.5,72204.74,80212.5,93050.1,Surged Maintain Status Quo,Iraq,IRQ,2020-06-17,v3
2020-07-29,ICU_demand,11757.325,15755,17919.5,17743.585,19739.25,23014.125,Surged Maintain Status Quo,Iraq,IRQ,2020-06-17,v3
2020-07-29,infections,373200.9,482375,512766,507597.88,549099.75,581336.35,Surged Maintain Status Quo,Iraq,IRQ,2020-06-17,v3
2020-07-29,Rt,1.61216055185408,1.68376799426189,1.708506598166,1.71230775369712,1.74838927523297,1.79688001219842,Surged Maintain Status Quo,Iraq,IRQ,2020-06-17,v3
2020-07-29,cumulative_infections,19597308.975,22830614.75,24334266.5,24110472.685,25527997.75,27490062.2,Surged Relax Interventions 50%,Iraq,IRQ,2020-06-17,v3
2020-07-29,deaths,2054.825,2413.5,2501,2489.91,2610,2767.5,Surged Relax Interventions 50%,Iraq,IRQ,2020-06-17,v3
2020-07-29,hospital_demand,128769.025,143759.5,146575.5,145731.84,149344.5,153382.25,Surged Relax Interventions 50%,Iraq,IRQ,2020-06-17,v3
2020-07-29,ICU_demand,31695.325,35618.25,36569,36227.955,37272,38337.4,Surged Relax Interventions 50%,Iraq,IRQ,2020-06-17,v3
2020-07-29,infections,510855.175,628578.75,684587.5,689376.27,760627.5,833060.2,Surged Relax Interventions 50%,Iraq,IRQ,2020-06-17,v3
2020-07-29,Rt,2.15851030721146,2.2543850030242,2.28750734400422,2.29259668413465,2.34090597693147,2.40582988008977,Surged Relax Interventions 50%,Iraq,IRQ,2020-06-17,v3
2020-07-30,cumulative_infections,1282768.575,1666431.25,1939662.5,1999125.73,2304494.5,2938353.575,Additional 50% Reduction,Iraq,IRQ,2020-06-17,v3
2020-07-30,deaths,46.975,67,81,81.905,94.25,127.025,Additional 50% Reduction,Iraq,IRQ,2020-06-17,v3
2020-07-30,hospital_demand,2568.95,3684.75,4515.5,4576.635,5355.75,7034.325,Additional 50% Reduction,Iraq,IRQ,2020-06-17,v3
2020-07-30,ICU_demand,659.925,945.5,1135,1120.93,1297,1508.1,Additional 50% Reduction,Iraq,IRQ,2020-06-17,v3
2020-07-30,infections,8763.35,13303.5,16677.5,16862.125,19585.5,27171.975,Additional 50% Reduction,Iraq,IRQ,2020-06-17,v3
2020-07-30,Rt,0.812112361888779,0.843219581091691,0.857371790906153,0.857333278094658,0.873213306516869,0.901373836627557,Additional 50% Reduction,Iraq,IRQ,2020-06-17,v3
2020-07-30,cumulative_infections,8189183.825,10849203.5,12602836.5,12471558.53,13959078.25,16651168.475,Maintain Status Quo,Iraq,IRQ,2020-06-17,v3
2020-07-30,deaths,1624.875,3198,4068,3835.24,4548.75,5479.2,Maintain Status Quo,Iraq,IRQ,2020-06-17,v3
2020-07-30,hospital_demand,49910.325,61919,65964.5,64600.895,68457,72332.525,Maintain Status Quo,Iraq,IRQ,2020-06-17,v3
2020-07-30,ICU_demand,3277.95,3747.25,3968.5,3923.33,4148.75,4402.4,Maintain Status Quo,Iraq,IRQ,2020-06-17,v3
2020-07-30,infections,403704.225,489719,516739.5,508206.525,540142.25,572201.375,Maintain Status Quo,Iraq,IRQ,2020-06-17,v3
2020-07-30,Rt,1.62422472377756,1.68643916218338,1.71474358181231,1.71466655618932,1.74642661303374,1.80274767325511,Maintain Status Quo,Iraq,IRQ,2020-06-17,v3
2020-07-30,cumulative_infections,20482386.775,23585134,25111850.5,24844862.545,26162477.5,28025151.8,Relax Interventions 50%,Iraq,IRQ,2020-06-17,v3
2020-07-30,deaths,7691.85,8820,9350.5,9221.68,9719.75,10259.575,Relax Interventions 50%,Iraq,IRQ,2020-06-17,v3
2020-07-30,hospital_demand,82370.85,88859.25,92013.5,91120.135,93812,96400.8,Relax Interventions 50%,Iraq,IRQ,2020-06-17,v3
2020-07-30,ICU_demand,4625.975,5194,5481.5,5422.06,5708.5,5905.55,Relax Interventions 50%,Iraq,IRQ,2020-06-17,v3
2020-07-30,infections,449507.975,563730.25,637769,635739.43,709477.25,803337.35,Relax Interventions 50%,Iraq,IRQ,2020-06-17,v3
2020-07-30,Rt,2.1746629412744,2.25796141077355,2.2958579970896,2.29575486803031,2.33827818245917,2.41368604978424,Relax Interventions 50%,Iraq,IRQ,2020-06-17,v3
2020-07-30,cumulative_infections,1329827.05,1648133,1938940.5,1968632.385,2235622.75,2779327.3,Surged Additional 50% Reduction,Iraq,IRQ,2020-06-17,v3
2020-07-30,deaths,49,68,83,84.77,97,134.075,Surged Additional 50% Reduction,Iraq,IRQ,2020-06-17,v3
2020-07-30,hospital_demand,2601.75,3683.75,4489,4528.93,5192.75,7118.575,Surged Additional 50% Reduction,Iraq,IRQ,2020-06-17,v3
2020-07-30,ICU_demand,647.975,943.75,1152,1160.63,1343,1762.2,Surged Additional 50% Reduction,Iraq,IRQ,2020-06-17,v3
2020-07-30,infections,8469.05,13155.5,16188.5,16581.325,19395.75,26481.1,Surged Additional 50% Reduction,Iraq,IRQ,2020-06-17,v3
2020-07-30,Rt,0.806080275927038,0.841883997130944,0.854253299083001,0.85615387684856,0.874194637616486,0.89844000609921,Surged Additional 50% Reduction,Iraq,IRQ,2020-06-17,v3
2020-07-30,cumulative_infections,8340039.275,10820587.5,12455978.5,12353047.555,13700556,16462598.25,Surged Maintain Status Quo,Iraq,IRQ,2020-06-17,v3
2020-07-30,deaths,788.875,1049.75,1182.5,1186.425,1335.5,1590.2,Surged Maintain Status Quo,Iraq,IRQ,2020-06-17,v3
2020-07-30,hospital_demand,50077.7,66824.5,74668.5,74239.625,82191.75,94104.15,Surged Maintain Status Quo,Iraq,IRQ,2020-06-17,v3
2020-07-30,ICU_demand,12127.85,16369,18459.5,18266.225,20273.75,23382.45,Surged Maintain Status Quo,Iraq,IRQ,2020-06-17,v3
2020-07-30,infections,383157.325,486888.5,511706.5,507411.19,543355,571886.25,Surged Maintain Status Quo,Iraq,IRQ,2020-06-17,v3
2020-07-30,Rt,1.61216055185408,1.68376799426189,1.708506598166,1.71230775369712,1.74838927523297,1.79688001219842,Surged Maintain Status Quo,Iraq,IRQ,2020-06-17,v3
2020-07-30,cumulative_infections,20349920.125,23533013.5,24964005.5,24751020.59,26126997.5,27952497.45,Surged Relax Interventions 50%,Iraq,IRQ,2020-06-17,v3
2020-07-30,deaths,2126.825,2435.75,2529.5,2503.945,2600.25,2735.05,Surged Relax Interventions 50%,Iraq,IRQ,2020-06-17,v3
2020-07-30,hospital_demand,131663.8,142593.75,145161.5,144483.48,147314.5,151307.075,Surged Relax Interventions 50%,Iraq,IRQ,2020-06-17,v3
2020-07-30,ICU_demand,32599.275,35541,36210.5,36035.265,36817.25,37842.025,Surged Relax Interventions 50%,Iraq,IRQ,2020-06-17,v3
2020-07-30,infections,461817.275,577492,632588.5,640547.905,709932.25,795589.15,Surged Relax Interventions 50%,Iraq,IRQ,2020-06-17,v3
2020-07-30,Rt,2.15851030721146,2.2543850030242,2.28750734400422,2.29259668413465,2.34090597693147,2.40582988008977,Surged Relax Interventions 50%,Iraq,IRQ,2020-06-17,v3
2020-07-31,cumulative_infections,1291203.325,1679902.5,1956415.5,2015522.28,2322222,2964632.375,Additional 50% Reduction,Iraq,IRQ,2020-06-17,v3
2020-07-31,deaths,46.975,65,78,79.765,92,121.025,Additional 50% Reduction,Iraq,IRQ,2020-06-17,v3
2020-07-31,hospital_demand,2441.6,3575.75,4415.5,4457.38,5197.25,6860.6,Additional 50% Reduction,Iraq,IRQ,2020-06-17,v3
2020-07-31,ICU_demand,640.525,917.5,1107.5,1095.24,1272,1493,Additional 50% Reduction,Iraq,IRQ,2020-06-17,v3
2020-07-31,infections,8577.25,12866,16186,16396.55,19085.5,26521.05,Additional 50% Reduction,Iraq,IRQ,2020-06-17,v3
2020-07-31,Rt,0.812112361888779,0.843219581091691,0.857371790906153,0.857333278094658,0.873213306516869,0.901373836627557,Additional 50% Reduction,Iraq,IRQ,2020-06-17,v3
2020-07-31,cumulative_infections,8595251.6,11356408.5,13133317.5,12977645.925,14479226.75,17177356.475,Maintain Status Quo,Iraq,IRQ,2020-06-17,v3
2020-07-31,deaths,1677.875,3396.75,4147,3949.805,4614,5382.825,Maintain Status Quo,Iraq,IRQ,2020-06-17,v3
2020-07-31,hospital_demand,51903.6,62909.75,66408,65292.695,68867,72043.05,Maintain Status Quo,Iraq,IRQ,2020-06-17,v3
2020-07-31,ICU_demand,3293.775,3786.5,3987.5,3942.84,4154.75,4374.05,Maintain Status Quo,Iraq,IRQ,2020-06-17,v3
2020-07-31,infections,411581.95,492427.5,512325,506087.395,532518.75,560747.875,Maintain Status Quo,Iraq,IRQ,2020-06-17,v3
2020-07-31,Rt,1.62422472377756,1.68643916218338,1.71474358181231,1.71466655618932,1.74642661303374,1.80274767325511,Maintain Status Quo,Iraq,IRQ,2020-06-17,v3
2020-07-31,cumulative_infections,21262214.775,24256532.5,25709328.5,25432131.015,26679047.5,28430313.3,Relax Interventions 50%,Iraq,IRQ,2020-06-17,v3
2020-07-31,deaths,6949.725,8206.25,8918,8741.38,9337.5,9889.55,Relax Interventions 50%,Iraq,IRQ,2020-06-17,v3
2020-07-31,hospital_demand,78675.325,85802.75,89645.5,88617.145,91922.75,94297.675,Relax Interventions 50%,Iraq,IRQ,2020-06-17,v3
2020-07-31,ICU_demand,4436.8,4965.5,5269,5215.865,5509.5,5796.025,Relax Interventions 50%,Iraq,IRQ,2020-06-17,v3
2020-07-31,infections,405161.5,513421.75,583370,587268.47,662505.5,766110.4,Relax Interventions 50%,Iraq,IRQ,2020-06-17,v3
2020-07-31,Rt,2.1746629412744,2.25796141077355,2.2958579970896,2.29575486803031,2.33827818245917,2.41368604978424,Relax Interventions 50%,Iraq,IRQ,2020-06-17,v3
2020-07-31,cumulative_infections,1341295.925,1661357.75,1955498.5,1984737.22,2254801.75,2804552,Surged Additional 50% Reduction,Iraq,IRQ,2020-06-17,v3
2020-07-31,deaths,42.975,66.75,80,81.015,95,124.025,Surged Additional 50% Reduction,Iraq,IRQ,2020-06-17,v3
2020-07-31,hospital_demand,2525.975,3582,4353,4409.1,5046.25,6930.975,Surged Additional 50% Reduction,Iraq,IRQ,2020-06-17,v3
2020-07-31,ICU_demand,634.9,920.75,1121.5,1129.005,1293.25,1714.3,Surged Additional 50% Reduction,Iraq,IRQ,2020-06-17,v3
2020-07-31,infections,8218.35,12807,15693.5,16104.835,18916.5,26130.175,Surged Additional 50% Reduction,Iraq,IRQ,2020-06-17,v3
2020-07-31,Rt,0.806080275927038,0.841883997130944,0.854253299083001,0.85615387684856,0.874194637616486,0.89844000609921,Surged Additional 50% Reduction,Iraq,IRQ,2020-06-17,v3
2020-07-31,cumulative_infections,8750554.475,11295467.75,12985131,12858581.74,14249672,16986197.025,Surged Maintain Status Quo,Iraq,IRQ,2020-06-17,v3
2020-07-31,deaths,794,1091.75,1225.5,1223.75,1365.25,1608.325,Surged Maintain Status Quo,Iraq,IRQ,2020-06-17,v3
2020-07-31,hospital_demand,51588.25,68958.75,76544,76093.89,83952.25,94919.2,Surged Maintain Status Quo,Iraq,IRQ,2020-06-17,v3
2020-07-31,ICU_demand,12623.9,16964.25,18886.5,18748.675,20747.5,23577,Surged Maintain Status Quo,Iraq,IRQ,2020-06-17,v3
2020-07-31,infections,392986.375,488946,510393.5,505534.185,534915.5,563644.45,Surged Maintain Status Quo,Iraq,IRQ,2020-06-17,v3
2020-07-31,Rt,1.61216055185408,1.68376799426189,1.708506598166,1.71230775369712,1.74838927523297,1.79688001219842,Surged Maintain Status Quo,Iraq,IRQ,2020-06-17,v3
2020-07-31,cumulative_infections,21067097.1,24198900,25554638,25343021.94,26660622.25,28367433.175,Surged Relax Interventions 50%,Iraq,IRQ,2020-06-17,v3
2020-07-31,deaths,2182.925,2447,2521,2504.315,2586.5,2691.075,Surged Relax Interventions 50%,Iraq,IRQ,2020-06-17,v3
2020-07-31,hospital_demand,133925.2,140118,142796.5,142407.61,145139.5,149095.3,Surged Relax Interventions 50%,Iraq,IRQ,2020-06-17,v3
2020-07-31,ICU_demand,33184.55,35100.25,35779,35645.22,36357.5,37304.25,Surged Relax Interventions 50%,Iraq,IRQ,2020-06-17,v3
2020-07-31,infections,414489.95,527934.5,582079.5,592001.35,659847,745963.55,Surged Relax Interventions 50%,Iraq,IRQ,2020-06-17,v3
2020-07-31,Rt,2.15851030721146,2.2543850030242,2.28750734400422,2.29259668413465,2.34090597693147,2.40582988008977,Surged Relax Interventions 50%,Iraq,IRQ,2020-06-17,v3
2020-08-01,cumulative_infections,1299259.65,1693412.75,1972557.5,2031420.95,2338687.75,2989741.9,Additional 50% Reduction,Iraq,IRQ,2020-06-17,v3
2020-08-01,deaths,41.975,63.75,79,78.055,91,117.05,Additional 50% Reduction,Iraq,IRQ,2020-06-17,v3
2020-08-01,hospital_demand,2386.95,3490.5,4298,4338.125,5049.75,6680.95,Additional 50% Reduction,Iraq,IRQ,2020-06-17,v3
2020-08-01,ICU_demand,627.5,881,1084,1071.25,1235,1475.1,Additional 50% Reduction,Iraq,IRQ,2020-06-17,v3
2020-08-01,infections,8220.75,12506.25,15629,15898.67,18498.5,25629.2,Additional 50% Reduction,Iraq,IRQ,2020-06-17,v3
2020-08-01,Rt,0.812112361888779,0.843219581091691,0.857371790906153,0.857333278094658,0.873213306516869,0.901373836627557,Additional 50% Reduction,Iraq,IRQ,2020-06-17,v3
2020-08-01,cumulative_infections,9011838.775,11842398.25,13642112.5,13479753.91,14987848.75,17686629.5,Maintain Status Quo,Iraq,IRQ,2020-06-17,v3
2020-08-01,deaths,1762.775,3570.5,4230,4063.335,4729.5,5321.675,Maintain Status Quo,Iraq,IRQ,2020-06-17,v3
2020-08-01,hospital_demand,53920.65,63647.75,66923,65827.56,69130,72024.2,Maintain Status Quo,Iraq,IRQ,2020-06-17,v3
2020-08-01,ICU_demand,3368.975,3833,4014,3966.685,4149.75,4369.075,Maintain Status Quo,Iraq,IRQ,2020-06-17,v3
2020-08-01,infections,418491.9,489282.25,506867.5,502107.985,525069.75,553180.35,Maintain Status Quo,Iraq,IRQ,2020-06-17,v3
2020-08-01,Rt,1.62422472377756,1.68643916218338,1.71474358181231,1.71466655618932,1.74642661303374,1.80274767325511,Maintain Status Quo,Iraq,IRQ,2020-06-17,v3
2020-08-01,cumulative_infections,22001485.575,24877937,26236678,25972100.915,27136354.75,28792829.625,Relax Interventions 50%,Iraq,IRQ,2020-06-17,v3
2020-08-01,deaths,6118.35,7608,8419.5,8224.815,8962.25,9483.4,Relax Interventions 50%,Iraq,IRQ,2020-06-17,v3
2020-08-01,hospital_demand,74737.425,82478.25,86891,85849,90074.75,92913.975,Relax Interventions 50%,Iraq,IRQ,2020-06-17,v3
2020-08-01,ICU_demand,4136.75,4702.5,5035.5,4991.06,5329.25,5678.15,Relax Interventions 50%,Iraq,IRQ,2020-06-17,v3
2020-08-01,infections,362516.325,466205,533324.5,539969.9,613669,727590.275,Relax Interventions 50%,Iraq,IRQ,2020-06-17,v3
2020-08-01,Rt,2.1746629412744,2.25796141077355,2.2958579970896,2.29575486803031,2.33827818245917,2.41368604978424,Relax Interventions 50%,Iraq,IRQ,2020-06-17,v3
2020-08-01,cumulative_infections,1352341.625,1674420.25,1970695,2000384.685,2273434.75,2829133.575,Surged Additional 50% Reduction,Iraq,IRQ,2020-06-17,v3
2020-08-01,deaths,41,62,76.5,78.41,91,125.025,Surged Additional 50% Reduction,Iraq,IRQ,2020-06-17,v3
2020-08-01,hospital_demand,2435.85,3482,4244.5,4285.905,4949.75,6777.575,Surged Additional 50% Reduction,Iraq,IRQ,2020-06-17,v3
2020-08-01,ICU_demand,624.475,891.75,1089.5,1099.69,1276.25,1682.7,Surged Additional 50% Reduction,Iraq,IRQ,2020-06-17,v3
2020-08-01,infections,8180.525,12454.5,15240,15647.465,18326,25326.15,Surged Additional 50% Reduction,Iraq,IRQ,2020-06-17,v3
2020-08-01,Rt,0.806080275927038,0.841883997130944,0.854253299083001,0.85615387684856,0.874194637616486,0.89844000609921,Surged Additional 50% Reduction,Iraq,IRQ,2020-06-17,v3
2020-08-01,cumulative_infections,9168503.125,11796022.75,13502848,13360578.915,14792341.25,17492510.625,Surged Maintain Status Quo,Iraq,IRQ,2020-06-17,v3
2020-08-01,deaths,842.325,1132,1263.5,1263.3,1421.25,1637.075,Surged Maintain Status Quo,Iraq,IRQ,2020-06-17,v3
2020-08-01,hospital_demand,53465.775,70878,78529,77777.685,85640.25,95512.825,Surged Maintain Status Quo,Iraq,IRQ,2020-06-17,v3
2020-08-01,ICU_demand,13062.3,17461.25,19350,19185.82,21175.75,23736.1,Surged Maintain Status Quo,Iraq,IRQ,2020-06-17,v3
2020-08-01,infections,402764.5,487755.75,506591,501997.175,527657,555132.625,Surged Maintain Status Quo,Iraq,IRQ,2020-06-17,v3
2020-08-01,Rt,1.61216055185408,1.68376799426189,1.708506598166,1.71230775369712,1.74838927523297,1.79688001219842,Surged Maintain Status Quo,Iraq,IRQ,2020-06-17,v3
2020-08-01,cumulative_infections,21748676.275,24818358.75,26086556,25887593.29,27145934,28744193.325,Surged Relax Interventions 50%,Iraq,IRQ,2020-06-17,v3
2020-08-01,deaths,2219.675,2439.75,2498,2493.04,2561.25,2664.1,Surged Relax Interventions 50%,Iraq,IRQ,2020-06-17,v3
2020-08-01,hospital_demand,130508.35,137188,139846.5,139554.125,142825,147166.75,Surged Relax Interventions 50%,Iraq,IRQ,2020-06-17,v3
2020-08-01,ICU_demand,32844.425,34458.25,35118.5,35054.32,35746,36799.075,Surged Relax Interventions 50%,Iraq,IRQ,2020-06-17,v3
2020-08-01,infections,370605.225,480641,532002.5,544571.35,610319.25,703437.65,Surged Relax Interventions 50%,Iraq,IRQ,2020-06-17,v3
2020-08-01,Rt,2.15851030721146,2.2543850030242,2.28750734400422,2.29259668413465,2.34090597693147,2.40582988008977,Surged Relax Interventions 50%,Iraq,IRQ,2020-06-17,v3
2020-08-02,cumulative_infections,1307242.875,1706820.5,1988371.5,2046865.395,2354254.75,3014039.725,Additional 50% Reduction,Iraq,IRQ,2020-06-17,v3
2020-08-02,deaths,40,63,76,76.62,90,114.25,Additional 50% Reduction,Iraq,IRQ,2020-06-17,v3
2020-08-02,hospital_demand,2329.225,3387,4171,4219.315,4899.5,6506.2,Additional 50% Reduction,Iraq,IRQ,2020-06-17,v3
2020-08-02,ICU_demand,599.975,867.75,1050.5,1046.89,1217,1458.45,Additional 50% Reduction,Iraq,IRQ,2020-06-17,v3
2020-08-02,infections,7983.225,12171,15312,15444.445,17930.25,24868.65,Additional 50% Reduction,Iraq,IRQ,2020-06-17,v3
2020-08-02,Rt,0.812112361888779,0.843219581091691,0.857371790906153,0.857333278094658,0.873213306516869,0.901373836627557,Additional 50% Reduction,Iraq,IRQ,2020-06-17,v3
2020-08-02,cumulative_infections,9440763.025,12312791,14144917,13976334.945,15496015,18176647.925,Maintain Status Quo,Iraq,IRQ,2020-06-17,v3
2020-08-02,deaths,1965.075,3719.5,4326,4137.1,4732.75,5213.7,Maintain Status Quo,Iraq,IRQ,2020-06-17,v3
2020-08-02,hospital_demand,55785.625,64338,67042,66206.355,69196,71674.175,Maintain Status Quo,Iraq,IRQ,2020-06-17,v3
2020-08-02,ICU_demand,3409.45,3851,4000,3970.385,4151.5,4330.125,Maintain Status Quo,Iraq,IRQ,2020-06-17,v3
2020-08-02,infections,424875.4,483459.75,500233,496581.035,517554,547612.35,Maintain Status Quo,Iraq,IRQ,2020-06-17,v3
2020-08-02,Rt,1.62422472377756,1.68643916218338,1.71474358181231,1.71466655618932,1.74642661303374,1.80274767325511,Maintain Status Quo,Iraq,IRQ,2020-06-17,v3
2020-08-02,cumulative_infections,22698591.45,25451168,26735185,26466615.995,27552136.75,29138876.825,Relax Interventions 50%,Iraq,IRQ,2020-06-17,v3
2020-08-02,deaths,5552.925,6965,7841,7663.405,8478.5,9186.75,Relax Interventions 50%,Iraq,IRQ,2020-06-17,v3
2020-08-02,hospital_demand,71011.625,79073,83628,82861.2,87368.25,90791.525,Relax Interventions 50%,Iraq,IRQ,2020-06-17,v3
2020-08-02,ICU_demand,3875.25,4463.75,4769,4760.16,5085.5,5496.225,Relax Interventions 50%,Iraq,IRQ,2020-06-17,v3
2020-08-02,infections,322654.025,421773.5,486512.5,494515.08,565265.25,684623.375,Relax Interventions 50%,Iraq,IRQ,2020-06-17,v3
2020-08-02,Rt,2.1746629412744,2.25796141077355,2.2958579970896,2.29575486803031,2.33827818245917,2.41368604978424,Relax Interventions 50%,Iraq,IRQ,2020-06-17,v3
2020-08-02,cumulative_infections,1362928.95,1687024.75,1986574.5,2015591.815,2292196.5,2853161.375,Surged Additional 50% Reduction,Iraq,IRQ,2020-06-17,v3
2020-08-02,deaths,40,60,75.5,75.735,89.25,118.1,Surged Additional 50% Reduction,Iraq,IRQ,2020-06-17,v3
2020-08-02,hospital_demand,2375.525,3370.75,4132,4166.92,4829.25,6640.05,Surged Additional 50% Reduction,Iraq,IRQ,2020-06-17,v3
2020-08-02,ICU_demand,604.9,868.75,1060.5,1070.555,1252.25,1638.525,Surged Additional 50% Reduction,Iraq,IRQ,2020-06-17,v3
2020-08-02,infections,7747.975,11975.25,14774,15207.13,17919.25,24556.95,Surged Additional 50% Reduction,Iraq,IRQ,2020-06-17,v3
2020-08-02,Rt,0.806080275927038,0.841883997130944,0.854253299083001,0.85615387684856,0.874194637616486,0.89844000609921,Surged Additional 50% Reduction,Iraq,IRQ,2020-06-17,v3
2020-08-02,cumulative_infections,9574392.025,12300568.25,14002657,13857341.745,15311448,17980931.475,Surged Maintain Status Quo,Iraq,IRQ,2020-06-17,v3
2020-08-02,deaths,866.975,1163,1283.5,1292.23,1437.75,1637.125,Surged Maintain Status Quo,Iraq,IRQ,2020-06-17,v3
2020-08-02,hospital_demand,55328.875,72868,80181.5,79253.525,87121.5,95633.4,Surged Maintain Status Quo,Iraq,IRQ,2020-06-17,v3
2020-08-02,ICU_demand,13508.05,17935.25,19755,19584.745,21517.75,23825.125,Surged Maintain Status Quo,Iraq,IRQ,2020-06-17,v3
2020-08-02,infections,409418.15,483751,499670.5,496762.83,518018.25,546231.4,Surged Maintain Status Quo,Iraq,IRQ,2020-06-17,v3
2020-08-02,Rt,1.61216055185408,1.68376799426189,1.708506598166,1.71230775369712,1.74838927523297,1.79688001219842,Surged Maintain Status Quo,Iraq,IRQ,2020-06-17,v3
2020-08-02,cumulative_infections,22391581.5,25388390.75,26572412,26386382.05,27575046.25,29086225,Surged Relax Interventions 50%,Iraq,IRQ,2020-06-17,v3
2020-08-02,deaths,2314.6,2413,2463,2462.12,2518.25,2611,Surged Relax Interventions 50%,Iraq,IRQ,2020-06-17,v3
2020-08-02,hospital_demand,124956.475,133267.25,136913.5,136001.77,139547.5,144357.525,Surged Relax Interventions 50%,Iraq,IRQ,2020-06-17,v3
2020-08-02,ICU_demand,31970.65,33724.75,34336.5,34286.46,35104.75,36103.35,Surged Relax Interventions 50%,Iraq,IRQ,2020-06-17,v3
2020-08-02,infections,331184.575,435280.5,486492.5,498788.76,561930.25,660940.225,Surged Relax Interventions 50%,Iraq,IRQ,2020-06-17,v3
2020-08-02,Rt,2.15851030721146,2.2543850030242,2.28750734400422,2.29259668413465,2.34090597693147,2.40582988008977,Surged Relax Interventions 50%,Iraq,IRQ,2020-06-17,v3
2020-08-03,cumulative_infections,1314814.175,1720397.5,2003709.5,2061862.495,2369026.5,3037629.75,Additional 50% Reduction,Iraq,IRQ,2020-06-17,v3
2020-08-03,deaths,39.975,61.75,72,74.34,88,114.025,Additional 50% Reduction,Iraq,IRQ,2020-06-17,v3
2020-08-03,hospital_demand,2245.325,3277,4056.5,4103.385,4757.75,6395.275,Additional 50% Reduction,Iraq,IRQ,2020-06-17,v3
2020-08-03,ICU_demand,578.975,844.5,1026,1022.535,1186.75,1447.05,Additional 50% Reduction,Iraq,IRQ,2020-06-17,v3
2020-08-03,infections,7768.8,11744.75,14807.5,14997.1,17430.25,24289.8,Additional 50% Reduction,Iraq,IRQ,2020-06-17,v3
2020-08-03,Rt,0.812112361888779,0.843219581091691,0.857371790906153,0.857333278094658,0.873213306516869,0.901373836627557,Additional 50% Reduction,Iraq,IRQ,2020-06-17,v3
2020-08-03,cumulative_infections,9874069.225,12796669.5,14616324.5,14465786.09,16008890.5,18647839.325,Maintain Status Quo,Iraq,IRQ,2020-06-17,v3
2020-08-03,deaths,2223.025,3840.5,4361.5,4188.97,4730.25,5234.6,Maintain Status Quo,Iraq,IRQ,2020-06-17,v3
2020-08-03,hospital_demand,57232.975,64888.5,67220.5,66413.015,69129.25,71564.45,Maintain Status Quo,Iraq,IRQ,2020-06-17,v3
2020-08-03,ICU_demand,3398.8,3877.5,4010,3971.425,4122,4262.2,Maintain Status Quo,Iraq,IRQ,2020-06-17,v3
2020-08-03,infections,425773.35,474863.25,492179,489451.145,509630.25,541198.425,Maintain Status Quo,Iraq,IRQ,2020-06-17,v3
2020-08-03,Rt,1.62422472377756,1.68643916218338,1.71474358181231,1.71466655618932,1.74642661303374,1.80274767325511,Maintain Status Quo,Iraq,IRQ,2020-06-17,v3
2020-08-03,cumulative_infections,23352591.85,25978121.75,27188657,26917576.14,27944048,29439093.925,Relax Interventions 50%,Iraq,IRQ,2020-06-17,v3
2020-08-03,deaths,4671.15,6274.25,7216.5,7059.66,7957,8768.125,Relax Interventions 50%,Iraq,IRQ,2020-06-17,v3
2020-08-03,hospital_demand,67439.175,75647.25,80297,79737.005,84624.25,88960.425,Relax Interventions 50%,Iraq,IRQ,2020-06-17,v3
2020-08-03,ICU_demand,3635.475,4198,4562.5,4527.93,4887.5,5321.15,Relax Interventions 50%,Iraq,IRQ,2020-06-17,v3
2020-08-03,infections,287905.775,381060.75,441661,450960.145,516219.75,640487.6,Relax Interventions 50%,Iraq,IRQ,2020-06-17,v3
2020-08-03,Rt,2.1746629412744,2.25796141077355,2.2958579970896,2.29575486803031,2.33827818245917,2.41368604978424,Relax Interventions 50%,Iraq,IRQ,2020-06-17,v3
2020-08-03,cumulative_infections,1373507.55,1699381.5,2002303,2030349.43,2309849,2876233.975,Surged Additional 50% Reduction,Iraq,IRQ,2020-06-17,v3
2020-08-03,deaths,39,60,74,75.44,89,119.05,Surged Additional 50% Reduction,Iraq,IRQ,2020-06-17,v3
2020-08-03,hospital_demand,2282.775,3280.5,4017.5,4051.605,4683,6447.475,Surged Additional 50% Reduction,Iraq,IRQ,2020-06-17,v3
2020-08-03,ICU_demand,584.825,847.75,1028.5,1042.165,1215.5,1618.1,Surged Additional 50% Reduction,Iraq,IRQ,2020-06-17,v3
2020-08-03,infections,7346.275,11608,14374.5,14757.615,17307.75,24018.25,Surged Additional 50% Reduction,Iraq,IRQ,2020-06-17,v3
2020-08-03,Rt,0.806080275927038,0.841883997130944,0.854253299083001,0.85615387684856,0.874194637616486,0.89844000609921,Surged Additional 50% Reduction,Iraq,IRQ,2020-06-17,v3
2020-08-03,cumulative_infections,9968274.575,12807765,14496755,14347231.99,15818842.5,18451972.45,Surged Maintain Status Quo,Iraq,IRQ,2020-06-17,v3
2020-08-03,deaths,890.9,1207,1326,1323.99,1464.75,1679.75,Surged Maintain Status Quo,Iraq,IRQ,2020-06-17,v3
2020-08-03,hospital_demand,56924.525,74880.5,81202,80517.855,87911.25,96062.425,Surged Maintain Status Quo,Iraq,IRQ,2020-06-17,v3
2020-08-03,ICU_demand,14018.575,18455.75,20138.5,19936.475,21741.5,23818.325,Surged Maintain Status Quo,Iraq,IRQ,2020-06-17,v3
2020-08-03,infections,416672.2,476636.25,493260.5,489890.245,508104.5,534076.675,Surged Maintain Status Quo,Iraq,IRQ,2020-06-17,v3
2020-08-03,Rt,1.61216055185408,1.68376799426189,1.708506598166,1.71230775369712,1.74838927523297,1.79688001219842,Surged Maintain Status Quo,Iraq,IRQ,2020-06-17,v3
2020-08-03,cumulative_infections,22996101.125,25915271.5,27014931.5,26841566.43,27980706,29375052.7,Surged Relax Interventions 50%,Iraq,IRQ,2020-06-17,v3
2020-08-03,deaths,2256.575,2359.75,2424,2422.975,2491.25,2566.025,Surged Relax Interventions 50%,Iraq,IRQ,2020-06-17,v3
2020-08-03,hospital_demand,118493.075,128287.5,132867,131831.975,136295.25,140599,Surged Relax Interventions 50%,Iraq,IRQ,2020-06-17,v3
2020-08-03,ICU_demand,30513.075,32683,33566,33375.695,34282.5,35444.125,Surged Relax Interventions 50%,Iraq,IRQ,2020-06-17,v3
2020-08-03,infections,295824.05,393592.5,441915,455184.38,515642.5,621590.2,Surged Relax Interventions 50%,Iraq,IRQ,2020-06-17,v3
2020-08-03,Rt,2.15851030721146,2.2543850030242,2.28750734400422,2.29259668413465,2.34090597693147,2.40582988008977,Surged Relax Interventions 50%,Iraq,IRQ,2020-06-17,v3
2020-08-04,cumulative_infections,1322257.5,1731898.75,2018788.5,2076422.785,2386317,3060561.225,Additional 50% Reduction,Iraq,IRQ,2020-06-17,v3
2020-08-04,deaths,36.95,59,71,72.86,84.25,116.05,Additional 50% Reduction,Iraq,IRQ,2020-06-17,v3
2020-08-04,hospital_demand,2170.35,3199.75,3956.5,3990.845,4633.5,6157.05,Additional 50% Reduction,Iraq,IRQ,2020-06-17,v3
2020-08-04,ICU_demand,556.9,820.5,1004.5,998.6,1159.75,1422.15,Additional 50% Reduction,Iraq,IRQ,2020-06-17,v3
2020-08-04,infections,7443.325,11337,14390,14560.29,17036.25,23610.15,Additional 50% Reduction,Iraq,IRQ,2020-06-17,v3
2020-08-04,Rt,0.812112361888779,0.843219581091691,0.857371790906153,0.857333278094658,0.873213306516869,0.901373836627557,Additional 50% Reduction,Iraq,IRQ,2020-06-17,v3
2020-08-04,cumulative_infections,10312639.35,13289678.5,15080594,14946568,16487379.25,19099163.5,Maintain Status Quo,Iraq,IRQ,2020-06-17,v3
2020-08-04,deaths,2490.825,3939.5,4398,4224.995,4701.75,5148.375,Maintain Status Quo,Iraq,IRQ,2020-06-17,v3
2020-08-04,hospital_demand,58336.075,65164.75,67242.5,66484.11,68893.5,71119.9,Maintain Status Quo,Iraq,IRQ,2020-06-17,v3
2020-08-04,ICU_demand,3491.6,3895.25,3994.5,3962.42,4097.5,4252.1,Maintain Status Quo,Iraq,IRQ,2020-06-17,v3
2020-08-04,infections,429142.325,464862.25,482316,480781.91,500102,525859.55,Maintain Status Quo,Iraq,IRQ,2020-06-17,v3
2020-08-04,Rt,1.62422472377756,1.68643916218338,1.71474358181231,1.71466655618932,1.74642661303374,1.80274767325511,Maintain Status Quo,Iraq,IRQ,2020-06-17,v3
2020-08-04,cumulative_infections,23961770.275,26460949.25,27602315.5,27327292.675,28301052.25,29692174.7,Relax Interventions 50%,Iraq,IRQ,2020-06-17,v3
2020-08-04,deaths,4081.4,5625,6528,6441.225,7381.25,8437.125,Relax Interventions 50%,Iraq,IRQ,2020-06-17,v3
2020-08-04,hospital_demand,64060.125,72026,76772.5,76509.215,81539.5,86723.425,Relax Interventions 50%,Iraq,IRQ,2020-06-17,v3
2020-08-04,ICU_demand,3369.35,3947.75,4289,4293.055,4658,5161.025,Relax Interventions 50%,Iraq,IRQ,2020-06-17,v3
2020-08-04,infections,255141.475,342663.25,398792.5,409716.535,470823.75,598384.875,Relax Interventions 50%,Iraq,IRQ,2020-06-17,v3
2020-08-04,Rt,2.1746629412744,2.25796141077355,2.2958579970896,2.29575486803031,2.33827818245917,2.41368604978424,Relax Interventions 50%,Iraq,IRQ,2020-06-17,v3
2020-08-04,cumulative_infections,1383448.7,1711153.75,2017347.5,2044678.61,2327103,2899026.525,Surged Additional 50% Reduction,Iraq,IRQ,2020-06-17,v3
2020-08-04,deaths,34.975,57.75,69.5,72.54,88,113.125,Surged Additional 50% Reduction,Iraq,IRQ,2020-06-17,v3
2020-08-04,hospital_demand,2208.425,3198.75,3920,3938.805,4509,6232.8,Surged Additional 50% Reduction,Iraq,IRQ,2020-06-17,v3
2020-08-04,ICU_demand,573.4,827.5,995,1013.73,1183.25,1575.15,Surged Additional 50% Reduction,Iraq,IRQ,2020-06-17,v3
2020-08-04,infections,7077.4,11364.25,13872,14329.18,16829.25,23393.575,Surged Additional 50% Reduction,Iraq,IRQ,2020-06-17,v3
2020-08-04,Rt,0.806080275927038,0.841883997130944,0.854253299083001,0.85615387684856,0.874194637616486,0.89844000609921,Surged Additional 50% Reduction,Iraq,IRQ,2020-06-17,v3
2020-08-04,cumulative_infections,10364307.625,13312409.25,14997331.5,14828789.775,16312791,18916889.55,Surged Maintain Status Quo,Iraq,IRQ,2020-06-17,v3
2020-08-04,deaths,964.2,1252.75,1353,1354.635,1498.5,1691.4,Surged Maintain Status Quo,Iraq,IRQ,2020-06-17,v3
2020-08-04,hospital_demand,58248.45,76329,82124,81537.765,88513.75,96051.175,Surged Maintain Status Quo,Iraq,IRQ,2020-06-17,v3
2020-08-04,ICU_demand,14459.275,18897,20449,20223.475,21929.25,23866.15,Surged Maintain Status Quo,Iraq,IRQ,2020-06-17,v3
2020-08-04,infections,420635.2,467737.25,483276.5,481557.785,497862.25,523361.05,Surged Maintain Status Quo,Iraq,IRQ,2020-06-17,v3
2020-08-04,Rt,1.61216055185408,1.68376799426189,1.708506598166,1.71230775369712,1.74838927523297,1.79688001219842,Surged Maintain Status Quo,Iraq,IRQ,2020-06-17,v3
2020-08-04,cumulative_infections,23560277.1,26404415.5,27425106.5,27255378.46,28306920.75,29631036.125,Surged Relax Interventions 50%,Iraq,IRQ,2020-06-17,v3
2020-08-04,deaths,2197.8,2318.5,2373.5,2374.26,2429.5,2534.05,Surged Relax Interventions 50%,Iraq,IRQ,2020-06-17,v3
2020-08-04,hospital_demand,111257,122640.5,128261,127147.97,132848.75,138013.325,Surged Relax Interventions 50%,Iraq,IRQ,2020-06-17,v3
2020-08-04,ICU_demand,28786.9,31399.5,32522.5,32322.125,33485.75,34658.75,Surged Relax Interventions 50%,Iraq,IRQ,2020-06-17,v3
2020-08-04,infections,262690.7,355277,400557,413812.03,470948.75,583069.75,Surged Relax Interventions 50%,Iraq,IRQ,2020-06-17,v3
2020-08-04,Rt,2.15851030721146,2.2543850030242,2.28750734400422,2.29259668413465,2.34090597693147,2.40582988008977,Surged Relax Interventions 50%,Iraq,IRQ,2020-06-17,v3
2020-08-05,cumulative_infections,1329468.2,1743139.25,2033382,2090559.255,2402215.25,3082834.35,Additional 50% Reduction,Iraq,IRQ,2020-06-17,v3
2020-08-05,deaths,38,58,68,70.275,84,108.025,Additional 50% Reduction,Iraq,IRQ,2020-06-17,v3
2020-08-05,hospital_demand,2137.1,3096,3848.5,3879.99,4497.75,6037.5,Additional 50% Reduction,Iraq,IRQ,2020-06-17,v3
2020-08-05,ICU_demand,533.975,791,980.5,975.29,1135,1411.325,Additional 50% Reduction,Iraq,IRQ,2020-06-17,v3
2020-08-05,infections,7275.3,11118.25,13887.5,14136.47,16448.25,23071.4,Additional 50% Reduction,Iraq,IRQ,2020-06-17,v3
2020-08-05,Rt,0.812112361888779,0.843219581091691,0.857371790906153,0.857333278094658,0.873213306516869,0.901373836627557,Additional 50% Reduction,Iraq,IRQ,2020-06-17,v3
2020-08-05,cumulative_infections,10752992.6,13778238.5,15562466.5,15417465.72,16949694,19529841.825,Maintain Status Quo,Iraq,IRQ,2020-06-17,v3
2020-08-05,deaths,2680.85,3985.75,4328.5,4213.865,4631,5076.175,Maintain Status Quo,Iraq,IRQ,2020-06-17,v3
2020-08-05,hospital_demand,59095.225,65399.25,67005,66423.17,68403.75,70418.625,Maintain Status Quo,Iraq,IRQ,2020-06-17,v3
2020-08-05,ICU_demand,3532.625,3884.5,3969.5,3945.425,4056.25,4238.075,Maintain Status Quo,Iraq,IRQ,2020-06-17,v3
2020-08-05,infections,425342.25,453075.25,473248,470897.72,489760.5,514871.5,Maintain Status Quo,Iraq,IRQ,2020-06-17,v3
2020-08-05,Rt,1.62422472377756,1.68643916218338,1.71474358181231,1.71466655618932,1.74642661303374,1.80274767325511,Maintain Status Quo,Iraq,IRQ,2020-06-17,v3
2020-08-05,cumulative_infections,24526485.375,26899368.25,27959291,27698412.78,28648959.75,29916343.35,Relax Interventions 50%,Iraq,IRQ,2020-06-17,v3
2020-08-05,deaths,3360.3,4896,5873,5805.315,6755,8054.125,Relax Interventions 50%,Iraq,IRQ,2020-06-17,v3
2020-08-05,hospital_demand,60897.525,68444.25,73260,73270.325,78435,84485.55,Relax Interventions 50%,Iraq,IRQ,2020-06-17,v3
2020-08-05,ICU_demand,3193.575,3726.5,4063.5,4067.685,4423.75,5012.45,Relax Interventions 50%,Iraq,IRQ,2020-06-17,v3
2020-08-05,infections,227145.775,307314.75,359539,371120.105,428326.75,555332.9,Relax Interventions 50%,Iraq,IRQ,2020-06-17,v3
2020-08-05,Rt,2.1746629412744,2.25796141077355,2.2958579970896,2.29575486803031,2.33827818245917,2.41368604978424,Relax Interventions 50%,Iraq,IRQ,2020-06-17,v3
2020-08-05,cumulative_infections,1393274.05,1722585.25,2032112,2058590.925,2345456.5,2920940.575,Surged Additional 50% Reduction,Iraq,IRQ,2020-06-17,v3
2020-08-05,deaths,35.975,56,68.5,70.45,83,112.025,Surged Additional 50% Reduction,Iraq,IRQ,2020-06-17,v3
2020-08-05,hospital_demand,2125.6,3081.75,3798.5,3828.83,4396,6039.15,Surged Additional 50% Reduction,Iraq,IRQ,2020-06-17,v3
2020-08-05,ICU_demand,553.525,794.25,971,986.41,1142.5,1538.375,Surged Additional 50% Reduction,Iraq,IRQ,2020-06-17,v3
2020-08-05,infections,6925.85,11004.5,13534.5,13912.315,16467.5,22510.925,Surged Additional 50% Reduction,Iraq,IRQ,2020-06-17,v3
2020-08-05,Rt,0.806080275927038,0.841883997130944,0.854253299083001,0.85615387684856,0.874194637616486,0.89844000609921,Surged Additional 50% Reduction,Iraq,IRQ,2020-06-17,v3
2020-08-05,cumulative_infections,10762059.075,13791683.25,15483885,15300642.52,16793680.25,19374195.325,Surged Maintain Status Quo,Iraq,IRQ,2020-06-17,v3
2020-08-05,deaths,982.925,1271.5,1391,1378.685,1513,1683.175,Surged Maintain Status Quo,Iraq,IRQ,2020-06-17,v3
2020-08-05,hospital_demand,59725.15,77478.75,82879.5,82336.46,88993,95176.45,Surged Maintain Status Quo,Iraq,IRQ,2020-06-17,v3
2020-08-05,ICU_demand,14771.55,19311.25,20677,20450.125,22119.25,23865.275,Surged Maintain Status Quo,Iraq,IRQ,2020-06-17,v3
2020-08-05,infections,421700.9,456770.25,473490.5,471852.745,487927.75,513032.675,Surged Maintain Status Quo,Iraq,IRQ,2020-06-17,v3
2020-08-05,Rt,1.61216055185408,1.68376799426189,1.708506598166,1.71230775369712,1.74838927523297,1.79688001219842,Surged Maintain Status Quo,Iraq,IRQ,2020-06-17,v3
2020-08-05,cumulative_infections,24085471.65,26860312.25,27793467.5,27630365.23,28617406.75,29861312.95,Surged Relax Interventions 50%,Iraq,IRQ,2020-06-17,v3
2020-08-05,deaths,2085.875,2257.75,2317,2313.99,2387,2491.05,Surged Relax Interventions 50%,Iraq,IRQ,2020-06-17,v3
2020-08-05,hospital_demand,103962.475,116522.75,122955.5,122011.775,128782,134777.475,Surged Relax Interventions 50%,Iraq,IRQ,2020-06-17,v3
2020-08-05,ICU_demand,27017.25,29994.75,31467,31143.765,32578.25,34041.35,Surged Relax Interventions 50%,Iraq,IRQ,2020-06-17,v3
2020-08-05,infections,233036.875,319192.75,361336,374986.77,429354,543472.525,Surged Relax Interventions 50%,Iraq,IRQ,2020-06-17,v3
2020-08-05,Rt,2.15851030721146,2.2543850030242,2.28750734400422,2.29259668413465,2.34090597693147,2.40582988008977,Surged Relax Interventions 50%,Iraq,IRQ,2020-06-17,v3
2020-08-06,cumulative_infections,1336417.25,1754017.5,2047306,2104299.235,2417355.75,3104577.575,Additional 50% Reduction,Iraq,IRQ,2020-06-17,v3
2020-08-06,deaths,37,55,67,68.55,80,106.175,Additional 50% Reduction,Iraq,IRQ,2020-06-17,v3
2020-08-06,hospital_demand,2078.125,2994,3730.5,3769.05,4388,5853.225,Additional 50% Reduction,Iraq,IRQ,2020-06-17,v3
2020-08-06,ICU_demand,509.775,767.5,949,950.66,1109.75,1395.275,Additional 50% Reduction,Iraq,IRQ,2020-06-17,v3
2020-08-06,infections,6988.95,10829,13590,13739.98,15997.75,22476.425,Additional 50% Reduction,Iraq,IRQ,2020-06-17,v3
2020-08-06,Rt,0.812112361888779,0.843219581091691,0.857371790906153,0.857333278094658,0.873213306516869,0.901373836627557,Additional 50% Reduction,Iraq,IRQ,2020-06-17,v3
2020-08-06,cumulative_infections,11195492.6,14270023,16033954.5,15877240.73,17406022.75,19938643.925,Maintain Status Quo,Iraq,IRQ,2020-06-17,v3
2020-08-06,deaths,2862.475,3983.25,4273,4188.36,4549.5,5006.3,Maintain Status Quo,Iraq,IRQ,2020-06-17,v3
2020-08-06,hospital_demand,59948.45,65463.25,66718,66231.065,68038.25,69784.575,Maintain Status Quo,Iraq,IRQ,2020-06-17,v3
2020-08-06,ICU_demand,3558.725,3834,3938.5,3916.045,4011.75,4203.3,Maintain Status Quo,Iraq,IRQ,2020-06-17,v3
2020-08-06,infections,404924.475,442096.25,462906.5,459775.01,478448,505771.425,Maintain Status Quo,Iraq,IRQ,2020-06-17,v3
2020-08-06,Rt,1.62422472377756,1.68643916218338,1.71474358181231,1.71466655618932,1.74642661303374,1.80274767325511,Maintain Status Quo,Iraq,IRQ,2020-06-17,v3
2020-08-06,cumulative_infections,25047934.5,27299089,28279205.5,28033542.035,28923526.25,30114022.8,Relax Interventions 50%,Iraq,IRQ,2020-06-17,v3
2020-08-06,deaths,2739.4,4213.75,5165,5173.145,6138.75,7507.325,Relax Interventions 50%,Iraq,IRQ,2020-06-17,v3
2020-08-06,hospital_demand,57738.4,65174.25,69842.5,70050.725,75259.75,82117.375,Relax Interventions 50%,Iraq,IRQ,2020-06-17,v3
2020-08-06,ICU_demand,3013.9,3521.5,3801.5,3841.63,4182,4753.45,Relax Interventions 50%,Iraq,IRQ,2020-06-17,v3
2020-08-06,infections,201056,275392.25,323186,335129.255,389054.25,512067.875,Relax Interventions 50%,Iraq,IRQ,2020-06-17,v3
2020-08-06,Rt,2.1746629412744,2.25796141077355,2.2958579970896,2.29575486803031,2.33827818245917,2.41368604978424,Relax Interventions 50%,Iraq,IRQ,2020-06-17,v3
2020-08-06,cumulative_infections,1402810.85,1733765,2046490,2072107.37,2362252,2942161.1,Surged Additional 50% Reduction,Iraq,IRQ,2020-06-17,v3
2020-08-06,deaths,35,55,67,69.385,82,111.025,Surged Additional 50% Reduction,Iraq,IRQ,2020-06-17,v3
2020-08-06,hospital_demand,2041.3,2993.75,3687.5,3720.635,4313.75,5903.925,Surged Additional 50% Reduction,Iraq,IRQ,2020-06-17,v3
2020-08-06,ICU_demand,528.75,776,937.5,960.48,1118.75,1506.15,Surged Additional 50% Reduction,Iraq,IRQ,2020-06-17,v3
2020-08-06,infections,6637.35,10564.75,13000,13516.445,15916.75,21873.7,Surged Additional 50% Reduction,Iraq,IRQ,2020-06-17,v3
2020-08-06,Rt,0.806080275927038,0.841883997130944,0.854253299083001,0.85615387684856,0.874194637616486,0.89844000609921,Surged Additional 50% Reduction,Iraq,IRQ,2020-06-17,v3
2020-08-06,cumulative_infections,11160121.975,14258416.5,15954809,15761514.29,17270306.5,19810949.025,Surged Maintain Status Quo,Iraq,IRQ,2020-06-17,v3
2020-08-06,deaths,1014.425,1291.25,1411.5,1395.265,1522.25,1672.025,Surged Maintain Status Quo,Iraq,IRQ,2020-06-17,v3
2020-08-06,hospital_demand,61323.85,78759.5,83731.5,82895.135,89365.5,94789.4,Surged Maintain Status Quo,Iraq,IRQ,2020-06-17,v3
2020-08-06,ICU_demand,15208.05,19599.75,20876.5,20626.685,22211,23693.425,Surged Maintain Status Quo,Iraq,IRQ,2020-06-17,v3
2020-08-06,infections,407299.55,444586,462525.5,460871.77,478144.5,504163.525,Surged Maintain Status Quo,Iraq,IRQ,2020-06-17,v3
2020-08-06,Rt,1.61216055185408,1.68376799426189,1.708506598166,1.71230775369712,1.74838927523297,1.79688001219842,Surged Maintain Status Quo,Iraq,IRQ,2020-06-17,v3
2020-08-06,cumulative_infections,24571827.4,27266880.25,28116000,27969209.98,28900032,30067813.3,Surged Relax Interventions 50%,Iraq,IRQ,2020-06-17,v3
2020-08-06,deaths,1971.825,2159.75,2250,2236.225,2321,2424.05,Surged Relax Interventions 50%,Iraq,IRQ,2020-06-17,v3
2020-08-06,hospital_demand,96822,110277.25,117091,116533.675,124109.75,130890.55,Surged Relax Interventions 50%,Iraq,IRQ,2020-06-17,v3
2020-08-06,ICU_demand,25272.925,28553.75,30141,29878.675,31455.75,33093.75,Surged Relax Interventions 50%,Iraq,IRQ,2020-06-17,v3
2020-08-06,infections,206354.475,286338.25,325981,338844.75,389557.25,503052.325,Surged Relax Interventions 50%,Iraq,IRQ,2020-06-17,v3
2020-08-06,Rt,2.15851030721146,2.2543850030242,2.28750734400422,2.29259668413465,2.34090597693147,2.40582988008977,Surged Relax Interventions 50%,Iraq,IRQ,2020-06-17,v3
2020-08-07,cumulative_infections,1343111.65,1764509.75,2059319,2117633.31,2432102.25,3125591.075,Additional 50% Reduction,Iraq,IRQ,2020-06-17,v3
2020-08-07,deaths,32.975,54,67,67.255,79.25,104.025,Additional 50% Reduction,Iraq,IRQ,2020-06-17,v3
2020-08-07,hospital_demand,1991.125,2911.25,3636.5,3663.3,4256.25,5721.875,Additional 50% Reduction,Iraq,IRQ,2020-06-17,v3
2020-08-07,ICU_demand,499.45,743.25,932,926.67,1082.5,1368.1,Additional 50% Reduction,Iraq,IRQ,2020-06-17,v3
2020-08-07,infections,6694.9,10384,13167,13334.075,15511.5,22115.25,Additional 50% Reduction,Iraq,IRQ,2020-06-17,v3
2020-08-07,Rt,0.812112361888779,0.843219581091691,0.857371790906153,0.857333278094658,0.873213306516869,0.901373836627557,Additional 50% Reduction,Iraq,IRQ,2020-06-17,v3
2020-08-07,cumulative_infections,11637705.95,14750468,16504969.5,16324739.48,17860271.25,20327174.875,Maintain Status Quo,Iraq,IRQ,2020-06-17,v3
2020-08-07,deaths,2984.825,3979.25,4237.5,4141.135,4462.25,4853.65,Maintain Status Quo,Iraq,IRQ,2020-06-17,v3
2020-08-07,hospital_demand,60468.25,65131.5,66230,65925.425,67444.25,69381.15,Maintain Status Quo,Iraq,IRQ,2020-06-17,v3
2020-08-07,ICU_demand,3595.15,3793.25,3897.5,3880.865,3972.25,4141.575,Maintain Status Quo,Iraq,IRQ,2020-06-17,v3
2020-08-07,infections,386023.1,429384.5,450127.5,447498.75,467473,496577.775,Maintain Status Quo,Iraq,IRQ,2020-06-17,v3
2020-08-07,Rt,1.62422472377756,1.68643916218338,1.71474358181231,1.71466655618932,1.74642661303374,1.80274767325511,Maintain Status Quo,Iraq,IRQ,2020-06-17,v3
2020-08-07,cumulative_infections,25527414.35,27664953,28554428.5,28335328.4,29180826,30289721.725,Relax Interventions 50%,Iraq,IRQ,2020-06-17,v3
2020-08-07,deaths,2245.5,3606,4482.5,4565.19,5532,7036.65,Relax Interventions 50%,Iraq,IRQ,2020-06-17,v3
2020-08-07,hospital_demand,54764.725,62076.75,66492.5,66864.655,71940.5,79383.925,Relax Interventions 50%,Iraq,IRQ,2020-06-17,v3
2020-08-07,ICU_demand,2831.425,3293.25,3607,3631.385,3968.5,4572.15,Relax Interventions 50%,Iraq,IRQ,2020-06-17,v3
2020-08-07,infections,177227.525,245455.5,289635.5,301786.365,353107.25,471494.15,Relax Interventions 50%,Iraq,IRQ,2020-06-17,v3
2020-08-07,Rt,2.1746629412744,2.25796141077355,2.2958579970896,2.29575486803031,2.33827818245917,2.41368604978424,Relax Interventions 50%,Iraq,IRQ,2020-06-17,v3
2020-08-07,cumulative_infections,1412185.2,1744784.25,2060418,2085244.98,2378482.75,2963397.125,Surged Additional 50% Reduction,Iraq,IRQ,2020-06-17,v3
2020-08-07,deaths,32,53,65.5,66.81,79,111.075,Surged Additional 50% Reduction,Iraq,IRQ,2020-06-17,v3
2020-08-07,hospital_demand,1949.925,2903.5,3571,3613.725,4210.5,5754.175,Surged Additional 50% Reduction,Iraq,IRQ,2020-06-17,v3
2020-08-07,ICU_demand,504.65,752,910,933.025,1086,1455.4,Surged Additional 50% Reduction,Iraq,IRQ,2020-06-17,v3
2020-08-07,infections,6403.45,10284,12652,13137.61,15491.5,21374.625,Surged Additional 50% Reduction,Iraq,IRQ,2020-06-17,v3
2020-08-07,Rt,0.806080275927038,0.841883997130944,0.854253299083001,0.85615387684856,0.874194637616486,0.89844000609921,Surged Additional 50% Reduction,Iraq,IRQ,2020-06-17,v3
2020-08-07,cumulative_infections,11557086.85,14718140.5,16399478,16210392.985,17738377.5,20225338.25,Surged Maintain Status Quo,Iraq,IRQ,2020-06-17,v3
2020-08-07,deaths,1027.8,1323.5,1423,1408.405,1526.25,1643.15,Surged Maintain Status Quo,Iraq,IRQ,2020-06-17,v3
2020-08-07,hospital_demand,62866.75,79442.75,83873,83204.47,89087,93893.825,Surged Maintain Status Quo,Iraq,IRQ,2020-06-17,v3
2020-08-07,ICU_demand,15666.15,19769.25,20952.5,20742.82,22301.5,23586.2,Surged Maintain Status Quo,Iraq,IRQ,2020-06-17,v3
2020-08-07,infections,394539.85,434902.75,450923.5,448878.695,468216.5,495306.725,Surged Maintain Status Quo,Iraq,IRQ,2020-06-17,v3
2020-08-07,Rt,1.61216055185408,1.68376799426189,1.708506598166,1.71230775369712,1.74838927523297,1.79688001219842,Surged Maintain Status Quo,Iraq,IRQ,2020-06-17,v3
2020-08-07,cumulative_infections,25020792.175,27599085.75,28405685,28274439.575,29160570,30249276.375,Surged Relax Interventions 50%,Iraq,IRQ,2020-06-17,v3
2020-08-07,deaths,1880.65,2065.5,2170,2155.3,2263.25,2376.025,Surged Relax Interventions 50%,Iraq,IRQ,2020-06-17,v3
2020-08-07,hospital_demand,89999.4,103698.75,110892.5,110799.485,119157.25,126665.725,Surged Relax Interventions 50%,Iraq,IRQ,2020-06-17,v3
2020-08-07,ICU_demand,23660.725,27010.5,28697.5,28536.435,30406.75,32258.875,Surged Relax Interventions 50%,Iraq,IRQ,2020-06-17,v3
2020-08-07,infections,181561.525,255270.5,292678,305229.595,351087.5,464075.8,Surged Relax Interventions 50%,Iraq,IRQ,2020-06-17,v3
2020-08-07,Rt,2.15851030721146,2.2543850030242,2.28750734400422,2.29259668413465,2.34090597693147,2.40582988008977,Surged Relax Interventions 50%,Iraq,IRQ,2020-06-17,v3
2020-08-08,cumulative_infections,1349508.425,1774994,2071154.5,2130581.865,2446778,3145805.175,Additional 50% Reduction,Iraq,IRQ,2020-06-17,v3
2020-08-08,deaths,33.975,51.75,66,65.465,78,101,Additional 50% Reduction,Iraq,IRQ,2020-06-17,v3
2020-08-08,hospital_demand,1944.35,2816.25,3540,3559.225,4106.5,5549.4,Additional 50% Reduction,Iraq,IRQ,2020-06-17,v3
2020-08-08,ICU_demand,483.6,724.25,904.5,902.92,1058.5,1352.375,Additional 50% Reduction,Iraq,IRQ,2020-06-17,v3
2020-08-08,infections,6509.9,10132.25,12779.5,12948.555,15073,21118.825,Additional 50% Reduction,Iraq,IRQ,2020-06-17,v3
2020-08-08,Rt,0.812112361888779,0.843219581091691,0.857371790906153,0.857333278094658,0.873213306516869,0.901373836627557,Additional 50% Reduction,Iraq,IRQ,2020-06-17,v3
2020-08-08,cumulative_infections,12080486.175,15223042.5,16972007.5,16759048.99,18266778.5,20694978.45,Maintain Status Quo,Iraq,IRQ,2020-06-17,v3
2020-08-08,deaths,3101.225,3854.75,4099.5,4054.87,4331,4789.775,Maintain Status Quo,Iraq,IRQ,2020-06-17,v3
2020-08-08,hospital_demand,60691.125,64459,65652.5,65509.45,66902.5,68988.275,Maintain Status Quo,Iraq,IRQ,2020-06-17,v3
2020-08-08,ICU_demand,3558.2,3739.75,3835.5,3834.715,3940.5,4105.325,Maintain Status Quo,Iraq,IRQ,2020-06-17,v3
2020-08-08,infections,367086.95,415220,437632.5,434309.51,455045,484549.125,Maintain Status Quo,Iraq,IRQ,2020-06-17,v3
2020-08-08,Rt,1.62422472377756,1.68643916218338,1.71474358181231,1.71466655618932,1.74642661303374,1.80274767325511,Maintain Status Quo,Iraq,IRQ,2020-06-17,v3
2020-08-08,cumulative_infections,25966138.375,27979153.75,28806881.5,28606474.935,29415824.75,30444068.5,Relax Interventions 50%,Iraq,IRQ,2020-06-17,v3
2020-08-08,deaths,1847.7,3007.25,3862.5,3962.87,4898.5,6398.1,Relax Interventions 50%,Iraq,IRQ,2020-06-17,v3
2020-08-08,hospital_demand,51666.025,59207.25,63187,63756.6,68589.25,76761.9,Relax Interventions 50%,Iraq,IRQ,2020-06-17,v3
2020-08-08,ICU_demand,2670.775,3095.25,3381.5,3424.945,3732,4387.425,Relax Interventions 50%,Iraq,IRQ,2020-06-17,v3
2020-08-08,infections,155321.425,219076,258895.5,271146.535,319576.75,431314.975,Relax Interventions 50%,Iraq,IRQ,2020-06-17,v3
2020-08-08,Rt,2.1746629412744,2.25796141077355,2.2958579970896,2.29575486803031,2.33827818245917,2.41368604978424,Relax Interventions 50%,Iraq,IRQ,2020-06-17,v3
2020-08-08,cumulative_infections,1421358.675,1755498.25,2073929.5,2097995.22,2393978,2989217.875,Surged Additional 50% Reduction,Iraq,IRQ,2020-06-17,v3
2020-08-08,deaths,33.875,51,63,65.4,78,105,Surged Additional 50% Reduction,Iraq,IRQ,2020-06-17,v3
2020-08-08,hospital_demand,1886.125,2812.75,3465.5,3511.86,4148.75,5617.925,Surged Additional 50% Reduction,Iraq,IRQ,2020-06-17,v3
2020-08-08,ICU_demand,495.575,734.25,881,907.37,1052,1435.2,Surged Additional 50% Reduction,Iraq,IRQ,2020-06-17,v3
2020-08-08,infections,6254.9,10001.75,12378,12750.24,15063.5,20689.275,Surged Additional 50% Reduction,Iraq,IRQ,2020-06-17,v3
2020-08-08,Rt,0.806080275927038,0.841883997130944,0.854253299083001,0.85615387684856,0.874194637616486,0.89844000609921,Surged Additional 50% Reduction,Iraq,IRQ,2020-06-17,v3
2020-08-08,cumulative_infections,11952797.875,15175627,16829012.5,16646184.385,18188336.25,20617326.9,Surged Maintain Status Quo,Iraq,IRQ,2020-06-17,v3
2020-08-08,deaths,1076.875,1327.25,1444,1427.285,1540.5,1656.15,Surged Maintain Status Quo,Iraq,IRQ,2020-06-17,v3
2020-08-08,hospital_demand,64561.4,80137.5,83871.5,83271.915,88461,92888.825,Surged Maintain Status Quo,Iraq,IRQ,2020-06-17,v3
2020-08-08,ICU_demand,16061.2,19936,21008,20798.005,22255.75,23264.95,Surged Maintain Status Quo,Iraq,IRQ,2020-06-17,v3
2020-08-08,infections,382106.2,422071.5,437220,435791.4,454465.25,481974.7,Surged Maintain Status Quo,Iraq,IRQ,2020-06-17,v3
2020-08-08,Rt,1.61216055185408,1.68376799426189,1.708506598166,1.71230775369712,1.74838927523297,1.79688001219842,Surged Maintain Status Quo,Iraq,IRQ,2020-06-17,v3
2020-08-08,cumulative_infections,25463195.2,27922985.5,28665383,28548758.71,29397035.25,30410085.525,Surged Relax Interventions 50%,Iraq,IRQ,2020-06-17,v3
2020-08-08,deaths,1738.85,1975,2078,2069.49,2185,2325,Surged Relax Interventions 50%,Iraq,IRQ,2020-06-17,v3
2020-08-08,hospital_demand,83487.2,97365.75,104375,104886.965,113380.5,122564.175,Surged Relax Interventions 50%,Iraq,IRQ,2020-06-17,v3
2020-08-08,ICU_demand,22092.375,25445.25,27251,27133.79,29060.75,31155.675,Surged Relax Interventions 50%,Iraq,IRQ,2020-06-17,v3
2020-08-08,infections,160902.675,226859,262428,274319.135,316236.5,425268.4,Surged Relax Interventions 50%,Iraq,IRQ,2020-06-17,v3
2020-08-08,Rt,2.15851030721146,2.2543850030242,2.28750734400422,2.29259668413465,2.34090597693147,2.40582988008977,Surged Relax Interventions 50%,Iraq,IRQ,2020-06-17,v3
2020-08-09,cumulative_infections,1355766.625,1785164.75,2082632.5,2143130.325,2461406,3165601.175,Additional 50% Reduction,Iraq,IRQ,2020-06-17,v3
2020-08-09,deaths,33.9,50,62,62.96,74,102.075,Additional 50% Reduction,Iraq,IRQ,2020-06-17,v3
2020-08-09,hospital_demand,1887.675,2769.75,3423,3463.34,3996,5439.975,Additional 50% Reduction,Iraq,IRQ,2020-06-17,v3
2020-08-09,ICU_demand,471.625,703,877,879.215,1026.25,1338.075,Additional 50% Reduction,Iraq,IRQ,2020-06-17,v3
2020-08-09,infections,6265.8,9738.5,12398,12548.46,14658.25,20809.025,Additional 50% Reduction,Iraq,IRQ,2020-06-17,v3
2020-08-09,Rt,0.812112361888779,0.843219581091691,0.857371790906153,0.857333278094658,0.873213306516869,0.901373836627557,Additional 50% Reduction,Iraq,IRQ,2020-06-17,v3
2020-08-09,cumulative_infections,12519088.025,15684830.5,17417295,17179334.465,18648111.75,21041733.325,Maintain Status Quo,Iraq,IRQ,2020-06-17,v3
2020-08-09,deaths,3107.575,3767.75,3990.5,3961.3,4233.75,4597.175,Maintain Status Quo,Iraq,IRQ,2020-06-17,v3
2020-08-09,hospital_demand,61025.975,64012.5,65073.5,64969.6,66256.25,68246.475,Maintain Status Quo,Iraq,IRQ,2020-06-17,v3
2020-08-09,ICU_demand,3507.7,3710,3793,3792.68,3895,4048.325,Maintain Status Quo,Iraq,IRQ,2020-06-17,v3
2020-08-09,infections,346755.575,398982.75,427176.5,420285.475,443742,472698.85,Maintain Status Quo,Iraq,IRQ,2020-06-17,v3
2020-08-09,Rt,1.62422472377756,1.68643916218338,1.71474358181231,1.71466655618932,1.74642661303374,1.80274767325511,Maintain Status Quo,Iraq,IRQ,2020-06-17,v3
2020-08-09,cumulative_infections,26367161.8,28256640,29037453.5,28849496.485,29603298.5,30580191.125,Relax Interventions 50%,Iraq,IRQ,2020-06-17,v3
2020-08-09,deaths,1552.85,2472.25,3234.5,3401.825,4269.5,5904.35,Relax Interventions 50%,Iraq,IRQ,2020-06-17,v3
2020-08-09,hospital_demand,48870.95,56194,60093,60726.88,65472.75,73956.725,Relax Interventions 50%,Iraq,IRQ,2020-06-17,v3
2020-08-09,ICU_demand,2540.05,2939.25,3168.5,3233.97,3523.75,4133.175,Relax Interventions 50%,Iraq,IRQ,2020-06-17,v3
2020-08-09,infections,137581.125,194183.5,231617,243021.55,288042,394731.575,Relax Interventions 50%,Iraq,IRQ,2020-06-17,v3
2020-08-09,Rt,2.1746629412744,2.25796141077355,2.2958579970896,2.29575486803031,2.33827818245917,2.41368604978424,Relax Interventions 50%,Iraq,IRQ,2020-06-17,v3
2020-08-09,cumulative_infections,1430123.7,1765487.25,2087146.5,2110367.85,2408866,3015449.75,Surged Additional 50% Reduction,Iraq,IRQ,2020-06-17,v3
2020-08-09,deaths,32.975,49,61,63.18,75,107.075,Surged Additional 50% Reduction,Iraq,IRQ,2020-06-17,v3
2020-08-09,hospital_demand,1819.925,2710.75,3358.5,3413.625,4008.75,5413.125,Surged Additional 50% Reduction,Iraq,IRQ,2020-06-17,v3
2020-08-09,ICU_demand,477.475,707.25,851,880.49,1019.5,1383.1,Surged Additional 50% Reduction,Iraq,IRQ,2020-06-17,v3
2020-08-09,infections,5871.775,9721,12037,12372.63,14585.75,20293.6,Surged Additional 50% Reduction,Iraq,IRQ,2020-06-17,v3
2020-08-09,Rt,0.806080275927038,0.841883997130944,0.854253299083001,0.85615387684856,0.874194637616486,0.89844000609921,Surged Additional 50% Reduction,Iraq,IRQ,2020-06-17,v3
2020-08-09,cumulative_infections,12344594.225,15626141.25,17255122,17068110.46,18619829.5,20987309.35,Surged Maintain Status Quo,Iraq,IRQ,2020-06-17,v3
2020-08-09,deaths,1069.9,1350,1451.5,1432.905,1539.5,1649.075,Surged Maintain Status Quo,Iraq,IRQ,2020-06-17,v3
2020-08-09,hospital_demand,66304.925,80557,83785.5,83060.625,87456.25,91912.6,Surged Maintain Status Quo,Iraq,IRQ,2020-06-17,v3
2020-08-09,ICU_demand,16441.55,20033.5,21012,20790.315,22020.75,23074.375,Surged Maintain Status Quo,Iraq,IRQ,2020-06-17,v3
2020-08-09,infections,360225.2,406273.75,425126.5,421926.075,442486.75,469246.275,Surged Maintain Status Quo,Iraq,IRQ,2020-06-17,v3
2020-08-09,Rt,1.61216055185408,1.68376799426189,1.708506598166,1.71230775369712,1.74838927523297,1.79688001219842,Surged Maintain Status Quo,Iraq,IRQ,2020-06-17,v3
2020-08-09,cumulative_infections,25880103.675,28215403.5,28908878.5,28794684.365,29617698,30551884.05,Surged Relax Interventions 50%,Iraq,IRQ,2020-06-17,v3
2020-08-09,deaths,1631.875,1846.25,1972.5,1964.565,2094,2232.925,Surged Relax Interventions 50%,Iraq,IRQ,2020-06-17,v3
2020-08-09,hospital_demand,77026.95,91137,97844.5,98888.515,107379.75,117638.95,Surged Relax Interventions 50%,Iraq,IRQ,2020-06-17,v3
2020-08-09,ICU_demand,20554.275,23974,25649,25711.92,27748.25,30095.025,Surged Relax Interventions 50%,Iraq,IRQ,2020-06-17,v3
2020-08-09,infections,141891.825,201787,234750.5,245925.655,284612,389016.125,Surged Relax Interventions 50%,Iraq,IRQ,2020-06-17,v3
2020-08-09,Rt,2.15851030721146,2.2543850030242,2.28750734400422,2.29259668413465,2.34090597693147,2.40582988008977,Surged Relax Interventions 50%,Iraq,IRQ,2020-06-17,v3
2020-08-10,cumulative_infections,1361666.425,1795097.75,2093574,2155327.71,2475697.25,3184825.175,Additional 50% Reduction,Iraq,IRQ,2020-06-17,v3
2020-08-10,deaths,30.975,49,60,61.56,72,103.025,Additional 50% Reduction,Iraq,IRQ,2020-06-17,v3
2020-08-10,hospital_demand,1822.325,2669,3335.5,3365.84,3886.75,5297.25,Additional 50% Reduction,Iraq,IRQ,2020-06-17,v3
2020-08-10,ICU_demand,446.875,691,848,856.115,996.5,1305.075,Additional 50% Reduction,Iraq,IRQ,2020-06-17,v3
2020-08-10,infections,6120.2,9588.25,12015.5,12197.385,14088,20167.8,Additional 50% Reduction,Iraq,IRQ,2020-06-17,v3
2020-08-10,Rt,0.812112361888779,0.843219581091691,0.857371790906153,0.857333278094658,0.873213306516869,0.901373836627557,Additional 50% Reduction,Iraq,IRQ,2020-06-17,v3
2020-08-10,cumulative_infections,12955557.7,16134848,17826527.5,17585009.445,19042710.25,21369083.65,Maintain Status Quo,Iraq,IRQ,2020-06-17,v3
2020-08-10,deaths,3105.95,3633.25,3872.5,3851.695,4105.75,4523.75,Maintain Status Quo,Iraq,IRQ,2020-06-17,v3
2020-08-10,hospital_demand,60863.775,63229.75,64449,64348.09,65735.25,67463.075,Maintain Status Quo,Iraq,IRQ,2020-06-17,v3
2020-08-10,ICU_demand,3429.825,3647,3741.5,3733.335,3821.5,4000.625,Maintain Status Quo,Iraq,IRQ,2020-06-17,v3
2020-08-10,infections,327276.225,384364.5,413086.5,405674.98,432031.25,459322.35,Maintain Status Quo,Iraq,IRQ,2020-06-17,v3
2020-08-10,Rt,1.62422472377756,1.68643916218338,1.71474358181231,1.71466655618932,1.74642661303374,1.80274767325511,Maintain Status Quo,Iraq,IRQ,2020-06-17,v3
2020-08-10,cumulative_infections,26732829.725,28503554.25,29249042.5,29066904.78,29767348,30700037.925,Relax Interventions 50%,Iraq,IRQ,2020-06-17,v3
2020-08-10,deaths,1275.575,2057.25,2654.5,2887.32,3665.5,5328,Relax Interventions 50%,Iraq,IRQ,2020-06-17,v3
2020-08-10,hospital_demand,45948.575,53363.25,57198.5,57781.465,62455.75,71059.75,Relax Interventions 50%,Iraq,IRQ,2020-06-17,v3
2020-08-10,ICU_demand,2344.975,2768,2974,3050.45,3328,3921.5,Relax Interventions 50%,Iraq,IRQ,2020-06-17,v3
2020-08-10,infections,121341.4,172207.5,205256,217408.295,258292.75,360155.075,Relax Interventions 50%,Iraq,IRQ,2020-06-17,v3
2020-08-10,Rt,2.1746629412744,2.25796141077355,2.2958579970896,2.29575486803031,2.33827818245917,2.41368604978424,Relax Interventions 50%,Iraq,IRQ,2020-06-17,v3
2020-08-10,cumulative_infections,1438838.7,1774567,2100053,2122393.85,2423284.5,3041094.45,Surged Additional 50% Reduction,Iraq,IRQ,2020-06-17,v3
2020-08-10,deaths,31.975,49,61.5,62.56,72,106,Surged Additional 50% Reduction,Iraq,IRQ,2020-06-17,v3
2020-08-10,hospital_demand,1776.5,2644.25,3255.5,3317.495,3876.25,5257.625,Surged Additional 50% Reduction,Iraq,IRQ,2020-06-17,v3
2020-08-10,ICU_demand,460.4,689.75,832,854.965,1006,1338.375,Surged Additional 50% Reduction,Iraq,IRQ,2020-06-17,v3
2020-08-10,infections,5701.8,9486,11626,12026,14299,19835.45,Surged Additional 50% Reduction,Iraq,IRQ,2020-06-17,v3
2020-08-10,Rt,0.806080275927038,0.841883997130944,0.854253299083001,0.85615387684856,0.874194637616486,0.89844000609921,Surged Additional 50% Reduction,Iraq,IRQ,2020-06-17,v3
2020-08-10,cumulative_infections,12733231.675,16063641.75,17655582.5,17475480.815,19025530.5,21325331.5,Surged Maintain Status Quo,Iraq,IRQ,2020-06-17,v3
2020-08-10,deaths,1124.6,1368.75,1453,1436.97,1537,1635.075,Surged Maintain Status Quo,Iraq,IRQ,2020-06-17,v3
2020-08-10,hospital_demand,67692.475,80475.5,83467,82623.5,86511.75,90604.975,Surged Maintain Status Quo,Iraq,IRQ,2020-06-17,v3
2020-08-10,ICU_demand,16744.35,20098.5,20903.5,20715.745,21790.5,22759.6,Surged Maintain Status Quo,Iraq,IRQ,2020-06-17,v3
2020-08-10,infections,339996.475,389369,412111,407370.355,429289.75,455829.85,Surged Maintain Status Quo,Iraq,IRQ,2020-06-17,v3
2020-08-10,Rt,1.61216055185408,1.68376799426189,1.708506598166,1.71230775369712,1.74838927523297,1.79688001219842,Surged Maintain Status Quo,Iraq,IRQ,2020-06-17,v3
2020-08-10,cumulative_infections,26262015.725,28472899,29112592.5,29014883.54,29790931,30676180.9,Surged Relax Interventions 50%,Iraq,IRQ,2020-06-17,v3
2020-08-10,deaths,1507.975,1739,1889,1871.465,1998.75,2149.05,Surged Relax Interventions 50%,Iraq,IRQ,2020-06-17,v3
2020-08-10,hospital_demand,70564.35,85206.25,91664.5,92879.705,101294.5,111873.4,Surged Relax Interventions 50%,Iraq,IRQ,2020-06-17,v3
2020-08-10,ICU_demand,19059.75,22491.25,24131.5,24261.69,26272.75,28874.575,Surged Relax Interventions 50%,Iraq,IRQ,2020-06-17,v3
2020-08-10,infections,124371.825,179012.5,208588.5,220199.175,256046.75,353856,Surged Relax Interventions 50%,Iraq,IRQ,2020-06-17,v3
2020-08-10,Rt,2.15851030721146,2.2543850030242,2.28750734400422,2.29259668413465,2.34090597693147,2.40582988008977,Surged Relax Interventions 50%,Iraq,IRQ,2020-06-17,v3
2020-08-11,cumulative_infections,1367448.75,1804598.5,2104302.5,2167166.415,2489420.5,3203733.525,Additional 50% Reduction,Iraq,IRQ,2020-06-17,v3
2020-08-11,deaths,30,47.75,60,60.36,70,97.075,Additional 50% Reduction,Iraq,IRQ,2020-06-17,v3
2020-08-11,hospital_demand,1761.625,2568,3240,3269.23,3779.25,5137.025,Additional 50% Reduction,Iraq,IRQ,2020-06-17,v3
2020-08-11,ICU_demand,432.975,672.25,827.5,832.625,973.75,1265.425,Additional 50% Reduction,Iraq,IRQ,2020-06-17,v3
2020-08-11,infections,5870.675,9280.75,11622,11838.705,13789,19513.175,Additional 50% Reduction,Iraq,IRQ,2020-06-17,v3
2020-08-11,Rt,0.812112361888779,0.843219581091691,0.857371790906153,0.857333278094658,0.873213306516869,0.901373836627557,Additional 50% Reduction,Iraq,IRQ,2020-06-17,v3
2020-08-11,cumulative_infections,13386865.575,16571603.25,18211371,17975363.485,19404253,21675686.275,Maintain Status Quo,Iraq,IRQ,2020-06-17,v3
2020-08-11,deaths,2999.75,3500,3739.5,3718.315,3976.5,4360.15,Maintain Status Quo,Iraq,IRQ,2020-06-17,v3
2020-08-11,hospital_demand,59892.375,62425.25,63860,63619.4,64949.5,66873.025,Maintain Status Quo,Iraq,IRQ,2020-06-17,v3
2020-08-11,ICU_demand,3301.85,3580,3679,3665.935,3772.25,3968.65,Maintain Status Quo,Iraq,IRQ,2020-06-17,v3
2020-08-11,infections,306602.625,366033.5,397928.5,390354.04,420720.5,444398.7,Maintain Status Quo,Iraq,IRQ,2020-06-17,v3
2020-08-11,Rt,1.62422472377756,1.68643916218338,1.71474358181231,1.71466655618932,1.74642661303374,1.80274767325511,Maintain Status Quo,Iraq,IRQ,2020-06-17,v3
2020-08-11,cumulative_infections,27061230.725,28730825,29426547,29261027.09,29918440.25,30817178.15,Relax Interventions 50%,Iraq,IRQ,2020-06-17,v3
2020-08-11,deaths,1055.75,1682,2186,2433.22,3129.25,4809.45,Relax Interventions 50%,Iraq,IRQ,2020-06-17,v3
2020-08-11,hospital_demand,42867.85,50432,54464,54910.435,59492,68045.475,Relax Interventions 50%,Iraq,IRQ,2020-06-17,v3
2020-08-11,ICU_demand,2251.35,2612,2821.5,2884.025,3144.5,3754.4,Relax Interventions 50%,Iraq,IRQ,2020-06-17,v3
2020-08-11,infections,106626.8,152317.5,182921.5,194122.31,232055.25,326415.7,Relax Interventions 50%,Iraq,IRQ,2020-06-17,v3
2020-08-11,Rt,2.1746629412744,2.25796141077355,2.2958579970896,2.29575486803031,2.33827818245917,2.41368604978424,Relax Interventions 50%,Iraq,IRQ,2020-06-17,v3
2020-08-11,cumulative_infections,1447150.8,1783575.5,2112486,2134056.31,2436958,3066195.725,Surged Additional 50% Reduction,Iraq,IRQ,2020-06-17,v3
2020-08-11,deaths,31,46.75,56,59.275,69,98.05,Surged Additional 50% Reduction,Iraq,IRQ,2020-06-17,v3
2020-08-11,hospital_demand,1697.7,2566.25,3184,3222.045,3760.25,5125.125,Surged Additional 50% Reduction,Iraq,IRQ,2020-06-17,v3
2020-08-11,ICU_demand,435.975,664.25,809,831.06,977.25,1299.025,Surged Additional 50% Reduction,Iraq,IRQ,2020-06-17,v3
2020-08-11,infections,5524.325,9112.5,11295,11662.46,13889.25,19039.175,Surged Additional 50% Reduction,Iraq,IRQ,2020-06-17,v3
2020-08-11,Rt,0.806080275927038,0.841883997130944,0.854253299083001,0.85615387684856,0.874194637616486,0.89844000609921,Surged Additional 50% Reduction,Iraq,IRQ,2020-06-17,v3
2020-08-11,cumulative_infections,13118659.55,16469660.5,18038346,17867750.225,19406540.75,21639780.375,Surged Maintain Status Quo,Iraq,IRQ,2020-06-17,v3
2020-08-11,deaths,1132.825,1382,1454,1431.88,1508,1606.075,Surged Maintain Status Quo,Iraq,IRQ,2020-06-17,v3
2020-08-11,hospital_demand,69046.675,79700.5,82596,81954.905,85499,89212.125,Surged Maintain Status Quo,Iraq,IRQ,2020-06-17,v3
2020-08-11,ICU_demand,17048.75,20005.5,20847.5,20593.035,21512.25,22463.5,Surged Maintain Status Quo,Iraq,IRQ,2020-06-17,v3
2020-08-11,infections,316059.7,371993.75,396573,392269.41,418239.25,444589.775,Surged Maintain Status Quo,Iraq,IRQ,2020-06-17,v3
2020-08-11,Rt,1.61216055185408,1.68376799426189,1.708506598166,1.71230775369712,1.74838927523297,1.79688001219842,Surged Maintain Status Quo,Iraq,IRQ,2020-06-17,v3
2020-08-11,cumulative_infections,26623722.075,28698865.75,29288997.5,29211551.77,29933095.25,30786368.05,Surged Relax Interventions 50%,Iraq,IRQ,2020-06-17,v3
2020-08-11,deaths,1429.625,1646.5,1767,1769.51,1911.25,2066.275,Surged Relax Interventions 50%,Iraq,IRQ,2020-06-17,v3
2020-08-11,hospital_demand,64752.95,78975.5,85596.5,86920.435,95239.25,106449.7,Surged Relax Interventions 50%,Iraq,IRQ,2020-06-17,v3
2020-08-11,ICU_demand,17596.9,20942.25,22538.5,22817.96,24829,27462.925,Surged Relax Interventions 50%,Iraq,IRQ,2020-06-17,v3
2020-08-11,infections,110277.15,158677,186065.5,196668.23,228863.75,321771.225,Surged Relax Interventions 50%,Iraq,IRQ,2020-06-17,v3
2020-08-11,Rt,2.15851030721146,2.2543850030242,2.28750734400422,2.29259668413465,2.34090597693147,2.40582988008977,Surged Relax Interventions 50%,Iraq,IRQ,2020-06-17,v3
2020-08-12,cumulative_infections,1373077.275,1813524,2114822,2178655.835,2502737,3221808.875,Additional 50% Reduction,Iraq,IRQ,2020-06-17,v3
2020-08-12,deaths,26,46.75,58,58.645,70,92.025,Additional 50% Reduction,Iraq,IRQ,2020-06-17,v3
2020-08-12,hospital_demand,1699.7,2497.75,3148,3175.39,3666.75,4996.8,Additional 50% Reduction,Iraq,IRQ,2020-06-17,v3
2020-08-12,ICU_demand,423.725,651.75,807,810.685,951.75,1232.65,Additional 50% Reduction,Iraq,IRQ,2020-06-17,v3
2020-08-12,infections,5686.475,9008.25,11390.5,11489.42,13297.5,18874.55,Additional 50% Reduction,Iraq,IRQ,2020-06-17,v3
2020-08-12,Rt,0.812112361888779,0.843219581091691,0.857371790906153,0.857333278094658,0.873213306516869,0.901373836627557,Additional 50% Reduction,Iraq,IRQ,2020-06-17,v3
2020-08-12,cumulative_infections,13810978.1,16992011.75,18595585,18350240.11,19743968.25,21966815.775,Maintain Status Quo,Iraq,IRQ,2020-06-17,v3
2020-08-12,deaths,2694.85,3335,3598,3564.385,3826.5,4290.175,Maintain Status Quo,Iraq,IRQ,2020-06-17,v3
2020-08-12,hospital_demand,58441.2,61472,63177.5,62794.025,64203.5,66161.325,Maintain Status Quo,Iraq,IRQ,2020-06-17,v3
2020-08-12,ICU_demand,3264.55,3485.75,3610,3597.6,3722.75,3905.175,Maintain Status Quo,Iraq,IRQ,2020-06-17,v3
2020-08-12,infections,287510.3,347268,383389,374876.625,406180.5,431721.7,Maintain Status Quo,Iraq,IRQ,2020-06-17,v3
2020-08-12,Rt,1.62422472377756,1.68643916218338,1.71474358181231,1.71466655618932,1.74642661303374,1.80274767325511,Maintain Status Quo,Iraq,IRQ,2020-06-17,v3
2020-08-12,cumulative_infections,27350629.95,28935932.25,29576410,29434126.28,30052032.25,30913744.15,Relax Interventions 50%,Iraq,IRQ,2020-06-17,v3
2020-08-12,deaths,867.45,1394,1796.5,2040.115,2567,4301.025,Relax Interventions 50%,Iraq,IRQ,2020-06-17,v3
2020-08-12,hospital_demand,40102.55,47778.25,51579,52107.54,56749.25,65195.725,Relax Interventions 50%,Iraq,IRQ,2020-06-17,v3
2020-08-12,ICU_demand,2141.6,2471.25,2679.5,2727.195,2977,3554.25,Relax Interventions 50%,Iraq,IRQ,2020-06-17,v3
2020-08-12,infections,93941.05,135167,162622,173099.19,207270.75,294912.75,Relax Interventions 50%,Iraq,IRQ,2020-06-17,v3
2020-08-12,Rt,2.1746629412744,2.25796141077355,2.2958579970896,2.29575486803031,2.33827818245917,2.41368604978424,Relax Interventions 50%,Iraq,IRQ,2020-06-17,v3
2020-08-12,cumulative_infections,1454963.6,1792775,2124863.5,2145376.54,2450285.75,3090743,Surged Additional 50% Reduction,Iraq,IRQ,2020-06-17,v3
2020-08-12,deaths,29.95,44.75,57.5,58.085,69,98.05,Surged Additional 50% Reduction,Iraq,IRQ,2020-06-17,v3
2020-08-12,hospital_demand,1624.725,2496,3088.5,3127.925,3657,5007.775,Surged Additional 50% Reduction,Iraq,IRQ,2020-06-17,v3
2020-08-12,ICU_demand,431.4,640.25,779,807.25,953,1273.2,Surged Additional 50% Reduction,Iraq,IRQ,2020-06-17,v3
2020-08-12,infections,5256.425,8966.25,10966,11320.23,13443.75,18646.425,Surged Additional 50% Reduction,Iraq,IRQ,2020-06-17,v3
2020-08-12,Rt,0.806080275927038,0.841883997130944,0.854253299083001,0.85615387684856,0.874194637616486,0.89844000609921,Surged Additional 50% Reduction,Iraq,IRQ,2020-06-17,v3
2020-08-12,cumulative_infections,13497781.25,16862990.25,18405756.5,18244561.795,19768431.5,21933899.425,Surged Maintain Status Quo,Iraq,IRQ,2020-06-17,v3
2020-08-12,deaths,1150.875,1378.25,1447,1429.315,1506,1599.1,Surged Maintain Status Quo,Iraq,IRQ,2020-06-17,v3
2020-08-12,hospital_demand,70131.925,79134,81571,81062.08,83864.75,87575.725,Surged Maintain Status Quo,Iraq,IRQ,2020-06-17,v3
2020-08-12,ICU_demand,17402.75,19922.75,20592.5,20414.755,21199,22102.25,Surged Maintain Status Quo,Iraq,IRQ,2020-06-17,v3
2020-08-12,infections,295660.975,354886,381083,376811.57,404100.25,431026.225,Surged Maintain Status Quo,Iraq,IRQ,2020-06-17,v3
2020-08-12,Rt,1.61216055185408,1.68376799426189,1.708506598166,1.71230775369712,1.74838927523297,1.79688001219842,Surged Maintain Status Quo,Iraq,IRQ,2020-06-17,v3
2020-08-12,cumulative_infections,26955097.8,28903341,29452121,29387005.18,30058751,30882809.05,Surged Relax Interventions 50%,Iraq,IRQ,2020-06-17,v3
2020-08-12,deaths,1272.9,1522,1666,1662.205,1807.25,2003.15,Surged Relax Interventions 50%,Iraq,IRQ,2020-06-17,v3
2020-08-12,hospital_demand,59290.85,72900.5,79542,81050.315,89057,101726.8,Surged Relax Interventions 50%,Iraq,IRQ,2020-06-17,v3
2020-08-12,ICU_demand,16176.05,19478,21023,21384.595,23365.75,26213.525,Surged Relax Interventions 50%,Iraq,IRQ,2020-06-17,v3
2020-08-12,infections,96496.125,140542,165205.5,175453.41,205311.75,290859.75,Surged Relax Interventions 50%,Iraq,IRQ,2020-06-17,v3
2020-08-12,Rt,2.15851030721146,2.2543850030242,2.28750734400422,2.29259668413465,2.34090597693147,2.40582988008977,Surged Relax Interventions 50%,Iraq,IRQ,2020-06-17,v3
2020-08-13,cumulative_infections,1378585.55,1822189,2124939,2189820.26,2515750.5,3239289.8,Additional 50% Reduction,Iraq,IRQ,2020-06-17,v3
2020-08-13,deaths,27.975,45,56.5,56.605,66,94.025,Additional 50% Reduction,Iraq,IRQ,2020-06-17,v3
2020-08-13,hospital_demand,1633.9,2428.5,3057.5,3084.95,3560,4855.325,Additional 50% Reduction,Iraq,IRQ,2020-06-17,v3
2020-08-13,ICU_demand,399.975,631.5,783.5,789.38,921,1224.075,Additional 50% Reduction,Iraq,IRQ,2020-06-17,v3
2020-08-13,infections,5509.375,8668.75,11015.5,11164.425,12984.25,18462.75,Additional 50% Reduction,Iraq,IRQ,2020-06-17,v3
2020-08-13,Rt,0.812112361888779,0.843219581091691,0.857371790906153,0.857333278094658,0.873213306516869,0.901373836627557,Additional 50% Reduction,Iraq,IRQ,2020-06-17,v3
2020-08-13,cumulative_infections,14228192.35,17389871,18970176,18709297.49,20072668.75,22257853.35,Maintain Status Quo,Iraq,IRQ,2020-06-17,v3
2020-08-13,deaths,2496.825,3124.5,3449.5,3391.15,3678.5,4152.05,Maintain Status Quo,Iraq,IRQ,2020-06-17,v3
2020-08-13,hospital_demand,57312.5,60585.25,62136.5,61881.435,63384.5,65487.05,Maintain Status Quo,Iraq,IRQ,2020-06-17,v3
2020-08-13,ICU_demand,3125.875,3420.75,3554,3526.025,3655,3801.5,Maintain Status Quo,Iraq,IRQ,2020-06-17,v3
2020-08-13,infections,268500.45,329971.5,366649.5,359057.38,392810.25,422146.725,Maintain Status Quo,Iraq,IRQ,2020-06-17,v3
2020-08-13,Rt,1.62422472377756,1.68643916218338,1.71474358181231,1.71466655618932,1.74642661303374,1.80274767325511,Maintain Status Quo,Iraq,IRQ,2020-06-17,v3
2020-08-13,cumulative_infections,27611738.3,29121228.75,29709495.5,29588215.685,30182950.5,30994491.125,Relax Interventions 50%,Iraq,IRQ,2020-06-17,v3
2020-08-13,deaths,754.325,1157,1497.5,1703.88,2105.75,3582.575,Relax Interventions 50%,Iraq,IRQ,2020-06-17,v3
2020-08-13,hospital_demand,37373.375,44962,48857.5,49345.7,54009.25,62247.575,Relax Interventions 50%,Iraq,IRQ,2020-06-17,v3
2020-08-13,ICU_demand,2061.825,2334,2536.5,2585.325,2814.75,3384.025,Relax Interventions 50%,Iraq,IRQ,2020-06-17,v3
2020-08-13,infections,82015.575,119392.25,143923.5,154089.405,184286.75,267530.9,Relax Interventions 50%,Iraq,IRQ,2020-06-17,v3
2020-08-13,Rt,2.1746629412744,2.25796141077355,2.2958579970896,2.29575486803031,2.33827818245917,2.41368604978424,Relax Interventions 50%,Iraq,IRQ,2020-06-17,v3
2020-08-13,cumulative_infections,1461941.15,1801645.5,2137107.5,2156371.335,2463067.5,3114866,Surged Additional 50% Reduction,Iraq,IRQ,2020-06-17,v3
2020-08-13,deaths,27,45,53,56.03,65.25,95.1,Surged Additional 50% Reduction,Iraq,IRQ,2020-06-17,v3
2020-08-13,hospital_demand,1565.725,2447.25,2995,3039.335,3566,4895.25,Surged Additional 50% Reduction,Iraq,IRQ,2020-06-17,v3
2020-08-13,ICU_demand,404.825,621.5,755.5,784.315,917.75,1232.975,Surged Additional 50% Reduction,Iraq,IRQ,2020-06-17,v3
2020-08-13,infections,5195.725,8668.25,10647,10994.795,12951,18097.75,Surged Additional 50% Reduction,Iraq,IRQ,2020-06-17,v3
2020-08-13,Rt,0.806080275927038,0.841883997130944,0.854253299083001,0.85615387684856,0.874194637616486,0.89844000609921,Surged Additional 50% Reduction,Iraq,IRQ,2020-06-17,v3
2020-08-13,cumulative_infections,13869733.875,17248455.75,18756273,18605670.835,20105020.25,22209629.675,Surged Maintain Status Quo,Iraq,IRQ,2020-06-17,v3
2020-08-13,deaths,1213.45,1373.5,1433,1420.45,1482,1571.175,Surged Maintain Status Quo,Iraq,IRQ,2020-06-17,v3
2020-08-13,hospital_demand,70506.225,78159,80396.5,79952.71,82415.5,86063.15,Surged Maintain Status Quo,Iraq,IRQ,2020-06-17,v3
2020-08-13,ICU_demand,17493.85,19748.25,20339,20176.71,20881,21732.35,Surged Maintain Status Quo,Iraq,IRQ,2020-06-17,v3
2020-08-13,infections,275903.3,336327,367457,361109.04,391407.5,419430.325,Surged Maintain Status Quo,Iraq,IRQ,2020-06-17,v3
2020-08-13,Rt,1.61216055185408,1.68376799426189,1.708506598166,1.71230775369712,1.74838927523297,1.79688001219842,Surged Maintain Status Quo,Iraq,IRQ,2020-06-17,v3
2020-08-13,cumulative_infections,27254822.25,29075916.5,29595829,29543195.53,30174082.5,30967003.75,Surged Relax Interventions 50%,Iraq,IRQ,2020-06-17,v3
2020-08-13,deaths,1194.725,1423,1560,1566.34,1709.75,1936.3,Surged Relax Interventions 50%,Iraq,IRQ,2020-06-17,v3
2020-08-13,hospital_demand,54328.35,67444,73535,75311.7,83183.75,96699.1,Surged Relax Interventions 50%,Iraq,IRQ,2020-06-17,v3
2020-08-13,ICU_demand,14834.675,18089.75,19578,19979.895,21944.5,24856,Surged Relax Interventions 50%,Iraq,IRQ,2020-06-17,v3
2020-08-13,infections,84299.075,123794,146443,156190.35,183336.75,263250.25,Surged Relax Interventions 50%,Iraq,IRQ,2020-06-17,v3
2020-08-13,Rt,2.15851030721146,2.2543850030242,2.28750734400422,2.29259668413465,2.34090597693147,2.40582988008977,Surged Relax Interventions 50%,Iraq,IRQ,2020-06-17,v3
2020-08-14,cumulative_infections,1383875.05,1830452.25,2134692,2200643.515,2528309.75,3256090.475,Additional 50% Reduction,Iraq,IRQ,2020-06-17,v3
2020-08-14,deaths,25.975,43,54,55.27,64,94.025,Additional 50% Reduction,Iraq,IRQ,2020-06-17,v3
2020-08-14,hospital_demand,1572.975,2347,2955,2993.665,3465.25,4757.25,Additional 50% Reduction,Iraq,IRQ,2020-06-17,v3
2020-08-14,ICU_demand,384.95,615,760.5,769.235,904,1196.2,Additional 50% Reduction,Iraq,IRQ,2020-06-17,v3
2020-08-14,infections,5308.5,8433,10665,10823.255,12556.75,17836.125,Additional 50% Reduction,Iraq,IRQ,2020-06-17,v3
2020-08-14,Rt,0.812112361888779,0.843219581091691,0.857371790906153,0.857333278094658,0.873213306516869,0.901373836627557,Additional 50% Reduction,Iraq,IRQ,2020-06-17,v3
2020-08-14,cumulative_infections,14637548.2,17771896,19342111.5,19052314.255,20382957,22529785.925,Maintain Status Quo,Iraq,IRQ,2020-06-17,v3
2020-08-14,deaths,2286.975,2942.25,3281,3205.5,3521,3907.125,Maintain Status Quo,Iraq,IRQ,2020-06-17,v3
2020-08-14,hospital_demand,55825.625,59356,61354,60902.825,62639.75,64567.25,Maintain Status Quo,Iraq,IRQ,2020-06-17,v3
2020-08-14,ICU_demand,2998.85,3337.25,3489,3452.29,3590.25,3762.5,Maintain Status Quo,Iraq,IRQ,2020-06-17,v3
2020-08-14,infections,251568.725,312634.5,349982,343016.765,378715,407334.5,Maintain Status Quo,Iraq,IRQ,2020-06-17,v3
2020-08-14,Rt,1.62422472377756,1.68643916218338,1.71474358181231,1.71466655618932,1.74642661303374,1.80274767325511,Maintain Status Quo,Iraq,IRQ,2020-06-17,v3
2020-08-14,cumulative_infections,27847444.975,29286309.25,29837145,29725248.12,30300939.75,31064628.3,Relax Interventions 50%,Iraq,IRQ,2020-06-17,v3
2020-08-14,deaths,636.725,982,1260.5,1431.5,1777.25,3079.725,Relax Interventions 50%,Iraq,IRQ,2020-06-17,v3
2020-08-14,hospital_demand,34666.325,42175.75,46124.5,46601.27,51298.75,59354.65,Relax Interventions 50%,Iraq,IRQ,2020-06-17,v3
2020-08-14,ICU_demand,1967.925,2216.5,2406,2453.145,2653.25,3209.675,Relax Interventions 50%,Iraq,IRQ,2020-06-17,v3
2020-08-14,infections,72042.975,105665.75,127824,137032.435,164789.25,241549.975,Relax Interventions 50%,Iraq,IRQ,2020-06-17,v3
2020-08-14,Rt,2.1746629412744,2.25796141077355,2.2958579970896,2.29575486803031,2.33827818245917,2.41368604978424,Relax Interventions 50%,Iraq,IRQ,2020-06-17,v3
2020-08-14,cumulative_infections,1468745.375,1810611.75,2149148.5,2167025.62,2475167,3138428.675,Surged Additional 50% Reduction,Iraq,IRQ,2020-06-17,v3
2020-08-14,deaths,25,42.75,54,55.355,65.25,97.025,Surged Additional 50% Reduction,Iraq,IRQ,2020-06-17,v3
2020-08-14,hospital_demand,1527.025,2347.25,2927,2953.235,3483.25,4748.525,Surged Additional 50% Reduction,Iraq,IRQ,2020-06-17,v3
2020-08-14,ICU_demand,391.825,612.5,740,762.89,894.25,1200.725,Surged Additional 50% Reduction,Iraq,IRQ,2020-06-17,v3
2020-08-14,infections,5019.575,8386.5,10341,10654.285,12616.25,17570.425,Surged Additional 50% Reduction,Iraq,IRQ,2020-06-17,v3
2020-08-14,Rt,0.806080275927038,0.841883997130944,0.854253299083001,0.85615387684856,0.874194637616486,0.89844000609921,Surged Additional 50% Reduction,Iraq,IRQ,2020-06-17,v3
2020-08-14,cumulative_infections,14235309.575,17644060.5,19103539.5,18950830.115,20415079.25,22466773.725,Surged Maintain Status Quo,Iraq,IRQ,2020-06-17,v3
2020-08-14,deaths,1199,1368.75,1417,1407.53,1474.25,1552.05,Surged Maintain Status Quo,Iraq,IRQ,2020-06-17,v3
2020-08-14,hospital_demand,70711.425,76375.25,78928.5,78633.125,80977.75,84368.825,Surged Maintain Status Quo,Iraq,IRQ,2020-06-17,v3
2020-08-14,ICU_demand,17668.625,19372.75,19978,19888.37,20484,21377.275,Surged Maintain Status Quo,Iraq,IRQ,2020-06-17,v3
2020-08-14,infections,257339.925,318076,349911.5,345159.28,377300.5,406944.375,Surged Maintain Status Quo,Iraq,IRQ,2020-06-17,v3
2020-08-14,Rt,1.61216055185408,1.68376799426189,1.708506598166,1.71230775369712,1.74838927523297,1.79688001219842,Surged Maintain Status Quo,Iraq,IRQ,2020-06-17,v3
2020-08-14,cumulative_infections,27525631.475,29243063,29738940.5,29682142.84,30296073,31040752.125,Surged Relax Interventions 50%,Iraq,IRQ,2020-06-17,v3
2020-08-14,deaths,1081.9,1318.25,1448,1464.36,1612,1855.4,Surged Relax Interventions 50%,Iraq,IRQ,2020-06-17,v3
2020-08-14,hospital_demand,49340.5,61998,68084.5,69768.115,77478.25,91580.075,Surged Relax Interventions 50%,Iraq,IRQ,2020-06-17,v3
2020-08-14,ICU_demand,13575.625,16698,18240,18599.915,20423.25,23556.75,Surged Relax Interventions 50%,Iraq,IRQ,2020-06-17,v3
2020-08-14,infections,74086.75,109372.5,130086,138947.31,164110.25,237165.125,Surged Relax Interventions 50%,Iraq,IRQ,2020-06-17,v3
2020-08-14,Rt,2.15851030721146,2.2543850030242,2.28750734400422,2.29259668413465,2.34090597693147,2.40582988008977,Surged Relax Interventions 50%,Iraq,IRQ,2020-06-17,v3
2020-08-15,cumulative_infections,1389093.025,1838447.25,2145463.5,2211148.235,2539867,3272759.85,Additional 50% Reduction,Iraq,IRQ,2020-06-17,v3
2020-08-15,deaths,25.925,43,53,54.495,65,91.05,Additional 50% Reduction,Iraq,IRQ,2020-06-17,v3
2020-08-15,hospital_demand,1528.95,2270.5,2874,2907.86,3376.5,4605.475,Additional 50% Reduction,Iraq,IRQ,2020-06-17,v3
2020-08-15,ICU_demand,374.85,598.5,740.5,747.475,869.25,1158.525,Additional 50% Reduction,Iraq,IRQ,2020-06-17,v3
2020-08-15,infections,5217.975,8170.5,10344.5,10504.72,12283.75,17329.45,Additional 50% Reduction,Iraq,IRQ,2020-06-17,v3
2020-08-15,Rt,0.812112361888779,0.843219581091691,0.857371790906153,0.857333278094658,0.873213306516869,0.901373836627557,Additional 50% Reduction,Iraq,IRQ,2020-06-17,v3
2020-08-15,cumulative_infections,15038168.125,18138565.25,19669115,19379398.46,20680896.25,22774403.1,Maintain Status Quo,Iraq,IRQ,2020-06-17,v3
2020-08-15,deaths,1991.425,2704.25,3101,3021.705,3356.75,3791.45,Maintain Status Quo,Iraq,IRQ,2020-06-17,v3
2020-08-15,hospital_demand,54375.925,58235.5,60435.5,59865.265,61624,63550.4,Maintain Status Quo,Iraq,IRQ,2020-06-17,v3
2020-08-15,ICU_demand,2934.5,3246,3409,3375.6,3527.5,3666.025,Maintain Status Quo,Iraq,IRQ,2020-06-17,v3
2020-08-15,infections,234075.8,295036.5,332774,327084.205,363463.75,394445.7,Maintain Status Quo,Iraq,IRQ,2020-06-17,v3
2020-08-15,Rt,1.62422472377756,1.68643916218338,1.71474358181231,1.71466655618932,1.74642661303374,1.80274767325511,Maintain Status Quo,Iraq,IRQ,2020-06-17,v3
2020-08-15,cumulative_infections,28059663.175,29430151.25,29952258,29846928.95,30395565.5,31135178.7,Relax Interventions 50%,Iraq,IRQ,2020-06-17,v3
2020-08-15,deaths,558.775,844,1077,1210.21,1472.5,2603.4,Relax Interventions 50%,Iraq,IRQ,2020-06-17,v3
2020-08-15,hospital_demand,31953.35,39375.25,43394.5,43884.1,48665.5,56827.425,Relax Interventions 50%,Iraq,IRQ,2020-06-17,v3
2020-08-15,ICU_demand,1875.925,2115.75,2275,2330.44,2520,3030.025,Relax Interventions 50%,Iraq,IRQ,2020-06-17,v3
2020-08-15,infections,63056.875,93270.75,113104,121680.83,146100.75,218204.2,Relax Interventions 50%,Iraq,IRQ,2020-06-17,v3
2020-08-15,Rt,2.1746629412744,2.25796141077355,2.2958579970896,2.29575486803031,2.33827818245917,2.41368604978424,Relax Interventions 50%,Iraq,IRQ,2020-06-17,v3
2020-08-15,cumulative_infections,1475314.6,1819448.25,2160922,2177390.9,2486362.75,3161378.6,Surged Additional 50% Reduction,Iraq,IRQ,2020-06-17,v3
2020-08-15,deaths,26.975,41,51,52.9,62,89,Surged Additional 50% Reduction,Iraq,IRQ,2020-06-17,v3
2020-08-15,hospital_demand,1469.725,2295.75,2830.5,2871.215,3382,4626.9,Surged Additional 50% Reduction,Iraq,IRQ,2020-06-17,v3
2020-08-15,ICU_demand,370.95,584.25,717.5,740.61,876,1205.2,Surged Additional 50% Reduction,Iraq,IRQ,2020-06-17,v3
2020-08-15,infections,4762.05,8183.75,10010.5,10365.28,12299.75,17019.6,Surged Additional 50% Reduction,Iraq,IRQ,2020-06-17,v3
2020-08-15,Rt,0.806080275927038,0.841883997130944,0.854253299083001,0.85615387684856,0.874194637616486,0.89844000609921,Surged Additional 50% Reduction,Iraq,IRQ,2020-06-17,v3
2020-08-15,cumulative_infections,14592280.45,18040103,19441892,19280130.35,20714428.5,22705807.25,Surged Maintain Status Quo,Iraq,IRQ,2020-06-17,v3
2020-08-15,deaths,1202.875,1347.75,1398.5,1391.29,1449,1517.725,Surged Maintain Status Quo,Iraq,IRQ,2020-06-17,v3
2020-08-15,hospital_demand,70336.925,74997.25,77276,77147.02,79434.5,83252.875,Surged Maintain Status Quo,Iraq,IRQ,2020-06-17,v3
2020-08-15,ICU_demand,17800.3,18968.5,19630,19555.195,20088.75,21029.525,Surged Maintain Status Quo,Iraq,IRQ,2020-06-17,v3
2020-08-15,infections,239156.625,301185,332688.5,329300.235,362562.75,392911.65,Surged Maintain Status Quo,Iraq,IRQ,2020-06-17,v3
2020-08-15,Rt,1.61216055185408,1.68376799426189,1.708506598166,1.71230775369712,1.74838927523297,1.79688001219842,Surged Maintain Status Quo,Iraq,IRQ,2020-06-17,v3
2020-08-15,cumulative_infections,27768862.175,29380851,29863525.5,29805558.14,30406691.5,31105468.275,Surged Relax Interventions 50%,Iraq,IRQ,2020-06-17,v3
2020-08-15,deaths,975.975,1219.75,1353.5,1361.72,1477.25,1775.45,Surged Relax Interventions 50%,Iraq,IRQ,2020-06-17,v3
2020-08-15,hospital_demand,44770.375,56797.75,62906.5,64447.275,71796,86279.975,Surged Relax Interventions 50%,Iraq,IRQ,2020-06-17,v3
2020-08-15,ICU_demand,12401.85,15423,16881,17267.14,19047,22365.425,Surged Relax Interventions 50%,Iraq,IRQ,2020-06-17,v3
2020-08-15,infections,64767.45,96433.25,115340.5,123415.3,145925,213166.55,Surged Relax Interventions 50%,Iraq,IRQ,2020-06-17,v3
2020-08-15,Rt,2.15851030721146,2.2543850030242,2.28750734400422,2.29259668413465,2.34090597693147,2.40582988008977,Surged Relax Interventions 50%,Iraq,IRQ,2020-06-17,v3
2020-08-16,cumulative_infections,1393966.95,1846136.5,2156140.5,2221335.445,2550796,3288508.55,Additional 50% Reduction,Iraq,IRQ,2020-06-17,v3
2020-08-16,deaths,23.925,41.75,52,52.775,61.25,86.025,Additional 50% Reduction,Iraq,IRQ,2020-06-17,v3
2020-08-16,hospital_demand,1502.575,2216,2790.5,2823.26,3285.5,4519.25,Additional 50% Reduction,Iraq,IRQ,2020-06-17,v3
2020-08-16,ICU_demand,363.975,575,721,726.41,846,1137.125,Additional 50% Reduction,Iraq,IRQ,2020-06-17,v3
2020-08-16,infections,4964.6,7906.25,10007.5,10187.21,11898.75,16846.55,Additional 50% Reduction,Iraq,IRQ,2020-06-17,v3
2020-08-16,Rt,0.812112361888779,0.843219581091691,0.857371790906153,0.857333278094658,0.873213306516869,0.901373836627557,Additional 50% Reduction,Iraq,IRQ,2020-06-17,v3
2020-08-16,cumulative_infections,15428918.1,18494433.25,19992366,19690546.105,20975803,22991174.5,Maintain Status Quo,Iraq,IRQ,2020-06-17,v3
2020-08-16,deaths,1763.7,2469,2922,2820.565,3172.75,3547.55,Maintain Status Quo,Iraq,IRQ,2020-06-17,v3
2020-08-16,hospital_demand,52742.275,57002.25,59356,58774.075,60774.75,62543.225,Maintain Status Quo,Iraq,IRQ,2020-06-17,v3
2020-08-16,ICU_demand,2817.75,3144.5,3351,3298.715,3454.25,3640.05,Maintain Status Quo,Iraq,IRQ,2020-06-17,v3
2020-08-16,infections,217441.925,277679.5,316246,311147.645,348130.25,382095.175,Maintain Status Quo,Iraq,IRQ,2020-06-17,v3
2020-08-16,Rt,1.62422472377756,1.68643916218338,1.71474358181231,1.71466655618932,1.74642661303374,1.80274767325511,Maintain Status Quo,Iraq,IRQ,2020-06-17,v3
2020-08-16,cumulative_infections,28250020.9,29545132,30058706,29954891.615,30480831.75,31205011.55,Relax Interventions 50%,Iraq,IRQ,2020-06-17,v3
2020-08-16,deaths,484.875,726.5,918.5,1026.45,1237.5,2182.45,Relax Interventions 50%,Iraq,IRQ,2020-06-17,v3
2020-08-16,hospital_demand,29342.7,36667.25,40548.5,41195.43,45970.25,54484.875,Relax Interventions 50%,Iraq,IRQ,2020-06-17,v3
2020-08-16,ICU_demand,1824.5,2025.75,2173.5,2221.71,2402.25,2848.95,Relax Interventions 50%,Iraq,IRQ,2020-06-17,v3
2020-08-16,infections,55112.7,82263.75,99747.5,107962.665,129789.25,194866.825,Relax Interventions 50%,Iraq,IRQ,2020-06-17,v3
2020-08-16,Rt,2.1746629412744,2.25796141077355,2.2958579970896,2.29575486803031,2.33827818245917,2.41368604978424,Relax Interventions 50%,Iraq,IRQ,2020-06-17,v3
2020-08-16,cumulative_infections,1481700.4,1828277,2172208.5,2187452.765,2497113.5,3183605.45,Surged Additional 50% Reduction,Iraq,IRQ,2020-06-17,v3
2020-08-16,deaths,24,40,51,52.095,64,84.125,Surged Additional 50% Reduction,Iraq,IRQ,2020-06-17,v3
2020-08-16,hospital_demand,1423.375,2215,2722.5,2788.995,3294.25,4527.35,Surged Additional 50% Reduction,Iraq,IRQ,2020-06-17,v3
2020-08-16,ICU_demand,362.875,570.25,701,719.45,850.5,1165.275,Surged Additional 50% Reduction,Iraq,IRQ,2020-06-17,v3
2020-08-16,infections,4555.35,7856,9768,10061.865,11973.5,16697.85,Surged Additional 50% Reduction,Iraq,IRQ,2020-06-17,v3
2020-08-16,Rt,0.806080275927038,0.841883997130944,0.854253299083001,0.85615387684856,0.874194637616486,0.89844000609921,Surged Additional 50% Reduction,Iraq,IRQ,2020-06-17,v3
2020-08-16,cumulative_infections,14940296.375,18420375.5,19763179,19593389.345,20989601.25,22927989.475,Surged Maintain Status Quo,Iraq,IRQ,2020-06-17,v3
2020-08-16,deaths,1201.8,1327,1378,1373.38,1419.25,1507.025,Surged Maintain Status Quo,Iraq,IRQ,2020-06-17,v3
2020-08-16,hospital_demand,67407.625,73069,75713.5,75488.955,77894.5,81536.8,Surged Maintain Status Quo,Iraq,IRQ,2020-06-17,v3
2020-08-16,ICU_demand,17272.375,18607,19200.5,19169.34,19773.75,20677,Surged Maintain Status Quo,Iraq,IRQ,2020-06-17,v3
2020-08-16,infections,222000.625,283649,313017,313258.995,347968,381407.725,Surged Maintain Status Quo,Iraq,IRQ,2020-06-17,v3
2020-08-16,Rt,1.61216055185408,1.68376799426189,1.708506598166,1.71230775369712,1.74838927523297,1.79688001219842,Surged Maintain Status Quo,Iraq,IRQ,2020-06-17,v3
2020-08-16,cumulative_infections,27988730.2,29509963.25,29968195,29915113.2,30504164.5,31164204.075,Surged Relax Interventions 50%,Iraq,IRQ,2020-06-17,v3
2020-08-16,deaths,899.9,1125,1251,1269.505,1420.75,1643,Surged Relax Interventions 50%,Iraq,IRQ,2020-06-17,v3
2020-08-16,hospital_demand,40586.475,51923.5,57817,59355.735,66248.75,81200.025,Surged Relax Interventions 50%,Iraq,IRQ,2020-06-17,v3
2020-08-16,ICU_demand,11295.35,14146.75,15560.5,15980.24,17717.75,21134.95,Surged Relax Interventions 50%,Iraq,IRQ,2020-06-17,v3
2020-08-16,infections,57024.675,84756.5,102278.5,109555.06,129654,191870.175,Surged Relax Interventions 50%,Iraq,IRQ,2020-06-17,v3
2020-08-16,Rt,2.15851030721146,2.2543850030242,2.28750734400422,2.29259668413465,2.34090597693147,2.40582988008977,Surged Relax Interventions 50%,Iraq,IRQ,2020-06-17,v3
2020-08-17,cumulative_infections,1398652.05,1853718.5,2166433.5,2231218.935,2561456.5,3303904.3,Additional 50% Reduction,Iraq,IRQ,2020-06-17,v3
2020-08-17,deaths,25.95,39,49,50.785,59.25,88.025,Additional 50% Reduction,Iraq,IRQ,2020-06-17,v3
2020-08-17,hospital_demand,1432.8,2161,2689,2745.08,3202.5,4401.425,Additional 50% Reduction,Iraq,IRQ,2020-06-17,v3
2020-08-17,ICU_demand,352,566.75,696.5,705.645,819.25,1109.375,Additional 50% Reduction,Iraq,IRQ,2020-06-17,v3
2020-08-17,infections,4764.9,7647.25,9748,9883.49,11499.25,16328.575,Additional 50% Reduction,Iraq,IRQ,2020-06-17,v3
2020-08-17,Rt,0.812112361888779,0.843219581091691,0.857371790906153,0.857333278094658,0.873213306516869,0.901373836627557,Additional 50% Reduction,Iraq,IRQ,2020-06-17,v3
2020-08-17,cumulative_infections,15809217.475,18833891,20294721,19986007.425,21283308.25,23191242.55,Maintain Status Quo,Iraq,IRQ,2020-06-17,v3
2020-08-17,deaths,1559.325,2254.75,2727.5,2614.38,3027.5,3361.875,Maintain Status Quo,Iraq,IRQ,2020-06-17,v3
2020-08-17,hospital_demand,51155.375,55629,58286.5,57652.175,59957,61527.175,Maintain Status Quo,Iraq,IRQ,2020-06-17,v3
2020-08-17,ICU_demand,2757.875,3066,3255.5,3213.255,3382.5,3550.125,Maintain Status Quo,Iraq,IRQ,2020-06-17,v3
2020-08-17,infections,202019.3,260862.75,299029.5,295461.32,333154,370876.325,Maintain Status Quo,Iraq,IRQ,2020-06-17,v3
2020-08-17,Rt,1.62422472377756,1.68643916218338,1.71474358181231,1.71466655618932,1.74642661303374,1.80274767325511,Maintain Status Quo,Iraq,IRQ,2020-06-17,v3
2020-08-17,cumulative_infections,28421074.525,29652753.75,30145148.5,30050602.86,30557983,31266744.675,Relax Interventions 50%,Iraq,IRQ,2020-06-17,v3
2020-08-17,deaths,410.625,639.5,776.5,875.325,1066.25,1814.525,Relax Interventions 50%,Iraq,IRQ,2020-06-17,v3
2020-08-17,hospital_demand,26863.625,33962,37798,38542.83,43314,51961.475,Relax Interventions 50%,Iraq,IRQ,2020-06-17,v3
2020-08-17,ICU_demand,1729,1948.25,2067,2122.87,2273.25,2721.25,Relax Interventions 50%,Iraq,IRQ,2020-06-17,v3
2020-08-17,infections,48288.6,72593.25,88599,95711.245,115454.25,175041.1,Relax Interventions 50%,Iraq,IRQ,2020-06-17,v3
2020-08-17,Rt,2.1746629412744,2.25796141077355,2.2958579970896,2.29575486803031,2.33827818245917,2.41368604978424,Relax Interventions 50%,Iraq,IRQ,2020-06-17,v3
2020-08-17,cumulative_infections,1487930.525,1837129,2183292.5,2197219.7,2508248,3205689.275,Surged Additional 50% Reduction,Iraq,IRQ,2020-06-17,v3
2020-08-17,deaths,24,38,48.5,50.205,60,87.075,Surged Additional 50% Reduction,Iraq,IRQ,2020-06-17,v3
2020-08-17,hospital_demand,1339.725,2159.25,2627.5,2705.445,3192.5,4359.575,Surged Additional 50% Reduction,Iraq,IRQ,2020-06-17,v3
2020-08-17,ICU_demand,346.825,555.5,686.5,699.54,818.25,1138.325,Surged Additional 50% Reduction,Iraq,IRQ,2020-06-17,v3
2020-08-17,infections,4420.5,7691.75,9477,9766.935,11616,16074.575,Surged Additional 50% Reduction,Iraq,IRQ,2020-06-17,v3
2020-08-17,Rt,0.806080275927038,0.841883997130944,0.854253299083001,0.85615387684856,0.874194637616486,0.89844000609921,Surged Additional 50% Reduction,Iraq,IRQ,2020-06-17,v3
2020-08-17,cumulative_infections,15279831.875,18783194.25,20068381.5,19891104.86,21239772.25,23135152.825,Surged Maintain Status Quo,Iraq,IRQ,2020-06-17,v3
2020-08-17,deaths,1189.925,1296.5,1351,1344.165,1396.25,1462.025,Surged Maintain Status Quo,Iraq,IRQ,2020-06-17,v3
2020-08-17,hospital_demand,66262.2,71614.25,73882.5,73669.225,76224.25,80190.175,Surged Maintain Status Quo,Iraq,IRQ,2020-06-17,v3
2020-08-17,ICU_demand,16807.775,18171.5,18826.5,18744.95,19377,20427.875,Surged Maintain Status Quo,Iraq,IRQ,2020-06-17,v3
2020-08-17,infections,206904.35,267783.5,296406,297715.515,334122.75,369623.425,Surged Maintain Status Quo,Iraq,IRQ,2020-06-17,v3
2020-08-17,Rt,1.61216055185408,1.68376799426189,1.708506598166,1.71230775369712,1.74838927523297,1.79688001219842,Surged Maintain Status Quo,Iraq,IRQ,2020-06-17,v3
2020-08-17,cumulative_infections,28186789.225,29622443.5,30054060.5,30012236.61,30584982.25,31216568.9,Surged Relax Interventions 50%,Iraq,IRQ,2020-06-17,v3
2020-08-17,deaths,816,1032.5,1157,1173.67,1300.75,1535.025,Surged Relax Interventions 50%,Iraq,IRQ,2020-06-17,v3
2020-08-17,hospital_demand,36645.275,47368,52831.5,54503.125,61206.25,75895.525,Surged Relax Interventions 50%,Iraq,IRQ,2020-06-17,v3
2020-08-17,ICU_demand,10287.375,12992.5,14373,14756.495,16387.75,19899.55,Surged Relax Interventions 50%,Iraq,IRQ,2020-06-17,v3
2020-08-17,infections,50095.8,74562,90090,97123.41,115180.75,172302.025,Surged Relax Interventions 50%,Iraq,IRQ,2020-06-17,v3
2020-08-17,Rt,2.15851030721146,2.2543850030242,2.28750734400422,2.29259668413465,2.34090597693147,2.40582988008977,Surged Relax Interventions 50%,Iraq,IRQ,2020-06-17,v3
2020-08-18,cumulative_infections,1403303.45,1861010.25,2176560.5,2240819.785,2573658.75,3318968.525,Additional 50% Reduction,Iraq,IRQ,2020-06-17,v3
2020-08-18,deaths,23,40,50,50.62,59,81.2,Additional 50% Reduction,Iraq,IRQ,2020-06-17,v3
2020-08-18,hospital_demand,1384.85,2096.75,2609.5,2665.105,3121,4272.625,Additional 50% Reduction,Iraq,IRQ,2020-06-17,v3
2020-08-18,ICU_demand,348.9,544,679,684.825,795,1084.625,Additional 50% Reduction,Iraq,IRQ,2020-06-17,v3
2020-08-18,infections,4648.85,7517.25,9430,9600.85,11268.75,16010.75,Additional 50% Reduction,Iraq,IRQ,2020-06-17,v3
2020-08-18,Rt,0.812112361888779,0.843219581091691,0.857371790906153,0.857333278094658,0.873213306516869,0.901373836627557,Additional 50% Reduction,Iraq,IRQ,2020-06-17,v3
2020-08-18,cumulative_infections,16178817.8,19155482,20570847.5,20265937.3,21543484.5,23376971.675,Maintain Status Quo,Iraq,IRQ,2020-06-17,v3
2020-08-18,deaths,1415.4,1979,2499,2406.5,2834.5,3194.475,Maintain Status Quo,Iraq,IRQ,2020-06-17,v3
2020-08-18,hospital_demand,49479.525,54319.25,57102,56470.18,58756.5,61085,Maintain Status Quo,Iraq,IRQ,2020-06-17,v3
2020-08-18,ICU_demand,2641.975,2958.75,3166.5,3133.835,3320.25,3488.025,Maintain Status Quo,Iraq,IRQ,2020-06-17,v3
2020-08-18,infections,187909.55,243583,282497.5,279929.875,317934.75,359945.875,Maintain Status Quo,Iraq,IRQ,2020-06-17,v3
2020-08-18,Rt,1.62422472377756,1.68643916218338,1.71474358181231,1.71466655618932,1.74642661303374,1.80274767325511,Maintain Status Quo,Iraq,IRQ,2020-06-17,v3
2020-08-18,cumulative_infections,28574898.05,29751073.25,30222208,30135380.39,30627067.5,31320711.2,Relax Interventions 50%,Iraq,IRQ,2020-06-17,v3
2020-08-18,deaths,364.8,544.75,677,752.945,902.75,1477.125,Relax Interventions 50%,Iraq,IRQ,2020-06-17,v3
2020-08-18,hospital_demand,24491.475,31254.5,35217.5,35948.86,40521.25,49567.925,Relax Interventions 50%,Iraq,IRQ,2020-06-17,v3
2020-08-18,ICU_demand,1677.8,1886.25,1974,2036.86,2168.5,2581.625,Relax Interventions 50%,Iraq,IRQ,2020-06-17,v3
2020-08-18,infections,42532.925,63938.25,78661.5,84777.53,102578.25,157220.5,Relax Interventions 50%,Iraq,IRQ,2020-06-17,v3
2020-08-18,Rt,2.1746629412744,2.25796141077355,2.2958579970896,2.29575486803031,2.33827818245917,2.41368604978424,Relax Interventions 50%,Iraq,IRQ,2020-06-17,v3
2020-08-18,cumulative_infections,1493887,1845556,2194034.5,2206697.145,2519501.75,3225537.925,Surged Additional 50% Reduction,Iraq,IRQ,2020-06-17,v3
2020-08-18,deaths,22,39,48,48.965,60,78.025,Surged Additional 50% Reduction,Iraq,IRQ,2020-06-17,v3
2020-08-18,hospital_demand,1306.65,2102,2566,2626.885,3108.5,4287.15,Surged Additional 50% Reduction,Iraq,IRQ,2020-06-17,v3
2020-08-18,ICU_demand,339.725,546.25,661.5,679.35,798.75,1122.075,Surged Additional 50% Reduction,Iraq,IRQ,2020-06-17,v3
2020-08-18,infections,4282.375,7381.5,9144,9477.445,11329.5,15762.375,Surged Additional 50% Reduction,Iraq,IRQ,2020-06-17,v3
2020-08-18,Rt,0.806080275927038,0.841883997130944,0.854253299083001,0.85615387684856,0.874194637616486,0.89844000609921,Surged Additional 50% Reduction,Iraq,IRQ,2020-06-17,v3
2020-08-18,cumulative_infections,15608749.8,19119204.5,20348700,20173235.915,21502779.75,23328074.675,Surged Maintain Status Quo,Iraq,IRQ,2020-06-17,v3
2020-08-18,deaths,1197.55,1272,1327,1321.295,1374,1446.025,Surged Maintain Status Quo,Iraq,IRQ,2020-06-17,v3
2020-08-18,hospital_demand,63592.95,69596.75,72208.5,71719.475,74413.75,78535.425,Surged Maintain Status Quo,Iraq,IRQ,2020-06-17,v3
2020-08-18,ICU_demand,16489.9,17782.25,18325.5,18286.41,18911.5,20024.1,Surged Maintain Status Quo,Iraq,IRQ,2020-06-17,v3
2020-08-18,infections,192687.625,250819.75,279206,282131.055,318571.25,358654.2,Surged Maintain Status Quo,Iraq,IRQ,2020-06-17,v3
2020-08-18,Rt,1.61216055185408,1.68376799426189,1.708506598166,1.71230775369712,1.74838927523297,1.79688001219842,Surged Maintain Status Quo,Iraq,IRQ,2020-06-17,v3
2020-08-18,cumulative_infections,28364380.575,29717505,30131237,30098317.775,30653701.25,31261464.5,Surged Relax Interventions 50%,Iraq,IRQ,2020-06-17,v3
2020-08-18,deaths,762.75,949.75,1059.5,1082.74,1208.75,1450.6,Surged Relax Interventions 50%,Iraq,IRQ,2020-06-17,v3
2020-08-18,hospital_demand,33077.675,43084,48270.5,49935.145,56199,70790.325,Surged Relax Interventions 50%,Iraq,IRQ,2020-06-17,v3
2020-08-18,ICU_demand,9302.625,11873.25,13197.5,13588.625,15161,18724.225,Surged Relax Interventions 50%,Iraq,IRQ,2020-06-17,v3
2020-08-18,infections,43648.325,65673.25,79859,86081.165,102008.75,155713.525,Surged Relax Interventions 50%,Iraq,IRQ,2020-06-17,v3
2020-08-18,Rt,2.15851030721146,2.2543850030242,2.28750734400422,2.29259668413465,2.34090597693147,2.40582988008977,Surged Relax Interventions 50%,Iraq,IRQ,2020-06-17,v3
2020-08-19,cumulative_infections,1407800.35,1867968.5,2186337,2250122.95,2586338.25,3334243.1,Additional 50% Reduction,Iraq,IRQ,2020-06-17,v3
2020-08-19,deaths,21.975,38.75,48,48.89,58.25,75.075,Additional 50% Reduction,Iraq,IRQ,2020-06-17,v3
2020-08-19,hospital_demand,1339.675,2035.5,2527,2590.305,3017.25,4173.05,Additional 50% Reduction,Iraq,IRQ,2020-06-17,v3
2020-08-19,ICU_demand,333.925,532.75,658,665.135,774,1076.1,Additional 50% Reduction,Iraq,IRQ,2020-06-17,v3
2020-08-19,infections,4496.9,7196,9103.5,9303.165,10779.75,15534.7,Additional 50% Reduction,Iraq,IRQ,2020-06-17,v3
2020-08-19,Rt,0.812112361888779,0.843219581091691,0.857371790906153,0.857333278094658,0.873213306516869,0.901373836627557,Additional 50% Reduction,Iraq,IRQ,2020-06-17,v3
2020-08-19,cumulative_infections,16536075.825,19460926.25,20827751,20530814.565,21766233.5,23548717.275,Maintain Status Quo,Iraq,IRQ,2020-06-17,v3
2020-08-19,deaths,1236.675,1768.25,2253,2211.025,2646,3034.125,Maintain Status Quo,Iraq,IRQ,2020-06-17,v3
2020-08-19,hospital_demand,47766.85,52918.75,55883.5,55245.71,57892.75,60104.45,Maintain Status Quo,Iraq,IRQ,2020-06-17,v3
2020-08-19,ICU_demand,2575.95,2878,3098.5,3049.34,3247.25,3411.225,Maintain Status Quo,Iraq,IRQ,2020-06-17,v3
2020-08-19,infections,175050.5,228658.25,264986,264877.265,301685.25,350030.975,Maintain Status Quo,Iraq,IRQ,2020-06-17,v3
2020-08-19,Rt,1.62422472377756,1.68643916218338,1.71474358181231,1.71466655618932,1.74642661303374,1.80274767325511,Maintain Status Quo,Iraq,IRQ,2020-06-17,v3
2020-08-19,cumulative_infections,28712379.7,29830705,30295354,30210406.055,30688452.5,31366049.65,Relax Interventions 50%,Iraq,IRQ,2020-06-17,v3
2020-08-19,deaths,296.8,488.5,583,651.625,770,1253.15,Relax Interventions 50%,Iraq,IRQ,2020-06-17,v3
2020-08-19,hospital_demand,22240.425,28793.5,32568,33413.285,37888.25,47112.525,Relax Interventions 50%,Iraq,IRQ,2020-06-17,v3
2020-08-19,ICU_demand,1645.2,1812,1909,1953.14,2080.25,2451.05,Relax Interventions 50%,Iraq,IRQ,2020-06-17,v3
2020-08-19,infections,36937.725,56294.25,69273.5,75025.665,90827.25,140201.6,Relax Interventions 50%,Iraq,IRQ,2020-06-17,v3
2020-08-19,Rt,2.1746629412744,2.25796141077355,2.2958579970896,2.29575486803031,2.33827818245917,2.41368604978424,Relax Interventions 50%,Iraq,IRQ,2020-06-17,v3
2020-08-19,cumulative_infections,1499646.45,1853290,2204576.5,2215880.28,2530488,3241072.325,Surged Additional 50% Reduction,Iraq,IRQ,2020-06-17,v3
2020-08-19,deaths,23,36,46,47.53,57,79.05,Surged Additional 50% Reduction,Iraq,IRQ,2020-06-17,v3
2020-08-19,hospital_demand,1249.85,2044,2486.5,2550.495,3023.75,4156.075,Surged Additional 50% Reduction,Iraq,IRQ,2020-06-17,v3
2020-08-19,ICU_demand,329.625,528,646.5,659.65,770.25,1091.025,Surged Additional 50% Reduction,Iraq,IRQ,2020-06-17,v3
2020-08-19,infections,4093.625,7185.75,8945,9183.135,10911.25,15158.7,Surged Additional 50% Reduction,Iraq,IRQ,2020-06-17,v3
2020-08-19,Rt,0.806080275927038,0.841883997130944,0.854253299083001,0.85615387684856,0.874194637616486,0.89844000609921,Surged Additional 50% Reduction,Iraq,IRQ,2020-06-17,v3
2020-08-19,cumulative_infections,15927040.225,19428561.25,20609119,20440312.065,21746754.75,23506761.425,Surged Maintain Status Quo,Iraq,IRQ,2020-06-17,v3
2020-08-19,deaths,1160.8,1243.75,1290,1290.295,1335,1418.075,Surged Maintain Status Quo,Iraq,IRQ,2020-06-17,v3
2020-08-19,hospital_demand,60690.075,67129.5,70320.5,69647.54,72649,76534.3,Surged Maintain Status Quo,Iraq,IRQ,2020-06-17,v3
2020-08-19,ICU_demand,15743.525,17219.75,17868,17793.885,18450,19546.475,Surged Maintain Status Quo,Iraq,IRQ,2020-06-17,v3
2020-08-19,infections,178540.125,234984.75,263577.5,267076.15,302631.25,346840.925,Surged Maintain Status Quo,Iraq,IRQ,2020-06-17,v3
2020-08-19,Rt,1.61216055185408,1.68376799426189,1.708506598166,1.71230775369712,1.74838927523297,1.79688001219842,Surged Maintain Status Quo,Iraq,IRQ,2020-06-17,v3
2020-08-19,cumulative_infections,28511480.55,29802178.25,30199387,30174504.37,30714021.25,31298395.275,Surged Relax Interventions 50%,Iraq,IRQ,2020-06-17,v3
2020-08-19,deaths,671.95,887.5,981,1002.26,1127.5,1357.325,Surged Relax Interventions 50%,Iraq,IRQ,2020-06-17,v3
2020-08-19,hospital_demand,29718.875,39212.25,44027.5,45629.15,51505,65929.525,Surged Relax Interventions 50%,Iraq,IRQ,2020-06-17,v3
2020-08-19,ICU_demand,8411.7,10810.75,12102,12489.585,14002.25,17468.025,Surged Relax Interventions 50%,Iraq,IRQ,2020-06-17,v3
2020-08-19,infections,38280.35,57601.5,70503,76186.595,90387.25,139525.725,Surged Relax Interventions 50%,Iraq,IRQ,2020-06-17,v3
2020-08-19,Rt,2.15851030721146,2.2543850030242,2.28750734400422,2.29259668413465,2.34090597693147,2.40582988008977,Surged Relax Interventions 50%,Iraq,IRQ,2020-06-17,v3
2020-08-20,cumulative_infections,1412086.65,1874813,2195904.5,2259172.21,2598456,3349152.2,Additional 50% Reduction,Iraq,IRQ,2020-06-17,v3
2020-08-20,deaths,20.95,36,45.5,46.975,56,79.15,Additional 50% Reduction,Iraq,IRQ,2020-06-17,v3
2020-08-20,hospital_demand,1303.75,1972,2446.5,2516.205,2941.5,4074.325,Additional 50% Reduction,Iraq,IRQ,2020-06-17,v3
2020-08-20,ICU_demand,330.65,519.25,635,646.545,752.25,1034.075,Additional 50% Reduction,Iraq,IRQ,2020-06-17,v3
2020-08-20,infections,4373.7,7005,8886,9049.26,10508.25,15071.325,Additional 50% Reduction,Iraq,IRQ,2020-06-17,v3
2020-08-20,Rt,0.812112361888779,0.843219581091691,0.857371790906153,0.857333278094658,0.873213306516869,0.901373836627557,Additional 50% Reduction,Iraq,IRQ,2020-06-17,v3
2020-08-20,cumulative_infections,16880024.175,19755146.25,21059744,20780959.63,21975599.75,23707473.225,Maintain Status Quo,Iraq,IRQ,2020-06-17,v3
2020-08-20,deaths,1175.475,1614,2030,2014.74,2435.25,2835,Maintain Status Quo,Iraq,IRQ,2020-06-17,v3
2020-08-20,hospital_demand,45863.05,51473.75,54696,53984.73,56847.5,59203.15,Maintain Status Quo,Iraq,IRQ,2020-06-17,v3
2020-08-20,ICU_demand,2498.275,2795,2990,2970.03,3169.75,3384.05,Maintain Status Quo,Iraq,IRQ,2020-06-17,v3
2020-08-20,infections,161025.8,213510.25,248624,250145.065,286912.25,338611.225,Maintain Status Quo,Iraq,IRQ,2020-06-17,v3
2020-08-20,Rt,1.62422472377756,1.68643916218338,1.71474358181231,1.71466655618932,1.74642661303374,1.80274767325511,Maintain Status Quo,Iraq,IRQ,2020-06-17,v3
2020-08-20,cumulative_infections,28835558.65,29910381.5,30359730.5,30276750.9,30735639.25,31401922.625,Relax Interventions 50%,Iraq,IRQ,2020-06-17,v3
2020-08-20,deaths,265.075,422.25,519.5,565.845,682.5,1071.4,Relax Interventions 50%,Iraq,IRQ,2020-06-17,v3
2020-08-20,hospital_demand,20260.775,26463.25,30049.5,30949.385,35324.25,44518.8,Relax Interventions 50%,Iraq,IRQ,2020-06-17,v3
2020-08-20,ICU_demand,1610.725,1748.75,1843.5,1885.19,2002.5,2370.15,Relax Interventions 50%,Iraq,IRQ,2020-06-17,v3
2020-08-20,infections,32402.2,49628.75,60948.5,66344.845,80248.5,125314.65,Relax Interventions 50%,Iraq,IRQ,2020-06-17,v3
2020-08-20,Rt,2.1746629412744,2.25796141077355,2.2958579970896,2.29575486803031,2.33827818245917,2.41368604978424,Relax Interventions 50%,Iraq,IRQ,2020-06-17,v3
2020-08-20,cumulative_infections,1505338.475,1860835,2214787.5,2224806.65,2541010.5,3255967.8,Surged Additional 50% Reduction,Iraq,IRQ,2020-06-17,v3
2020-08-20,deaths,20,35,45,45.95,56,75.05,Surged Additional 50% Reduction,Iraq,IRQ,2020-06-17,v3
2020-08-20,hospital_demand,1202.55,1985.25,2415.5,2477.54,2924.25,4018.525,Surged Additional 50% Reduction,Iraq,IRQ,2020-06-17,v3
2020-08-20,ICU_demand,313.85,511.25,620.5,640.035,749.25,1060.2,Surged Additional 50% Reduction,Iraq,IRQ,2020-06-17,v3
2020-08-20,infections,3975.625,6991,8563.5,8926.37,10595.25,14751.975,Surged Additional 50% Reduction,Iraq,IRQ,2020-06-17,v3
2020-08-20,Rt,0.806080275927038,0.841883997130944,0.854253299083001,0.85615387684856,0.874194637616486,0.89844000609921,Surged Additional 50% Reduction,Iraq,IRQ,2020-06-17,v3
2020-08-20,cumulative_infections,16235631.275,19706130.75,20854092,20692594.875,21967427.5,23670805.675,Surged Maintain Status Quo,Iraq,IRQ,2020-06-17,v3
2020-08-20,deaths,1115.9,1205,1251,1252.965,1302,1385.275,Surged Maintain Status Quo,Iraq,IRQ,2020-06-17,v3
2020-08-20,hospital_demand,57278.875,64640,68115,67479.2,71006.5,74466.425,Surged Maintain Status Quo,Iraq,IRQ,2020-06-17,v3
2020-08-20,ICU_demand,14871.8,16669.5,17414.5,17280.06,18005.25,19078.725,Surged Maintain Status Quo,Iraq,IRQ,2020-06-17,v3
2020-08-20,infections,164128.55,219878.75,248869,252282.81,286736,331657.15,Surged Maintain Status Quo,Iraq,IRQ,2020-06-17,v3
2020-08-20,Rt,1.61216055185408,1.68376799426189,1.708506598166,1.71230775369712,1.74838927523297,1.79688001219842,Surged Maintain Status Quo,Iraq,IRQ,2020-06-17,v3
2020-08-20,cumulative_infections,28631690.5,29876906.5,30259847,30241902.52,30766588,31330612,Surged Relax Interventions 50%,Iraq,IRQ,2020-06-17,v3
2020-08-20,deaths,606.975,790.5,895.5,916.665,1024.25,1265,Surged Relax Interventions 50%,Iraq,IRQ,2020-06-17,v3
2020-08-20,hospital_demand,26701.675,35594.25,40075,41602.575,47138.5,60756.425,Surged Relax Interventions 50%,Iraq,IRQ,2020-06-17,v3
2020-08-20,ICU_demand,7581.475,9881.5,11094.5,11451.45,12876,16286.675,Surged Relax Interventions 50%,Iraq,IRQ,2020-06-17,v3
2020-08-20,infections,33658.775,50745,62245,67398.15,80398.5,125154.075,Surged Relax Interventions 50%,Iraq,IRQ,2020-06-17,v3
2020-08-20,Rt,2.15851030721146,2.2543850030242,2.28750734400422,2.29259668413465,2.34090597693147,2.40582988008977,Surged Relax Interventions 50%,Iraq,IRQ,2020-06-17,v3
2020-08-21,cumulative_infections,1416386.025,1881511.5,2205265,2267938.78,2609930.75,3363700.15,Additional 50% Reduction,Iraq,IRQ,2020-06-17,v3
2020-08-21,deaths,20.95,35.75,46,45.585,53,75.025,Additional 50% Reduction,Iraq,IRQ,2020-06-17,v3
2020-08-21,hospital_demand,1269.825,1916.75,2382.5,2445.12,2852.5,3994.6,Additional 50% Reduction,Iraq,IRQ,2020-06-17,v3
2020-08-21,ICU_demand,311.925,505.5,615.5,627.41,736.25,999.125,Additional 50% Reduction,Iraq,IRQ,2020-06-17,v3
2020-08-21,infections,4299.375,6813.25,8607.5,8766.57,10340,14546.05,Additional 50% Reduction,Iraq,IRQ,2020-06-17,v3
2020-08-21,Rt,0.812112361888779,0.843219581091691,0.857371790906153,0.857333278094658,0.873213306516869,0.901373836627557,Additional 50% Reduction,Iraq,IRQ,2020-06-17,v3
2020-08-21,cumulative_infections,17211631.45,20022521,21277579,21016736.365,22185008.5,23853643.95,Maintain Status Quo,Iraq,IRQ,2020-06-17,v3
2020-08-21,deaths,1085.925,1428,1826,1839.86,2204.25,2691.075,Maintain Status Quo,Iraq,IRQ,2020-06-17,v3
2020-08-21,hospital_demand,43949.7,49988.25,53324,52678.145,55672.75,58197.275,Maintain Status Quo,Iraq,IRQ,2020-06-17,v3
2020-08-21,ICU_demand,2374.65,2707.75,2902,2885.415,3071.5,3317.525,Maintain Status Quo,Iraq,IRQ,2020-06-17,v3
2020-08-21,infections,149306.325,199618.5,232388.5,235776.735,271811.25,325575.725,Maintain Status Quo,Iraq,IRQ,2020-06-17,v3
2020-08-21,Rt,1.62422472377756,1.68643916218338,1.71474358181231,1.71466655618932,1.74642661303374,1.80274767325511,Maintain Status Quo,Iraq,IRQ,2020-06-17,v3
2020-08-21,cumulative_infections,28944747.775,29987624.75,30416475,30335404.85,30780333,31433415.075,Relax Interventions 50%,Iraq,IRQ,2020-06-17,v3
2020-08-21,deaths,224.825,358.75,450.5,493.32,611.25,980.075,Relax Interventions 50%,Iraq,IRQ,2020-06-17,v3
2020-08-21,hospital_demand,18374.75,24134,27662.5,28566.98,32754,41925.9,Relax Interventions 50%,Iraq,IRQ,2020-06-17,v3
2020-08-21,ICU_demand,1564.875,1702.75,1792,1822.53,1924,2259.15,Relax Interventions 50%,Iraq,IRQ,2020-06-17,v3
2020-08-21,infections,28164.5,43344.75,53916,58653.95,71073.5,112409.4,Relax Interventions 50%,Iraq,IRQ,2020-06-17,v3
2020-08-21,Rt,2.1746629412744,2.25796141077355,2.2958579970896,2.29575486803031,2.33827818245917,2.41368604978424,Relax Interventions 50%,Iraq,IRQ,2020-06-17,v3
2020-08-21,cumulative_infections,1510229.325,1868156.5,2224652,2233472.76,2551427.25,3270531.55,Surged Additional 50% Reduction,Iraq,IRQ,2020-06-17,v3
2020-08-21,deaths,21.975,35,44,44.67,53,74.075,Surged Additional 50% Reduction,Iraq,IRQ,2020-06-17,v3
2020-08-21,hospital_demand,1181.1,1906,2315.5,2403.785,2844,3912.125,Surged Additional 50% Reduction,Iraq,IRQ,2020-06-17,v3
2020-08-21,ICU_demand,296.875,495.5,604.5,621.595,728.75,1031.225,Surged Additional 50% Reduction,Iraq,IRQ,2020-06-17,v3
2020-08-21,infections,3832.775,6788.5,8362.5,8666.11,10354.25,14455.15,Surged Additional 50% Reduction,Iraq,IRQ,2020-06-17,v3
2020-08-21,Rt,0.806080275927038,0.841883997130944,0.854253299083001,0.85615387684856,0.874194637616486,0.89844000609921,Surged Additional 50% Reduction,Iraq,IRQ,2020-06-17,v3
2020-08-21,cumulative_infections,16548811.675,19966317.75,21084783.5,20930529.87,22180132,23823600.675,Surged Maintain Status Quo,Iraq,IRQ,2020-06-17,v3
2020-08-21,deaths,1070.975,1185.75,1230,1227.65,1273,1354.05,Surged Maintain Status Quo,Iraq,IRQ,2020-06-17,v3
2020-08-21,hospital_demand,54074.575,62049.25,65920.5,65216.49,69081.75,72998.925,Surged Maintain Status Quo,Iraq,IRQ,2020-06-17,v3
2020-08-21,ICU_demand,14190.5,16061.5,16919.5,16740.505,17558.75,18627.45,Surged Maintain Status Quo,Iraq,IRQ,2020-06-17,v3
2020-08-21,infections,152892.65,206027.25,233075.5,237934.995,271124.75,317211.8,Surged Maintain Status Quo,Iraq,IRQ,2020-06-17,v3
2020-08-21,Rt,1.61216055185408,1.68376799426189,1.708506598166,1.71230775369712,1.74838927523297,1.79688001219842,Surged Maintain Status Quo,Iraq,IRQ,2020-06-17,v3
2020-08-21,cumulative_infections,28739550.15,29947732.25,30312316.5,30301509.9,30809368,31362946.15,Surged Relax Interventions 50%,Iraq,IRQ,2020-06-17,v3
2020-08-21,deaths,566.775,725.5,813,840.24,958.75,1188.35,Surged Relax Interventions 50%,Iraq,IRQ,2020-06-17,v3
2020-08-21,hospital_demand,23883.425,32185.75,36370.5,37852.705,43048.5,56170.3,Surged Relax Interventions 50%,Iraq,IRQ,2020-06-17,v3
2020-08-21,ICU_demand,6907.95,8991,10085.5,10476.335,11788,15145.6,Surged Relax Interventions 50%,Iraq,IRQ,2020-06-17,v3
2020-08-21,infections,29104.35,44514.75,54898.5,59607.38,70944.5,112633,Surged Relax Interventions 50%,Iraq,IRQ,2020-06-17,v3
2020-08-21,Rt,2.15851030721146,2.2543850030242,2.28750734400422,2.29259668413465,2.34090597693147,2.40582988008977,Surged Relax Interventions 50%,Iraq,IRQ,2020-06-17,v3
2020-08-22,cumulative_infections,1420454.675,1887373.5,2213750.5,2276439.3,2620664.75,3377792.375,Additional 50% Reduction,Iraq,IRQ,2020-06-17,v3
2020-08-22,deaths,19.975,33,43,43.305,52,69.025,Additional 50% Reduction,Iraq,IRQ,2020-06-17,v3
2020-08-22,hospital_demand,1239.675,1870.5,2329.5,2374.575,2778.5,3852.9,Additional 50% Reduction,Iraq,IRQ,2020-06-17,v3
2020-08-22,ICU_demand,306.85,484.75,596.5,610.175,705,980.4,Additional 50% Reduction,Iraq,IRQ,2020-06-17,v3
2020-08-22,infections,4068.8,6682.5,8310.5,8500.52,9944.5,14232.625,Additional 50% Reduction,Iraq,IRQ,2020-06-17,v3
2020-08-22,Rt,0.812112361888779,0.843219581091691,0.857371790906153,0.857333278094658,0.873213306516869,0.901373836627557,Additional 50% Reduction,Iraq,IRQ,2020-06-17,v3
2020-08-22,cumulative_infections,17526578.55,20280679.25,21482313,21238643.35,22386492.25,23989236.875,Maintain Status Quo,Iraq,IRQ,2020-06-17,v3
2020-08-22,deaths,949.225,1329.75,1610.5,1668.62,2005.5,2506.25,Maintain Status Quo,Iraq,IRQ,2020-06-17,v3
2020-08-22,hospital_demand,42068.275,48444.75,52005,51310.295,54606,57396.125,Maintain Status Quo,Iraq,IRQ,2020-06-17,v3
2020-08-22,ICU_demand,2317.45,2624.5,2811.5,2806.32,2981.25,3254.225,Maintain Status Quo,Iraq,IRQ,2020-06-17,v3
2020-08-22,infections,137562.7,186039.75,218605.5,221906.985,257661.5,312677.725,Maintain Status Quo,Iraq,IRQ,2020-06-17,v3
2020-08-22,Rt,1.62422472377756,1.68643916218338,1.71474358181231,1.71466655618932,1.74642661303374,1.80274767325511,Maintain Status Quo,Iraq,IRQ,2020-06-17,v3
2020-08-22,cumulative_infections,29042202.95,30048582.5,30464545,30387215.91,30819508.75,31460887.675,Relax Interventions 50%,Iraq,IRQ,2020-06-17,v3
2020-08-22,deaths,193.925,313,400.5,430.175,530.25,826,Relax Interventions 50%,Iraq,IRQ,2020-06-17,v3
2020-08-22,hospital_demand,16586.9,22031.25,25324.5,26294.745,30270.5,39569.675,Relax Interventions 50%,Iraq,IRQ,2020-06-17,v3
2020-08-22,ICU_demand,1529.7,1657.75,1735.5,1762.705,1866.5,2133.1,Relax Interventions 50%,Iraq,IRQ,2020-06-17,v3
2020-08-22,infections,24690.85,38260,47633.5,51811.06,62832.5,100381.2,Relax Interventions 50%,Iraq,IRQ,2020-06-17,v3
2020-08-22,Rt,2.1746629412744,2.25796141077355,2.2958579970896,2.29575486803031,2.33827818245917,2.41368604978424,Relax Interventions 50%,Iraq,IRQ,2020-06-17,v3
2020-08-22,cumulative_infections,1514759.7,1875184,2234296,2241873.225,2561342.25,3284464.675,Surged Additional 50% Reduction,Iraq,IRQ,2020-06-17,v3
2020-08-22,deaths,20.975,33,41.5,43.26,53,71,Surged Additional 50% Reduction,Iraq,IRQ,2020-06-17,v3
2020-08-22,hospital_demand,1149.625,1846.5,2250,2335.69,2769,3802.7,Surged Additional 50% Reduction,Iraq,IRQ,2020-06-17,v3
2020-08-22,ICU_demand,290.75,484.75,585,602.845,710,998.45,Surged Additional 50% Reduction,Iraq,IRQ,2020-06-17,v3
2020-08-22,infections,3676.05,6561.25,8136.5,8400.465,10009.25,13927.875,Surged Additional 50% Reduction,Iraq,IRQ,2020-06-17,v3
2020-08-22,Rt,0.806080275927038,0.841883997130944,0.854253299083001,0.85615387684856,0.874194637616486,0.89844000609921,Surged Additional 50% Reduction,Iraq,IRQ,2020-06-17,v3
2020-08-22,cumulative_infections,16868766.325,20212500.5,21301385,21154542.12,22387970.5,23964467.675,Surged Maintain Status Quo,Iraq,IRQ,2020-06-17,v3
2020-08-22,deaths,1018,1132,1188.5,1185.15,1244,1330.025,Surged Maintain Status Quo,Iraq,IRQ,2020-06-17,v3
2020-08-22,hospital_demand,50988.4,59342,63648.5,62901.84,67164.5,71471.75,Surged Maintain Status Quo,Iraq,IRQ,2020-06-17,v3
2020-08-22,ICU_demand,13453.9,15425.5,16419,16180.93,17128.25,18245.925,Surged Maintain Status Quo,Iraq,IRQ,2020-06-17,v3
2020-08-22,infections,140972.825,192007.5,218653,224012.25,256538,301243.275,Surged Maintain Status Quo,Iraq,IRQ,2020-06-17,v3
2020-08-22,Rt,1.61216055185408,1.68376799426189,1.708506598166,1.71230775369712,1.74838927523297,1.79688001219842,Surged Maintain Status Quo,Iraq,IRQ,2020-06-17,v3
2020-08-22,cumulative_infections,28836192.9,30014194.75,30361318,30354167.085,30845496.75,31393708.7,Surged Relax Interventions 50%,Iraq,IRQ,2020-06-17,v3
2020-08-22,deaths,499.9,648.5,750.5,769.025,884.25,1098.225,Surged Relax Interventions 50%,Iraq,IRQ,2020-06-17,v3
2020-08-22,hospital_demand,21317.925,29008.75,32950.5,34375.61,39191.75,51718.025,Surged Relax Interventions 50%,Iraq,IRQ,2020-06-17,v3
2020-08-22,ICU_demand,6202.375,8156.5,9200.5,9561.065,10779.5,14086.45,Surged Relax Interventions 50%,Iraq,IRQ,2020-06-17,v3
2020-08-22,infections,25493.05,39033.5,48362,52657.185,62617.75,100598.775,Surged Relax Interventions 50%,Iraq,IRQ,2020-06-17,v3
2020-08-22,Rt,2.15851030721146,2.2543850030242,2.28750734400422,2.29259668413465,2.34090597693147,2.40582988008977,Surged Relax Interventions 50%,Iraq,IRQ,2020-06-17,v3
2020-08-23,cumulative_infections,1424382.525,1892911,2221577.5,2284694.06,2630855.5,3391368.475,Additional 50% Reduction,Iraq,IRQ,2020-06-17,v3
2020-08-23,deaths,21.975,32,41,42.92,51.25,74.05,Additional 50% Reduction,Iraq,IRQ,2020-06-17,v3
2020-08-23,hospital_demand,1178.95,1797,2251,2304.105,2702.75,3729.425,Additional 50% Reduction,Iraq,IRQ,2020-06-17,v3
2020-08-23,ICU_demand,292.925,470.5,577.5,591.905,684.25,956.225,Additional 50% Reduction,Iraq,IRQ,2020-06-17,v3
2020-08-23,infections,3942.55,6382,8101.5,8254.76,9693,13777.575,Additional 50% Reduction,Iraq,IRQ,2020-06-17,v3
2020-08-23,Rt,0.812112361888779,0.843219581091691,0.857371790906153,0.857333278094658,0.873213306516869,0.901373836627557,Additional 50% Reduction,Iraq,IRQ,2020-06-17,v3
2020-08-23,cumulative_infections,17822700.375,20514008.75,21684808,21447287.78,22584728.25,24114600.325,Maintain Status Quo,Iraq,IRQ,2020-06-17,v3
2020-08-23,deaths,888.65,1193,1464.5,1519.16,1806.75,2386.125,Maintain Status Quo,Iraq,IRQ,2020-06-17,v3
2020-08-23,hospital_demand,40116.6,46798,50608,49896.56,53454.25,56526.65,Maintain Status Quo,Iraq,IRQ,2020-06-17,v3
2020-08-23,ICU_demand,2240.875,2535.75,2730,2727.785,2923,3209.025,Maintain Status Quo,Iraq,IRQ,2020-06-17,v3
2020-08-23,infections,127077.2,173382,205447,208644.43,243864,300105.875,Maintain Status Quo,Iraq,IRQ,2020-06-17,v3
2020-08-23,Rt,1.62422472377756,1.68643916218338,1.71474358181231,1.71466655618932,1.74642661303374,1.80274767325511,Maintain Status Quo,Iraq,IRQ,2020-06-17,v3
2020-08-23,cumulative_infections,29129193.575,30103574.5,30507036.5,30432978.17,30854751.75,31484500.4,Relax Interventions 50%,Iraq,IRQ,2020-06-17,v3
2020-08-23,deaths,167.9,274,349.5,376.815,466.75,741.025,Relax Interventions 50%,Iraq,IRQ,2020-06-17,v3
2020-08-23,hospital_demand,14972.625,20096.5,23141,24125.29,27894.25,36758.5,Relax Interventions 50%,Iraq,IRQ,2020-06-17,v3
2020-08-23,ICU_demand,1502.975,1615.75,1681,1709.66,1798.75,2032.25,Relax Interventions 50%,Iraq,IRQ,2020-06-17,v3
2020-08-23,infections,21408.175,33733.75,42091,45762.26,55484.75,89031.675,Relax Interventions 50%,Iraq,IRQ,2020-06-17,v3
2020-08-23,Rt,2.1746629412744,2.25796141077355,2.2958579970896,2.29575486803031,2.33827818245917,2.41368604978424,Relax Interventions 50%,Iraq,IRQ,2020-06-17,v3
2020-08-23,cumulative_infections,1519034.475,1881941.5,2243704,2250032.455,2571099.75,3298299.6,Surged Additional 50% Reduction,Iraq,IRQ,2020-06-17,v3
2020-08-23,deaths,21.925,31,40,42.025,50,78.025,Surged Additional 50% Reduction,Iraq,IRQ,2020-06-17,v3
2020-08-23,hospital_demand,1115.725,1795,2193.5,2266.18,2676,3715.075,Surged Additional 50% Reduction,Iraq,IRQ,2020-06-17,v3
2020-08-23,ICU_demand,283.75,471.75,564.5,586,691.25,976.075,Surged Additional 50% Reduction,Iraq,IRQ,2020-06-17,v3
2020-08-23,infections,3754.75,6351.25,7858,8159.23,9706.5,13618.05,Surged Additional 50% Reduction,Iraq,IRQ,2020-06-17,v3
2020-08-23,Rt,0.806080275927038,0.841883997130944,0.854253299083001,0.85615387684856,0.874194637616486,0.89844000609921,Surged Additional 50% Reduction,Iraq,IRQ,2020-06-17,v3
2020-08-23,cumulative_infections,17178154.25,20444464.25,21510080.5,21365228.285,22564995.75,24094110.225,Surged Maintain Status Quo,Iraq,IRQ,2020-06-17,v3
2020-08-23,deaths,974.575,1106,1161.5,1154.085,1218,1320,Surged Maintain Status Quo,Iraq,IRQ,2020-06-17,v3
2020-08-23,hospital_demand,48089,56725.5,61259.5,60526.855,65123.25,69579.2,Surged Maintain Status Quo,Iraq,IRQ,2020-06-17,v3
2020-08-23,ICU_demand,12715.2,14747.5,15810,15604.91,16653,17891.4,Surged Maintain Status Quo,Iraq,IRQ,2020-06-17,v3
2020-08-23,infections,129710.1,180162.25,205251.5,210686.165,241689.5,287342.025,Surged Maintain Status Quo,Iraq,IRQ,2020-06-17,v3
2020-08-23,Rt,1.61216055185408,1.68376799426189,1.708506598166,1.71230775369712,1.74838927523297,1.79688001219842,Surged Maintain Status Quo,Iraq,IRQ,2020-06-17,v3
2020-08-23,cumulative_infections,28922128.3,30072916.5,30404725,30400676.985,30876838,31418096.425,Surged Relax Interventions 50%,Iraq,IRQ,2020-06-17,v3
2020-08-23,deaths,440.925,592,691.5,700.845,793.25,1022.175,Surged Relax Interventions 50%,Iraq,IRQ,2020-06-17,v3
2020-08-23,hospital_demand,19064.35,26066.25,29777.5,31164.875,35747.5,47759.9,Surged Relax Interventions 50%,Iraq,IRQ,2020-06-17,v3
2020-08-23,ICU_demand,5541.4,7375,8335.5,8707.08,9846,12960.225,Surged Relax Interventions 50%,Iraq,IRQ,2020-06-17,v3
2020-08-23,infections,22235.375,34355.75,42905.5,46509.9,55591.5,90054.6,Surged Relax Interventions 50%,Iraq,IRQ,2020-06-17,v3
2020-08-23,Rt,2.15851030721146,2.2543850030242,2.28750734400422,2.29259668413465,2.34090597693147,2.40582988008977,Surged Relax Interventions 50%,Iraq,IRQ,2020-06-17,v3
2020-08-24,cumulative_infections,1428181.7,1898762,2229119,2292706.1,2640163.75,3404611.55,Additional 50% Reduction,Iraq,IRQ,2020-06-17,v3
2020-08-24,deaths,16,32,41,41.665,50.25,72.125,Additional 50% Reduction,Iraq,IRQ,2020-06-17,v3
2020-08-24,hospital_demand,1158.85,1765,2193.5,2237.695,2611.75,3605.25,Additional 50% Reduction,Iraq,IRQ,2020-06-17,v3
2020-08-24,ICU_demand,277.95,449,560.5,572.965,667.25,927.075,Additional 50% Reduction,Iraq,IRQ,2020-06-17,v3
2020-08-24,infections,3799.175,6155.5,7865,8012.04,9466.5,13441.425,Additional 50% Reduction,Iraq,IRQ,2020-06-17,v3
2020-08-24,Rt,0.812112361888779,0.843219581091691,0.857371790906153,0.857333278094658,0.873213306516869,0.901373836627557,Additional 50% Reduction,Iraq,IRQ,2020-06-17,v3
2020-08-24,cumulative_infections,18105693,20731201.5,21883942,21643165.71,22747046,24230164.5,Maintain Status Quo,Iraq,IRQ,2020-06-17,v3
2020-08-24,deaths,829.85,1102,1345.5,1391.395,1620.75,2168.025,Maintain Status Quo,Iraq,IRQ,2020-06-17,v3
2020-08-24,hospital_demand,38169.675,45052.75,48925,48411.03,52225.75,55849.175,Maintain Status Quo,Iraq,IRQ,2020-06-17,v3
2020-08-24,ICU_demand,2164.975,2455.75,2657,2649,2833.25,3156.025,Maintain Status Quo,Iraq,IRQ,2020-06-17,v3
2020-08-24,infections,117184.6,161267,191802,195877.93,229354.25,287627.875,Maintain Status Quo,Iraq,IRQ,2020-06-17,v3
2020-08-24,Rt,1.62422472377756,1.68643916218338,1.71474358181231,1.71466655618932,1.74642661303374,1.80274767325511,Maintain Status Quo,Iraq,IRQ,2020-06-17,v3
2020-08-24,cumulative_infections,29206127.975,30150548.5,30539138,30473367.09,30892348.5,31502231.7,Relax Interventions 50%,Iraq,IRQ,2020-06-17,v3
2020-08-24,deaths,148.925,230.5,299.5,326.245,405,640.15,Relax Interventions 50%,Iraq,IRQ,2020-06-17,v3
2020-08-24,hospital_demand,13527.625,18248.25,21189.5,22078.97,25551.75,34360.2,Relax Interventions 50%,Iraq,IRQ,2020-06-17,v3
2020-08-24,ICU_demand,1450.55,1579,1633.5,1660.5,1742.5,1961.875,Relax Interventions 50%,Iraq,IRQ,2020-06-17,v3
2020-08-24,infections,18919.025,29496.25,37010.5,40388.92,48843.25,79161.05,Relax Interventions 50%,Iraq,IRQ,2020-06-17,v3
2020-08-24,Rt,2.1746629412744,2.25796141077355,2.2958579970896,2.29575486803031,2.33827818245917,2.41368604978424,Relax Interventions 50%,Iraq,IRQ,2020-06-17,v3
2020-08-24,cumulative_infections,1523194.05,1888432,2252828.5,2257941.165,2580462,3311585.7,Surged Additional 50% Reduction,Iraq,IRQ,2020-06-17,v3
2020-08-24,deaths,18,31,40,41.26,50,71.1,Surged Additional 50% Reduction,Iraq,IRQ,2020-06-17,v3
2020-08-24,hospital_demand,1087.75,1750.75,2127.5,2200.47,2589,3624.15,Surged Additional 50% Reduction,Iraq,IRQ,2020-06-17,v3
2020-08-24,ICU_demand,267.725,457.75,549.5,568.85,670.5,946.35,Surged Additional 50% Reduction,Iraq,IRQ,2020-06-17,v3
2020-08-24,infections,3427.75,6084,7611,7908.71,9443.75,13128.45,Surged Additional 50% Reduction,Iraq,IRQ,2020-06-17,v3
2020-08-24,Rt,0.806080275927038,0.841883997130944,0.854253299083001,0.85615387684856,0.874194637616486,0.89844000609921,Surged Additional 50% Reduction,Iraq,IRQ,2020-06-17,v3
2020-08-24,cumulative_infections,17474317.075,20670382.75,21712819,21563008.82,22737099.25,24214134.25,Surged Maintain Status Quo,Iraq,IRQ,2020-06-17,v3
2020-08-24,deaths,914.75,1039,1125,1112.48,1189.25,1261.125,Surged Maintain Status Quo,Iraq,IRQ,2020-06-17,v3
2020-08-24,hospital_demand,45151.8,53890.25,58646,58125.82,62996,67191.5,Surged Maintain Status Quo,Iraq,IRQ,2020-06-17,v3
2020-08-24,ICU_demand,11968.9,14118,15189,15019.755,16166.75,17255.8,Surged Maintain Status Quo,Iraq,IRQ,2020-06-17,v3
2020-08-24,infections,120106.2,167243.25,192132.5,197780.535,227691.25,275033.25,Surged Maintain Status Quo,Iraq,IRQ,2020-06-17,v3
2020-08-24,Rt,1.61216055185408,1.68376799426189,1.708506598166,1.71230775369712,1.74838927523297,1.79688001219842,Surged Maintain Status Quo,Iraq,IRQ,2020-06-17,v3
2020-08-24,cumulative_infections,28999105.15,30125152.75,30444313.5,30441741.215,30906475,31438466.65,Surged Relax Interventions 50%,Iraq,IRQ,2020-06-17,v3
2020-08-24,deaths,395.825,532.5,612.5,634.92,735.25,941.1,Surged Relax Interventions 50%,Iraq,IRQ,2020-06-17,v3
2020-08-24,hospital_demand,16966.6,23360.5,26871.5,28190.655,32424.25,43690.15,Surged Relax Interventions 50%,Iraq,IRQ,2020-06-17,v3
2020-08-24,ICU_demand,4981.475,6622,7538.5,7921.29,9017.25,11969.875,Surged Relax Interventions 50%,Iraq,IRQ,2020-06-17,v3
2020-08-24,infections,19428.05,30257.5,37602.5,41064.23,49288,80679.525,Surged Relax Interventions 50%,Iraq,IRQ,2020-06-17,v3
2020-08-24,Rt,2.15851030721146,2.2543850030242,2.28750734400422,2.29259668413465,2.34090597693147,2.40582988008977,Surged Relax Interventions 50%,Iraq,IRQ,2020-06-17,v3
2020-08-25,cumulative_infections,1431848.625,1904421.5,2236429,2300473.53,2648733.75,3417399.725,Additional 50% Reduction,Iraq,IRQ,2020-06-17,v3
2020-08-25,deaths,20,30.75,39,40.18,48.25,66.025,Additional 50% Reduction,Iraq,IRQ,2020-06-17,v3
2020-08-25,hospital_demand,1112.85,1705.75,2134,2170.485,2542.5,3505.425,Additional 50% Reduction,Iraq,IRQ,2020-06-17,v3
2020-08-25,ICU_demand,266.975,437.75,545,556.86,644.5,904.125,Additional 50% Reduction,Iraq,IRQ,2020-06-17,v3
2020-08-25,infections,3663.45,6007,7602,7767.43,9189,12954.9,Additional 50% Reduction,Iraq,IRQ,2020-06-17,v3
2020-08-25,Rt,0.812112361888779,0.843219581091691,0.857371790906153,0.857333278094658,0.873213306516869,0.901373836627557,Additional 50% Reduction,Iraq,IRQ,2020-06-17,v3
2020-08-25,cumulative_infections,18376932.375,20939278.5,22070190.5,21826695.17,22885366.75,24336578.525,Maintain Status Quo,Iraq,IRQ,2020-06-17,v3
2020-08-25,deaths,747.925,1011.75,1217.5,1269.77,1480,2121.025,Maintain Status Quo,Iraq,IRQ,2020-06-17,v3
2020-08-25,hospital_demand,36186.45,43205.25,47316,46872.56,50861.5,54866.125,Maintain Status Quo,Iraq,IRQ,2020-06-17,v3
2020-08-25,ICU_demand,2090.825,2387.25,2556.5,2571.745,2758.5,3089,Maintain Status Quo,Iraq,IRQ,2020-06-17,v3
2020-08-25,infections,107609.375,150189,179787,183529.46,215429.25,275538.95,Maintain Status Quo,Iraq,IRQ,2020-06-17,v3
2020-08-25,Rt,1.62422472377756,1.68643916218338,1.71474358181231,1.71466655618932,1.74642661303374,1.80274767325511,Maintain Status Quo,Iraq,IRQ,2020-06-17,v3
2020-08-25,cumulative_infections,29275228.2,30194194.5,30566262,30508990.425,30918154.5,31516532.6,Relax Interventions 50%,Iraq,IRQ,2020-06-17,v3
2020-08-25,deaths,131.925,201.75,254.5,284.845,342.75,555.725,Relax Interventions 50%,Iraq,IRQ,2020-06-17,v3
2020-08-25,hospital_demand,12175.125,16525.5,19330.5,20154.33,23363.25,31932.175,Relax Interventions 50%,Iraq,IRQ,2020-06-17,v3
2020-08-25,ICU_demand,1376.975,1542,1600.5,1614.955,1688.5,1901.05,Relax Interventions 50%,Iraq,IRQ,2020-06-17,v3
2020-08-25,infections,16373.25,25849.5,32687.5,35623.335,43188.75,70281.75,Relax Interventions 50%,Iraq,IRQ,2020-06-17,v3
2020-08-25,Rt,2.1746629412744,2.25796141077355,2.2958579970896,2.29575486803031,2.33827818245917,2.41368604978424,Relax Interventions 50%,Iraq,IRQ,2020-06-17,v3
2020-08-25,cumulative_infections,1527183.45,1894809.25,2261339,2265629.72,2589590,3324488.425,Surged Additional 50% Reduction,Iraq,IRQ,2020-06-17,v3
2020-08-25,deaths,15.975,29.75,39,38.675,48,66.025,Surged Additional 50% Reduction,Iraq,IRQ,2020-06-17,v3
2020-08-25,hospital_demand,1049.15,1697,2082,2137.3,2505.75,3533.725,Surged Additional 50% Reduction,Iraq,IRQ,2020-06-17,v3
2020-08-25,ICU_demand,263.55,434,537.5,553.175,655.25,927.225,Surged Additional 50% Reduction,Iraq,IRQ,2020-06-17,v3
2020-08-25,infections,3426.625,6026.5,7443,7688.555,9202.25,12838.1,Surged Additional 50% Reduction,Iraq,IRQ,2020-06-17,v3
2020-08-25,Rt,0.806080275927038,0.841883997130944,0.854253299083001,0.85615387684856,0.874194637616486,0.89844000609921,Surged Additional 50% Reduction,Iraq,IRQ,2020-06-17,v3
2020-08-25,cumulative_infections,17765476.725,20882880.25,21888000,21748515.21,22896861.75,24323835.35,Surged Maintain Status Quo,Iraq,IRQ,2020-06-17,v3
2020-08-25,deaths,872.975,1012,1082,1070.375,1135.25,1232,Surged Maintain Status Quo,Iraq,IRQ,2020-06-17,v3
2020-08-25,hospital_demand,42413.025,51221.5,56142,55712.19,60691.25,65563.5,Surged Maintain Status Quo,Iraq,IRQ,2020-06-17,v3
2020-08-25,ICU_demand,11210.15,13438,14588,14432.17,15614.5,16682.35,Surged Maintain Status Quo,Iraq,IRQ,2020-06-17,v3
2020-08-25,infections,110192.35,155900,179835.5,185506.39,214665.5,261676.875,Surged Maintain Status Quo,Iraq,IRQ,2020-06-17,v3
2020-08-25,Rt,1.61216055185408,1.68376799426189,1.708506598166,1.71230775369712,1.74838927523297,1.79688001219842,Surged Maintain Status Quo,Iraq,IRQ,2020-06-17,v3
2020-08-25,cumulative_infections,29067354.975,30168967.25,30480949,30477974.84,30936434.25,31456514.3,Surged Relax Interventions 50%,Iraq,IRQ,2020-06-17,v3
2020-08-25,deaths,356.925,481,556.5,577.135,658.25,865.025,Surged Relax Interventions 50%,Iraq,IRQ,2020-06-17,v3
2020-08-25,hospital_demand,15078.4,20955.5,24240.5,25456.39,29376,39883.575,Surged Relax Interventions 50%,Iraq,IRQ,2020-06-17,v3
2020-08-25,ICU_demand,4449.85,5955.5,6859.5,7193.48,8198,11059.9,Surged Relax Interventions 50%,Iraq,IRQ,2020-06-17,v3
2020-08-25,infections,17116.475,26569,33183,36233.625,43644,72182,Surged Relax Interventions 50%,Iraq,IRQ,2020-06-17,v3
2020-08-25,Rt,2.15851030721146,2.2543850030242,2.28750734400422,2.29259668413465,2.34090597693147,2.40582988008977,Surged Relax Interventions 50%,Iraq,IRQ,2020-06-17,v3
2020-08-26,cumulative_infections,1435384.65,1909743.5,2243538.5,2308012.505,2656583,3429998.775,Additional 50% Reduction,Iraq,IRQ,2020-06-17,v3
2020-08-26,deaths,17,30,38,39.06,47,70.1,Additional 50% Reduction,Iraq,IRQ,2020-06-17,v3
2020-08-26,hospital_demand,1095.775,1654.5,2069.5,2105.815,2474.25,3370.45,Additional 50% Reduction,Iraq,IRQ,2020-06-17,v3
2020-08-26,ICU_demand,258.875,422.5,528,541.035,632.25,870.525,Additional 50% Reduction,Iraq,IRQ,2020-06-17,v3
2020-08-26,infections,3533.975,5813.75,7422.5,7538.975,8924.25,12599.05,Additional 50% Reduction,Iraq,IRQ,2020-06-17,v3
2020-08-26,Rt,0.812112361888779,0.843219581091691,0.857371790906153,0.857333278094658,0.873213306516869,0.901373836627557,Additional 50% Reduction,Iraq,IRQ,2020-06-17,v3
2020-08-26,cumulative_infections,18635558.375,21137599,22240526,21998586.2,23028121,24448246.275,Maintain Status Quo,Iraq,IRQ,2020-06-17,v3
2020-08-26,deaths,667.8,946.75,1127,1172.635,1358,1932.7,Maintain Status Quo,Iraq,IRQ,2020-06-17,v3
2020-08-26,hospital_demand,34112.8,41473.75,45526,45293.01,49539.5,53852.775,Maintain Status Quo,Iraq,IRQ,2020-06-17,v3
2020-08-26,ICU_demand,2033.975,2323.25,2479.5,2498.84,2691.75,2968.65,Maintain Status Quo,Iraq,IRQ,2020-06-17,v3
2020-08-26,infections,99402.35,139946.75,167078.5,171891.03,202100,262556.375,Maintain Status Quo,Iraq,IRQ,2020-06-17,v3
2020-08-26,Rt,1.62422472377756,1.68643916218338,1.71474358181231,1.71466655618932,1.74642661303374,1.80274767325511,Maintain Status Quo,Iraq,IRQ,2020-06-17,v3
2020-08-26,cumulative_infections,29336458.825,30233208,30591960,30540419.515,30938638.75,31529201.85,Relax Interventions 50%,Iraq,IRQ,2020-06-17,v3
2020-08-26,deaths,126,174.5,215.5,249.12,305,507.075,Relax Interventions 50%,Iraq,IRQ,2020-06-17,v3
2020-08-26,hospital_demand,10969.625,14978.25,17510,18356.495,21338.5,29420.375,Relax Interventions 50%,Iraq,IRQ,2020-06-17,v3
2020-08-26,ICU_demand,1314.075,1502.75,1567.5,1572.305,1645,1853.225,Relax Interventions 50%,Iraq,IRQ,2020-06-17,v3
2020-08-26,infections,14403.475,22755,28427.5,31429.09,37972.5,63013.075,Relax Interventions 50%,Iraq,IRQ,2020-06-17,v3
2020-08-26,Rt,2.1746629412744,2.25796141077355,2.2958579970896,2.29575486803031,2.33827818245917,2.41368604978424,Relax Interventions 50%,Iraq,IRQ,2020-06-17,v3
2020-08-26,cumulative_infections,1531085.675,1900934.5,2269135.5,2273077.905,2598456.5,3337123.4,Surged Additional 50% Reduction,Iraq,IRQ,2020-06-17,v3
2020-08-26,deaths,15.975,28,38,38.32,47.25,66.05,Surged Additional 50% Reduction,Iraq,IRQ,2020-06-17,v3
2020-08-26,hospital_demand,989.2,1638.5,2002.5,2074.075,2432,3416.175,Surged Additional 50% Reduction,Iraq,IRQ,2020-06-17,v3
2020-08-26,ICU_demand,263.3,423.5,524,536.735,632.25,899.3,Surged Additional 50% Reduction,Iraq,IRQ,2020-06-17,v3
2020-08-26,infections,3343.375,5739.5,7208.5,7448.185,8876.75,12508.75,Surged Additional 50% Reduction,Iraq,IRQ,2020-06-17,v3
2020-08-26,Rt,0.806080275927038,0.841883997130944,0.854253299083001,0.85615387684856,0.874194637616486,0.89844000609921,Surged Additional 50% Reduction,Iraq,IRQ,2020-06-17,v3
2020-08-26,cumulative_infections,18050940,21082582.25,22051247.5,21922187.925,23036211.5,24424222.6,Surged Maintain Status Quo,Iraq,IRQ,2020-06-17,v3
2020-08-26,deaths,818.85,953.5,1044,1029.84,1112,1207.15,Surged Maintain Status Quo,Iraq,IRQ,2020-06-17,v3
2020-08-26,hospital_demand,39844.825,48565.25,53448,53287.96,58643,63519.25,Surged Maintain Status Quo,Iraq,IRQ,2020-06-17,v3
2020-08-26,ICU_demand,10541.525,12772.25,13908,13836.795,15101.25,16281.15,Surged Maintain Status Quo,Iraq,IRQ,2020-06-17,v3
2020-08-26,infections,101749.15,144843.75,167779,173672.715,201307.25,251171.05,Surged Maintain Status Quo,Iraq,IRQ,2020-06-17,v3
2020-08-26,Rt,1.61216055185408,1.68376799426189,1.708506598166,1.71230775369712,1.74838927523297,1.79688001219842,Surged Maintain Status Quo,Iraq,IRQ,2020-06-17,v3
2020-08-26,cumulative_infections,29128210.425,30204995.5,30510628,30509977.34,30962783,31472081.95,Surged Relax Interventions 50%,Iraq,IRQ,2020-06-17,v3
2020-08-26,deaths,316.925,435.5,505.5,525.095,602.25,841.05,Surged Relax Interventions 50%,Iraq,IRQ,2020-06-17,v3
2020-08-26,hospital_demand,13448.55,18788.25,21808,22956.15,26599,36495.875,Surged Relax Interventions 50%,Iraq,IRQ,2020-06-17,v3
2020-08-26,ICU_demand,3982.625,5369.5,6185,6522.53,7476.25,10093.925,Surged Relax Interventions 50%,Iraq,IRQ,2020-06-17,v3
2020-08-26,infections,14910.125,23319.25,29208,32002.5,38351,64679.1,Surged Relax Interventions 50%,Iraq,IRQ,2020-06-17,v3
2020-08-26,Rt,2.15851030721146,2.2543850030242,2.28750734400422,2.29259668413465,2.34090597693147,2.40582988008977,Surged Relax Interventions 50%,Iraq,IRQ,2020-06-17,v3
2020-08-27,cumulative_infections,1438781.025,1915036.25,2250766,2315320.03,2664234.75,3441907.125,Additional 50% Reduction,Iraq,IRQ,2020-06-17,v3
2020-08-27,deaths,15.975,28.75,37,37.57,45,70,Additional 50% Reduction,Iraq,IRQ,2020-06-17,v3
2020-08-27,hospital_demand,1064.85,1608.25,2006.5,2041.805,2402.5,3308.7,Additional 50% Reduction,Iraq,IRQ,2020-06-17,v3
2020-08-27,ICU_demand,255.875,405,516,526.64,618,846.375,Additional 50% Reduction,Iraq,IRQ,2020-06-17,v3
2020-08-27,infections,3448.625,5631.25,7209.5,7307.525,8616,12121.775,Additional 50% Reduction,Iraq,IRQ,2020-06-17,v3
2020-08-27,Rt,0.812112361888779,0.843219581091691,0.857371790906153,0.857333278094658,0.873213306516869,0.901373836627557,Additional 50% Reduction,Iraq,IRQ,2020-06-17,v3
2020-08-27,cumulative_infections,18881917.65,21323833.5,22388729.5,22159281.25,23159795,24547582.35,Maintain Status Quo,Iraq,IRQ,2020-06-17,v3
2020-08-27,deaths,628,865.25,1036,1077.225,1254.75,1703.6,Maintain Status Quo,Iraq,IRQ,2020-06-17,v3
2020-08-27,hospital_demand,32210.875,39599.25,43913,43655.275,48060.75,52983.25,Maintain Status Quo,Iraq,IRQ,2020-06-17,v3
2020-08-27,ICU_demand,1998.85,2246.25,2416.5,2428.92,2612,2893.775,Maintain Status Quo,Iraq,IRQ,2020-06-17,v3
2020-08-27,infections,91250.175,129708.75,155575.5,160695.05,189459,250129.4,Maintain Status Quo,Iraq,IRQ,2020-06-17,v3
2020-08-27,Rt,1.62422472377756,1.68643916218338,1.71474358181231,1.71466655618932,1.74642661303374,1.80274767325511,Maintain Status Quo,Iraq,IRQ,2020-06-17,v3
2020-08-27,cumulative_infections,29390345.625,30267804.5,30614911.5,30568130.07,30957188.75,31540091.675,Relax Interventions 50%,Iraq,IRQ,2020-06-17,v3
2020-08-27,deaths,116.925,155,189.5,218.765,255,442.075,Relax Interventions 50%,Iraq,IRQ,2020-06-17,v3
2020-08-27,hospital_demand,9797.625,13524.25,15937,16682.115,19498.25,27231.25,Relax Interventions 50%,Iraq,IRQ,2020-06-17,v3
2020-08-27,ICU_demand,1247.25,1463.75,1534.5,1529.455,1606.5,1781.55,Relax Interventions 50%,Iraq,IRQ,2020-06-17,v3
2020-08-27,infections,12646.05,19893.5,25048,27710.555,33850,56090.45,Relax Interventions 50%,Iraq,IRQ,2020-06-17,v3
2020-08-27,Rt,2.1746629412744,2.25796141077355,2.2958579970896,2.29575486803031,2.33827818245917,2.41368604978424,Relax Interventions 50%,Iraq,IRQ,2020-06-17,v3
2020-08-27,cumulative_infections,1534887.55,1907057.5,2276660,2280307.44,2607152.25,3349079.35,Surged Additional 50% Reduction,Iraq,IRQ,2020-06-17,v3
2020-08-27,deaths,16.975,29,36,37.39,44.25,61.05,Surged Additional 50% Reduction,Iraq,IRQ,2020-06-17,v3
2020-08-27,hospital_demand,947.75,1571.75,1958,2012.26,2392.25,3309.7,Surged Additional 50% Reduction,Iraq,IRQ,2020-06-17,v3
2020-08-27,ICU_demand,248.575,410.25,505.5,521.11,613,881.075,Surged Additional 50% Reduction,Iraq,IRQ,2020-06-17,v3
2020-08-27,infections,3126.825,5618.75,6871,7229.535,8652.5,12088.75,Surged Additional 50% Reduction,Iraq,IRQ,2020-06-17,v3
2020-08-27,Rt,0.806080275927038,0.841883997130944,0.854253299083001,0.85615387684856,0.874194637616486,0.89844000609921,Surged Additional 50% Reduction,Iraq,IRQ,2020-06-17,v3
2020-08-27,cumulative_infections,18323281.6,21270329.5,22203799.5,22084693.875,23159855.75,24514856.05,Surged Maintain Status Quo,Iraq,IRQ,2020-06-17,v3
2020-08-27,deaths,773.5,923.5,999.5,987.08,1067.25,1171.025,Surged Maintain Status Quo,Iraq,IRQ,2020-06-17,v3
2020-08-27,hospital_demand,37417.65,46119.5,50907,50883.845,56374.75,61789.025,Surged Maintain Status Quo,Iraq,IRQ,2020-06-17,v3
2020-08-27,ICU_demand,9876.225,12100.5,13316,13243.61,14585.5,15838.875,Surged Maintain Status Quo,Iraq,IRQ,2020-06-17,v3
2020-08-27,infections,92904.875,134809.5,156890,162505.95,188909.5,240281,Surged Maintain Status Quo,Iraq,IRQ,2020-06-17,v3
2020-08-27,Rt,1.61216055185408,1.68376799426189,1.708506598166,1.71230775369712,1.74838927523297,1.79688001219842,Surged Maintain Status Quo,Iraq,IRQ,2020-06-17,v3
2020-08-27,cumulative_infections,29182576.4,30236920.5,30536446.5,30538224.835,30985912,31485706.9,Surged Relax Interventions 50%,Iraq,IRQ,2020-06-17,v3
2020-08-27,deaths,284.7,388,456,476.495,552,757.125,Surged Relax Interventions 50%,Iraq,IRQ,2020-06-17,v3
2020-08-27,hospital_demand,11925.525,16771.75,19578.5,20670.905,23995.25,33286.55,Surged Relax Interventions 50%,Iraq,IRQ,2020-06-17,v3
2020-08-27,ICU_demand,3578.65,4813.5,5596.5,5902.215,6789.5,9278.55,Surged Relax Interventions 50%,Iraq,IRQ,2020-06-17,v3
2020-08-27,infections,12878.35,20417,25769.5,28247.495,33848.25,57438.925,Surged Relax Interventions 50%,Iraq,IRQ,2020-06-17,v3
2020-08-27,Rt,2.15851030721146,2.2543850030242,2.28750734400422,2.29259668413465,2.34090597693147,2.40582988008977,Surged Relax Interventions 50%,Iraq,IRQ,2020-06-17,v3
2020-08-28,cumulative_infections,1442066.7,1920129.75,2258505,2322415.32,2671627.5,3453622.525,Additional 50% Reduction,Iraq,IRQ,2020-06-17,v3
2020-08-28,deaths,16,29,36,37.21,45.25,67,Additional 50% Reduction,Iraq,IRQ,2020-06-17,v3
2020-08-28,hospital_demand,1024.075,1557.5,1937.5,1980.66,2316.5,3240.05,Additional 50% Reduction,Iraq,IRQ,2020-06-17,v3
2020-08-28,ICU_demand,248.875,396,499.5,511.11,602.25,828.575,Additional 50% Reduction,Iraq,IRQ,2020-06-17,v3
2020-08-28,infections,3286.375,5486,6941,7095.29,8433,11721.175,Additional 50% Reduction,Iraq,IRQ,2020-06-17,v3
2020-08-28,Rt,0.812112361888779,0.843219581091691,0.857371790906153,0.857333278094658,0.873213306516869,0.901373836627557,Additional 50% Reduction,Iraq,IRQ,2020-06-17,v3
2020-08-28,cumulative_infections,19115387.825,21501468.5,22526380.5,22309407.24,23274344.75,24630591.8,Maintain Status Quo,Iraq,IRQ,2020-06-17,v3
2020-08-28,deaths,584.6,809.25,972,998.665,1161,1604.1,Maintain Status Quo,Iraq,IRQ,2020-06-17,v3
2020-08-28,hospital_demand,30373.425,37733.75,42105.5,41966.165,46520,51923.025,Maintain Status Quo,Iraq,IRQ,2020-06-17,v3
2020-08-28,ICU_demand,1961.3,2189.75,2353,2362.42,2541,2865.425,Maintain Status Quo,Iraq,IRQ,2020-06-17,v3
2020-08-28,infections,83791.525,120659.25,144922,150125.99,177542.75,237794.95,Maintain Status Quo,Iraq,IRQ,2020-06-17,v3
2020-08-28,Rt,1.62422472377756,1.68643916218338,1.71474358181231,1.71466655618932,1.74642661303374,1.80274767325511,Maintain Status Quo,Iraq,IRQ,2020-06-17,v3
2020-08-28,cumulative_infections,29438231.85,30298257,30635296.5,30592558.13,30974238,31549656.25,Relax Interventions 50%,Iraq,IRQ,2020-06-17,v3
2020-08-28,deaths,108.925,143.5,170.5,194.88,224.25,396.125,Relax Interventions 50%,Iraq,IRQ,2020-06-17,v3
2020-08-28,hospital_demand,8760.475,12176.75,14391.5,15124.43,17681.25,25056.175,Relax Interventions 50%,Iraq,IRQ,2020-06-17,v3
2020-08-28,ICU_demand,1174.675,1407.75,1500.5,1484.7,1572,1747.4,Relax Interventions 50%,Iraq,IRQ,2020-06-17,v3
2020-08-28,infections,11005.075,17606.75,22141,24428.06,29567.5,49513.175,Relax Interventions 50%,Iraq,IRQ,2020-06-17,v3
2020-08-28,Rt,2.1746629412744,2.25796141077355,2.2958579970896,2.29575486803031,2.33827818245917,2.41368604978424,Relax Interventions 50%,Iraq,IRQ,2020-06-17,v3
2020-08-28,cumulative_infections,1538422.15,1912995.5,2284041,2287326.24,2615313,3360777.875,Surged Additional 50% Reduction,Iraq,IRQ,2020-06-17,v3
2020-08-28,deaths,15.975,27,35,36.535,45,67.025,Surged Additional 50% Reduction,Iraq,IRQ,2020-06-17,v3
2020-08-28,hospital_demand,905.775,1530,1898.5,1952.425,2321.75,3210.575,Surged Additional 50% Reduction,Iraq,IRQ,2020-06-17,v3
2020-08-28,ICU_demand,241.675,394.5,492,504.57,597.5,847.25,Surged Additional 50% Reduction,Iraq,IRQ,2020-06-17,v3
2020-08-28,infections,2999.9,5459.5,6710.5,7018.8,8443.5,11647.975,Surged Additional 50% Reduction,Iraq,IRQ,2020-06-17,v3
2020-08-28,Rt,0.806080275927038,0.841883997130944,0.854253299083001,0.85615387684856,0.874194637616486,0.89844000609921,Surged Additional 50% Reduction,Iraq,IRQ,2020-06-17,v3
2020-08-28,cumulative_infections,18583821.8,21446301.25,22342955.5,22236594.135,23272528.5,24597881.075,Surged Maintain Status Quo,Iraq,IRQ,2020-06-17,v3
2020-08-28,deaths,718.9,879.75,942,948.36,1045.25,1149.325,Surged Maintain Status Quo,Iraq,IRQ,2020-06-17,v3
2020-08-28,hospital_demand,34938.725,43728.5,48242.5,48488.035,53908.5,60055.075,Surged Maintain Status Quo,Iraq,IRQ,2020-06-17,v3
2020-08-28,ICU_demand,9214.775,11440.75,12657,12651.335,14063.75,15366.9,Surged Maintain Status Quo,Iraq,IRQ,2020-06-17,v3
2020-08-28,infections,85900.825,124956.75,146008,151900.26,177115.25,229312.4,Surged Maintain Status Quo,Iraq,IRQ,2020-06-17,v3
2020-08-28,Rt,1.61216055185408,1.68376799426189,1.708506598166,1.71230775369712,1.74838927523297,1.79688001219842,Surged Maintain Status Quo,Iraq,IRQ,2020-06-17,v3
2020-08-28,cumulative_infections,29235170.9,30264579.5,30561592,30563090.75,31006362.25,31497520.8,Surged Relax Interventions 50%,Iraq,IRQ,2020-06-17,v3
2020-08-28,deaths,263.875,348.75,411.5,429.63,495.5,689.175,Surged Relax Interventions 50%,Iraq,IRQ,2020-06-17,v3
2020-08-28,hospital_demand,10581.5,14970.75,17580.5,18576.325,21607.75,30162.675,Surged Relax Interventions 50%,Iraq,IRQ,2020-06-17,v3
2020-08-28,ICU_demand,3142.4,4337.25,5038,5333.02,6149.25,8565.1,Surged Relax Interventions 50%,Iraq,IRQ,2020-06-17,v3
2020-08-28,infections,11237.875,17952.25,22670.5,24865.915,29993,51469.625,Surged Relax Interventions 50%,Iraq,IRQ,2020-06-17,v3
2020-08-28,Rt,2.15851030721146,2.2543850030242,2.28750734400422,2.29259668413465,2.34090597693147,2.40582988008977,Surged Relax Interventions 50%,Iraq,IRQ,2020-06-17,v3
2020-08-29,cumulative_infections,1445131.225,1925059,2265938.5,2329296.28,2678790.25,3465064.525,Additional 50% Reduction,Iraq,IRQ,2020-06-17,v3
2020-08-29,deaths,15,27,34,35.3,44,60.05,Additional 50% Reduction,Iraq,IRQ,2020-06-17,v3
2020-08-29,hospital_demand,986.75,1515.75,1882,1921.27,2258.25,3144.075,Additional 50% Reduction,Iraq,IRQ,2020-06-17,v3
2020-08-29,ICU_demand,244.9,383,480,496.6,588,813.2,Additional 50% Reduction,Iraq,IRQ,2020-06-17,v3
2020-08-29,infections,3239.2,5257,6763,6880.96,8184.75,11446.025,Additional 50% Reduction,Iraq,IRQ,2020-06-17,v3
2020-08-29,Rt,0.812112361888779,0.843219581091691,0.857371790906153,0.857333278094658,0.873213306516869,0.901373836627557,Additional 50% Reduction,Iraq,IRQ,2020-06-17,v3
2020-08-29,cumulative_infections,19336806.125,21670029.25,22650291,22449510.305,23380576.75,24705818.875,Maintain Status Quo,Iraq,IRQ,2020-06-17,v3
2020-08-29,deaths,533.525,747.5,912,927.15,1084.25,1492.25,Maintain Status Quo,Iraq,IRQ,2020-06-17,v3
2020-08-29,hospital_demand,28559.775,35851.25,40353,40245.27,44919.75,50961.175,Maintain Status Quo,Iraq,IRQ,2020-06-17,v3
2020-08-29,ICU_demand,1897.9,2118.5,2285.5,2299.01,2473,2766.4,Maintain Status Quo,Iraq,IRQ,2020-06-17,v3
2020-08-29,infections,77088.175,111709.25,134110,140103.065,166587.25,225464.7,Maintain Status Quo,Iraq,IRQ,2020-06-17,v3
2020-08-29,Rt,1.62422472377756,1.68643916218338,1.71474358181231,1.71466655618932,1.74642661303374,1.80274767325511,Maintain Status Quo,Iraq,IRQ,2020-06-17,v3
2020-08-29,cumulative_infections,29481325.625,30325014.5,30653013,30614102.32,30989259,31558009.95,Relax Interventions 50%,Iraq,IRQ,2020-06-17,v3
2020-08-29,deaths,99,135.75,156,173.72,193.75,339.45,Relax Interventions 50%,Iraq,IRQ,2020-06-17,v3
2020-08-29,hospital_demand,7873.5,10930.25,12972,13688.385,16057,22984.15,Relax Interventions 50%,Iraq,IRQ,2020-06-17,v3
2020-08-29,ICU_demand,1096.85,1354.75,1450,1436.76,1540.75,1688.2,Relax Interventions 50%,Iraq,IRQ,2020-06-17,v3
2020-08-29,infections,9579.35,15427,19422.5,21544.19,25960.5,43815.275,Relax Interventions 50%,Iraq,IRQ,2020-06-17,v3
2020-08-29,Rt,2.1746629412744,2.25796141077355,2.2958579970896,2.29575486803031,2.33827818245917,2.41368604978424,Relax Interventions 50%,Iraq,IRQ,2020-06-17,v3
2020-08-29,cumulative_infections,1542052.8,1918831.25,2291177.5,2294125.985,2623353.25,3372034.15,Surged Additional 50% Reduction,Iraq,IRQ,2020-06-17,v3
2020-08-29,deaths,14,26,34,35.025,43,60.05,Surged Additional 50% Reduction,Iraq,IRQ,2020-06-17,v3
2020-08-29,hospital_demand,882.725,1477.5,1822.5,1893.845,2237.25,3123.95,Surged Additional 50% Reduction,Iraq,IRQ,2020-06-17,v3
2020-08-29,ICU_demand,228.9,381.75,477,491.13,580,813.45,Surged Additional 50% Reduction,Iraq,IRQ,2020-06-17,v3
2020-08-29,infections,2958.225,5306.5,6533,6799.745,8155.25,11340.775,Surged Additional 50% Reduction,Iraq,IRQ,2020-06-17,v3
2020-08-29,Rt,0.806080275927038,0.841883997130944,0.854253299083001,0.85615387684856,0.874194637616486,0.89844000609921,Surged Additional 50% Reduction,Iraq,IRQ,2020-06-17,v3
2020-08-29,cumulative_infections,18830921.3,21611206.5,22465102.5,22378404.385,23382802.5,24673519.225,Surged Maintain Status Quo,Iraq,IRQ,2020-06-17,v3
2020-08-29,deaths,669.9,824.25,898.5,905.935,996.5,1121.025,Surged Maintain Status Quo,Iraq,IRQ,2020-06-17,v3
2020-08-29,hospital_demand,32617.05,41305.25,45763.5,46135.445,51395.5,58252.45,Surged Maintain Status Quo,Iraq,IRQ,2020-06-17,v3
2020-08-29,ICU_demand,8589.1,10846.75,11975.5,12064.67,13521,14845.05,Surged Maintain Status Quo,Iraq,IRQ,2020-06-17,v3
2020-08-29,infections,78672.65,115473.75,136242,141810.25,166189.25,218740.025,Surged Maintain Status Quo,Iraq,IRQ,2020-06-17,v3
2020-08-29,Rt,1.61216055185408,1.68376799426189,1.708506598166,1.71230775369712,1.74838927523297,1.79688001219842,Surged Maintain Status Quo,Iraq,IRQ,2020-06-17,v3
2020-08-29,cumulative_infections,29283764.875,30288788,30580994,30585017.895,31024230,31507720.1,Surged Relax Interventions 50%,Iraq,IRQ,2020-06-17,v3
2020-08-29,deaths,217.975,312,375.5,388.395,454,623.225,Surged Relax Interventions 50%,Iraq,IRQ,2020-06-17,v3
2020-08-29,hospital_demand,9423.975,13407,15695.5,16675.655,19446.75,27530.9,Surged Relax Interventions 50%,Iraq,IRQ,2020-06-17,v3
2020-08-29,ICU_demand,2816.3,3892,4534,4811.38,5587.5,7816.875,Surged Relax Interventions 50%,Iraq,IRQ,2020-06-17,v3
2020-08-29,infections,9887.1,15663,19986.5,21927.145,26523.5,45952.7,Surged Relax Interventions 50%,Iraq,IRQ,2020-06-17,v3
2020-08-29,Rt,2.15851030721146,2.2543850030242,2.28750734400422,2.29259668413465,2.34090597693147,2.40582988008977,Surged Relax Interventions 50%,Iraq,IRQ,2020-06-17,v3
2020-08-30,cumulative_infections,1448156.625,1929761.75,2273130,2335959.4,2685601,3476373.55,Additional 50% Reduction,Iraq,IRQ,2020-06-17,v3
2020-08-30,deaths,15,25,35,34.67,42,61.025,Additional 50% Reduction,Iraq,IRQ,2020-06-17,v3
2020-08-30,hospital_demand,947.2,1468.5,1835.5,1864.2,2204.75,3074.025,Additional 50% Reduction,Iraq,IRQ,2020-06-17,v3
2020-08-30,ICU_demand,239.925,373.75,470,482.22,568.25,792.2,Additional 50% Reduction,Iraq,IRQ,2020-06-17,v3
2020-08-30,infections,3084.425,5127.25,6529,6663.12,7917.75,11309.025,Additional 50% Reduction,Iraq,IRQ,2020-06-17,v3
2020-08-30,Rt,0.812112361888779,0.843219581091691,0.857371790906153,0.857333278094658,0.873213306516869,0.901373836627557,Additional 50% Reduction,Iraq,IRQ,2020-06-17,v3
2020-08-30,cumulative_infections,19546896.675,21830141.25,22764904,22580196.8,23492347.25,24774918.4,Maintain Status Quo,Iraq,IRQ,2020-06-17,v3
2020-08-30,deaths,486.925,700,837,862.83,1016.75,1322.075,Maintain Status Quo,Iraq,IRQ,2020-06-17,v3
2020-08-30,hospital_demand,26768.275,33986.75,38480.5,38501.555,43300.5,49689.625,Maintain Status Quo,Iraq,IRQ,2020-06-17,v3
2020-08-30,ICU_demand,1850.825,2069.5,2224.5,2235.9,2395.25,2747.15,Maintain Status Quo,Iraq,IRQ,2020-06-17,v3
2020-08-30,infections,71086.875,103646.5,124849.5,130686.495,156026,214373.1,Maintain Status Quo,Iraq,IRQ,2020-06-17,v3
2020-08-30,Rt,1.62422472377756,1.68643916218338,1.71474358181231,1.71466655618932,1.74642661303374,1.80274767325511,Maintain Status Quo,Iraq,IRQ,2020-06-17,v3
2020-08-30,cumulative_infections,29519346.675,30344747.25,30668758,30633080.375,31002436.25,31565146,Relax Interventions 50%,Iraq,IRQ,2020-06-17,v3
2020-08-30,deaths,96,129,144.5,157.115,173,283.225,Relax Interventions 50%,Iraq,IRQ,2020-06-17,v3
2020-08-30,hospital_demand,7019.95,9828.75,11726.5,12372.425,14559.25,21075.325,Relax Interventions 50%,Iraq,IRQ,2020-06-17,v3
2020-08-30,ICU_demand,1031.575,1290.5,1394.5,1384.61,1512.25,1625.425,Relax Interventions 50%,Iraq,IRQ,2020-06-17,v3
2020-08-30,infections,8410,13583.25,17044,18978.055,22994,39176.125,Relax Interventions 50%,Iraq,IRQ,2020-06-17,v3
2020-08-30,Rt,2.1746629412744,2.25796141077355,2.2958579970896,2.29575486803031,2.33827818245917,2.41368604978424,Relax Interventions 50%,Iraq,IRQ,2020-06-17,v3
2020-08-30,cumulative_infections,1545440.425,1924672.5,2298098,2300736.805,2631086.25,3383184.6,Surged Additional 50% Reduction,Iraq,IRQ,2020-06-17,v3
2020-08-30,deaths,14.975,26,33,34.145,42,57.025,Surged Additional 50% Reduction,Iraq,IRQ,2020-06-17,v3
2020-08-30,hospital_demand,870.2,1444.5,1786,1838.795,2180.75,3032.9,Surged Additional 50% Reduction,Iraq,IRQ,2020-06-17,v3
2020-08-30,ICU_demand,222.925,372.5,463,476.8,563.5,809.05,Surged Additional 50% Reduction,Iraq,IRQ,2020-06-17,v3
2020-08-30,infections,2857.7,5075.75,6299.5,6610.82,7965.25,11060.85,Surged Additional 50% Reduction,Iraq,IRQ,2020-06-17,v3
2020-08-30,Rt,0.806080275927038,0.841883997130944,0.854253299083001,0.85615387684856,0.874194637616486,0.89844000609921,Surged Additional 50% Reduction,Iraq,IRQ,2020-06-17,v3
2020-08-30,cumulative_infections,19066534.425,21766936.25,22584504.5,22510677.455,23485369.75,24743085.225,Surged Maintain Status Quo,Iraq,IRQ,2020-06-17,v3
2020-08-30,deaths,618.8,785.25,876.5,864.545,955.5,1060.175,Surged Maintain Status Quo,Iraq,IRQ,2020-06-17,v3
2020-08-30,hospital_demand,30352.55,38964,43321,43813.755,49115.25,56074.075,Surged Maintain Status Quo,Iraq,IRQ,2020-06-17,v3
2020-08-30,ICU_demand,8030.825,10257.25,11293.5,11489.82,12877.75,14357.15,Surged Maintain Status Quo,Iraq,IRQ,2020-06-17,v3
2020-08-30,infections,72120.5,106958,127143,132273.07,155335.5,207773.95,Surged Maintain Status Quo,Iraq,IRQ,2020-06-17,v3
2020-08-30,Rt,1.61216055185408,1.68376799426189,1.708506598166,1.71230775369712,1.74838927523297,1.79688001219842,Surged Maintain Status Quo,Iraq,IRQ,2020-06-17,v3
2020-08-30,cumulative_infections,29326486.125,30310585.75,30598164,30604356.325,31039206,31516843.15,Surged Relax Interventions 50%,Iraq,IRQ,2020-06-17,v3
2020-08-30,deaths,200.9,279.75,329,348.765,405.5,567.1,Surged Relax Interventions 50%,Iraq,IRQ,2020-06-17,v3
2020-08-30,hospital_demand,8394.3,12000,14052,14958.94,17414.25,25104.15,Surged Relax Interventions 50%,Iraq,IRQ,2020-06-17,v3
2020-08-30,ICU_demand,2530.925,3497,4070.5,4334.41,5052.5,7105.575,Surged Relax Interventions 50%,Iraq,IRQ,2020-06-17,v3
2020-08-30,infections,8481.925,13705.75,17646.5,19338.43,23278,40803.375,Surged Relax Interventions 50%,Iraq,IRQ,2020-06-17,v3
2020-08-30,Rt,2.15851030721146,2.2543850030242,2.28750734400422,2.29259668413465,2.34090597693147,2.40582988008977,Surged Relax Interventions 50%,Iraq,IRQ,2020-06-17,v3
2020-08-31,cumulative_infections,1451110.8,1934479.25,2280160.5,2342432.155,2693745.5,3487094.475,Additional 50% Reduction,Iraq,IRQ,2020-06-17,v3
2020-08-31,deaths,14.975,24.75,32,33.425,42,57.025,Additional 50% Reduction,Iraq,IRQ,2020-06-17,v3
2020-08-31,hospital_demand,921.275,1427.25,1774.5,1809.6,2137.5,2963.5,Additional 50% Reduction,Iraq,IRQ,2020-06-17,v3
2020-08-31,ICU_demand,232.975,363.75,458.5,467.725,549.5,774.025,Additional 50% Reduction,Iraq,IRQ,2020-06-17,v3
2020-08-31,infections,2998.85,4971.75,6367.5,6472.755,7712.75,10803.8,Additional 50% Reduction,Iraq,IRQ,2020-06-17,v3
2020-08-31,Rt,0.812112361888779,0.843219581091691,0.857371790906153,0.857333278094658,0.873213306516869,0.901373836627557,Additional 50% Reduction,Iraq,IRQ,2020-06-17,v3
2020-08-31,cumulative_infections,19744961.55,21988179.5,22876773.5,22701949.55,23601234,24838715.425,Maintain Status Quo,Iraq,IRQ,2020-06-17,v3
2020-08-31,deaths,441.925,649,760,801.14,949.75,1314.775,Maintain Status Quo,Iraq,IRQ,2020-06-17,v3
2020-08-31,hospital_demand,24881.85,32144.25,36651,36745.605,41588.25,48387.975,Maintain Status Quo,Iraq,IRQ,2020-06-17,v3
2020-08-31,ICU_demand,1804.475,2020.5,2155,2177.755,2328.75,2669.425,Maintain Status Quo,Iraq,IRQ,2020-06-17,v3
2020-08-31,infections,64120.7,95634.75,115072,121752.75,146352.5,203408.55,Maintain Status Quo,Iraq,IRQ,2020-06-17,v3
2020-08-31,Rt,1.62422472377756,1.68643916218338,1.71474358181231,1.71466655618932,1.74642661303374,1.80274767325511,Maintain Status Quo,Iraq,IRQ,2020-06-17,v3
2020-08-31,cumulative_infections,29552934.525,30361729.25,30682670.5,30649796.535,31013567,31571258.05,Relax Interventions 50%,Iraq,IRQ,2020-06-17,v3
2020-08-31,deaths,82.975,114.75,131,141.445,157,254.325,Relax Interventions 50%,Iraq,IRQ,2020-06-17,v3
2020-08-31,hospital_demand,6189.175,8758.75,10526,11157.04,13080.75,19229.8,Relax Interventions 50%,Iraq,IRQ,2020-06-17,v3
2020-08-31,ICU_demand,965.4,1216.75,1347,1331.97,1473.25,1611.025,Relax Interventions 50%,Iraq,IRQ,2020-06-17,v3
2020-08-31,infections,7251.375,11947.25,14956.5,16716.16,20269.25,34699.975,Relax Interventions 50%,Iraq,IRQ,2020-06-17,v3
2020-08-31,Rt,2.1746629412744,2.25796141077355,2.2958579970896,2.29575486803031,2.33827818245917,2.41368604978424,Relax Interventions 50%,Iraq,IRQ,2020-06-17,v3
2020-08-31,cumulative_infections,1548652.875,1930603.5,2304763,2307137.215,2638641.25,3393978.725,Surged Additional 50% Reduction,Iraq,IRQ,2020-06-17,v3
2020-08-31,deaths,14,23,31,32.515,40,56.025,Surged Additional 50% Reduction,Iraq,IRQ,2020-06-17,v3
2020-08-31,hospital_demand,840.925,1393,1722.5,1783.13,2133.75,2927.825,Surged Additional 50% Reduction,Iraq,IRQ,2020-06-17,v3
2020-08-31,ICU_demand,209.95,358.75,453.5,463.605,550,783.175,Surged Additional 50% Reduction,Iraq,IRQ,2020-06-17,v3
2020-08-31,infections,2693.875,5016.75,6115,6400.41,7663.75,10786.55,Surged Additional 50% Reduction,Iraq,IRQ,2020-06-17,v3
2020-08-31,Rt,0.806080275927038,0.841883997130944,0.854253299083001,0.85615387684856,0.874194637616486,0.89844000609921,Surged Additional 50% Reduction,Iraq,IRQ,2020-06-17,v3
2020-08-31,cumulative_infections,19290215.85,21920057.5,22705695,22633904.795,23586769,24807303.825,Surged Maintain Status Quo,Iraq,IRQ,2020-06-17,v3
2020-08-31,deaths,603.85,729,827.5,822.48,912.75,1032.025,Surged Maintain Status Quo,Iraq,IRQ,2020-06-17,v3
2020-08-31,hospital_demand,28232.55,36583.75,40845.5,41551.88,46754,53758.425,Surged Maintain Status Quo,Iraq,IRQ,2020-06-17,v3
2020-08-31,ICU_demand,7514.05,9717.75,10688,10921.4,12267.75,13854.675,Surged Maintain Status Quo,Iraq,IRQ,2020-06-17,v3
2020-08-31,infections,66303.975,98737.75,117822,123227.34,145453,196995.025,Surged Maintain Status Quo,Iraq,IRQ,2020-06-17,v3
2020-08-31,Rt,1.61216055185408,1.68376799426189,1.708506598166,1.71230775369712,1.74838927523297,1.79688001219842,Surged Maintain Status Quo,Iraq,IRQ,2020-06-17,v3
2020-08-31,cumulative_infections,29364640.35,30329742.75,30613019,30621403.63,31052248.75,31524724.05,Surged Relax Interventions 50%,Iraq,IRQ,2020-06-17,v3
2020-08-31,deaths,179.9,249.75,304,314.14,367.25,537.2,Surged Relax Interventions 50%,Iraq,IRQ,2020-06-17,v3
2020-08-31,hospital_demand,7417.1,10682.25,12583,13397.89,15652.25,22802.675,Surged Relax Interventions 50%,Iraq,IRQ,2020-06-17,v3
2020-08-31,ICU_demand,2255.25,3117.25,3644.5,3900.41,4541,6462.2,Surged Relax Interventions 50%,Iraq,IRQ,2020-06-17,v3
2020-08-31,infections,7477.975,11856,15404,17047.305,20472.5,36830.8,Surged Relax Interventions 50%,Iraq,IRQ,2020-06-17,v3
2020-08-31,Rt,2.15851030721146,2.2543850030242,2.28750734400422,2.29259668413465,2.34090597693147,2.40582988008977,Surged Relax Interventions 50%,Iraq,IRQ,2020-06-17,v3
2020-09-01,cumulative_infections,1453992.375,1939098.5,2286935.5,2348712,2702525.75,3497492.7,Additional 50% Reduction,Iraq,IRQ,2020-06-17,v3
2020-09-01,deaths,14,24.75,31,32.85,39,60.1,Additional 50% Reduction,Iraq,IRQ,2020-06-17,v3
2020-09-01,hospital_demand,864.675,1379.75,1726,1754.4,2068.25,2884.875,Additional 50% Reduction,Iraq,IRQ,2020-06-17,v3
2020-09-01,ICU_demand,220.875,355.5,440.5,454.485,535.5,739.475,Additional 50% Reduction,Iraq,IRQ,2020-06-17,v3
2020-09-01,infections,2864.425,4853.5,6152,6279.845,7517,10560.075,Additional 50% Reduction,Iraq,IRQ,2020-06-17,v3
2020-09-01,Rt,0.812112361888779,0.843219581091691,0.857371790906153,0.857333278094658,0.873213306516869,0.901373836627557,Additional 50% Reduction,Iraq,IRQ,2020-06-17,v3
2020-09-01,cumulative_infections,19932334.15,22136421.5,22984672,22815222.9,23701179,24896632.8,Maintain Status Quo,Iraq,IRQ,2020-06-17,v3
2020-09-01,deaths,398.7,590.5,714.5,741.66,891.25,1173.975,Maintain Status Quo,Iraq,IRQ,2020-06-17,v3
2020-09-01,hospital_demand,23309.9,30358.75,34772.5,35008.47,39874.25,47056.85,Maintain Status Quo,Iraq,IRQ,2020-06-17,v3
2020-09-01,ICU_demand,1758.625,1964,2089.5,2123.625,2264.25,2629.1,Maintain Status Quo,Iraq,IRQ,2020-06-17,v3
2020-09-01,infections,59402.7,88435.5,106960,113273.35,136695.5,190941.95,Maintain Status Quo,Iraq,IRQ,2020-06-17,v3
2020-09-01,Rt,1.62422472377756,1.68643916218338,1.71474358181231,1.71466655618932,1.74642661303374,1.80274767325511,Maintain Status Quo,Iraq,IRQ,2020-06-17,v3
2020-09-01,cumulative_infections,29582814.65,30376757.75,30696158,30664530.555,31022785,31576852.15,Relax Interventions 50%,Iraq,IRQ,2020-06-17,v3
2020-09-01,deaths,80.925,109,127,131.01,145,218.525,Relax Interventions 50%,Iraq,IRQ,2020-06-17,v3
2020-09-01,hospital_demand,5470.175,7830.5,9499.5,10051.61,11848.25,17624.825,Relax Interventions 50%,Iraq,IRQ,2020-06-17,v3
2020-09-01,ICU_demand,900.15,1152.5,1269,1273.06,1429.5,1579.3,Relax Interventions 50%,Iraq,IRQ,2020-06-17,v3
2020-09-01,infections,6453.1,10473.75,13048,14734.02,17912.5,30572.6,Relax Interventions 50%,Iraq,IRQ,2020-06-17,v3
2020-09-01,Rt,2.1746629412744,2.25796141077355,2.2958579970896,2.29575486803031,2.33827818245917,2.41368604978424,Relax Interventions 50%,Iraq,IRQ,2020-06-17,v3
2020-09-01,cumulative_infections,1551865.025,1936309.25,2311485.5,2313352.76,2645943.75,3404299.7,Surged Additional 50% Reduction,Iraq,IRQ,2020-06-17,v3
2020-09-01,deaths,11,23,31,32.52,40,59,Surged Additional 50% Reduction,Iraq,IRQ,2020-06-17,v3
2020-09-01,hospital_demand,800.075,1358.5,1664,1730.825,2071.25,2835.2,Surged Additional 50% Reduction,Iraq,IRQ,2020-06-17,v3
2020-09-01,ICU_demand,205.875,351.25,433,449.22,532.25,761.125,Surged Additional 50% Reduction,Iraq,IRQ,2020-06-17,v3
2020-09-01,infections,2686.15,4854.25,5923,6215.545,7491.25,10352.625,Surged Additional 50% Reduction,Iraq,IRQ,2020-06-17,v3
2020-09-01,Rt,0.806080275927038,0.841883997130944,0.854253299083001,0.85615387684856,0.874194637616486,0.89844000609921,Surged Additional 50% Reduction,Iraq,IRQ,2020-06-17,v3
2020-09-01,cumulative_infections,19502118.55,22055370.5,22817618,22748685.41,23688277,24866280.15,Surged Maintain Status Quo,Iraq,IRQ,2020-06-17,v3
2020-09-01,deaths,556.725,694,775,782.94,876.5,994.875,Surged Maintain Status Quo,Iraq,IRQ,2020-06-17,v3
2020-09-01,hospital_demand,26171.975,34434.75,38580,39345.095,44483,51615.925,Surged Maintain Status Quo,Iraq,IRQ,2020-06-17,v3
2020-09-01,ICU_demand,6977.675,9158.75,10127,10367.73,11684.75,13368.95,Surged Maintain Status Quo,Iraq,IRQ,2020-06-17,v3
2020-09-01,infections,61156.425,91524.25,109605.5,114780.615,135708.75,187274.825,Surged Maintain Status Quo,Iraq,IRQ,2020-06-17,v3
2020-09-01,Rt,1.61216055185408,1.68376799426189,1.708506598166,1.71230775369712,1.74838927523297,1.79688001219842,Surged Maintain Status Quo,Iraq,IRQ,2020-06-17,v3
2020-09-01,cumulative_infections,29398632.525,30344791,30626194,30636417.64,31063760.5,31531580.925,Surged Relax Interventions 50%,Iraq,IRQ,2020-06-17,v3
2020-09-01,deaths,155,223.25,264.5,279.9,330.25,480.075,Surged Relax Interventions 50%,Iraq,IRQ,2020-06-17,v3
2020-09-01,hospital_demand,6538.525,9486.25,11243,11983.555,13984,20659.85,Surged Relax Interventions 50%,Iraq,IRQ,2020-06-17,v3
2020-09-01,ICU_demand,1996.05,2793.75,3283.5,3510.385,4094.5,5881.4,Surged Relax Interventions 50%,Iraq,IRQ,2020-06-17,v3
2020-09-01,infections,6494.75,10578,13628.5,15014.01,18062.25,32560.4,Surged Relax Interventions 50%,Iraq,IRQ,2020-06-17,v3
2020-09-01,Rt,2.15851030721146,2.2543850030242,2.28750734400422,2.29259668413465,2.34090597693147,2.40582988008977,Surged Relax Interventions 50%,Iraq,IRQ,2020-06-17,v3
2020-09-02,cumulative_infections,1456762.15,1943532.5,2293680.5,2354809.305,2711015.25,3507714.725,Additional 50% Reduction,Iraq,IRQ,2020-06-17,v3
2020-09-02,deaths,13.975,24,30,30.975,38,54.05,Additional 50% Reduction,Iraq,IRQ,2020-06-17,v3
2020-09-02,hospital_demand,830.425,1339.75,1676.5,1701.58,1991.5,2813.775,Additional 50% Reduction,Iraq,IRQ,2020-06-17,v3
2020-09-02,ICU_demand,216.9,342,432,441.86,521.75,707.725,Additional 50% Reduction,Iraq,IRQ,2020-06-17,v3
2020-09-02,infections,2837.225,4671.5,5985,6097.305,7264,10229.625,Additional 50% Reduction,Iraq,IRQ,2020-06-17,v3
2020-09-02,Rt,0.812112361888779,0.843219581091691,0.857371790906153,0.857333278094658,0.873213306516869,0.901373836627557,Additional 50% Reduction,Iraq,IRQ,2020-06-17,v3
2020-09-02,cumulative_infections,20109694.025,22257804.25,23081855.5,22920588.295,23780872.75,24950515.35,Maintain Status Quo,Iraq,IRQ,2020-06-17,v3
2020-09-02,deaths,361.8,547.75,661.5,690.96,829.5,1145.025,Maintain Status Quo,Iraq,IRQ,2020-06-17,v3
2020-09-02,hospital_demand,21679.6,28577,32935.5,33277.05,38035.75,45674.95,Maintain Status Quo,Iraq,IRQ,2020-06-17,v3
2020-09-02,ICU_demand,1736.35,1918.75,2052.5,2071.975,2219,2564.225,Maintain Status Quo,Iraq,IRQ,2020-06-17,v3
2020-09-02,infections,54610.55,81476.5,99517,105365.395,127651.25,181189.175,Maintain Status Quo,Iraq,IRQ,2020-06-17,v3
2020-09-02,Rt,1.62422472377756,1.68643916218338,1.71474358181231,1.71466655618932,1.74642661303374,1.80274767325511,Maintain Status Quo,Iraq,IRQ,2020-06-17,v3
2020-09-02,cumulative_infections,29609326.9,30390121.75,30709508.5,30677495.115,31030508.75,31581648.175,Relax Interventions 50%,Iraq,IRQ,2020-06-17,v3
2020-09-02,deaths,76.975,100,116.5,120.815,134,199.6,Relax Interventions 50%,Iraq,IRQ,2020-06-17,v3
2020-09-02,hospital_demand,4860.125,7007,8511.5,9041.09,10645.25,15989.725,Relax Interventions 50%,Iraq,IRQ,2020-06-17,v3
2020-09-02,ICU_demand,812.775,1075.5,1198,1209.04,1371,1538.45,Relax Interventions 50%,Iraq,IRQ,2020-06-17,v3
2020-09-02,infections,5540,9107,11549.5,12964.56,15787.5,27294.35,Relax Interventions 50%,Iraq,IRQ,2020-06-17,v3
2020-09-02,Rt,2.1746629412744,2.25796141077355,2.2958579970896,2.29575486803031,2.33827818245917,2.41368604978424,Relax Interventions 50%,Iraq,IRQ,2020-06-17,v3
2020-09-02,cumulative_infections,1554943.8,1941810.75,2317763.5,2319395.545,2652965.5,3414436.5,Surged Additional 50% Reduction,Iraq,IRQ,2020-06-17,v3
2020-09-02,deaths,10.95,23,31,31.77,39,62.025,Surged Additional 50% Reduction,Iraq,IRQ,2020-06-17,v3
2020-09-02,hospital_demand,768.675,1319.25,1609,1678.42,2008.5,2769.4,Surged Additional 50% Reduction,Iraq,IRQ,2020-06-17,v3
2020-09-02,ICU_demand,203.8,343.25,415,435.735,519.25,727.35,Surged Additional 50% Reduction,Iraq,IRQ,2020-06-17,v3
2020-09-02,infections,2617.925,4722.25,5704.5,6042.785,7289.75,9967.85,Surged Additional 50% Reduction,Iraq,IRQ,2020-06-17,v3
2020-09-02,Rt,0.806080275927038,0.841883997130944,0.854253299083001,0.85615387684856,0.874194637616486,0.89844000609921,Surged Additional 50% Reduction,Iraq,IRQ,2020-06-17,v3
2020-09-02,cumulative_infections,19702863.85,22172332,22929092,22855476.155,23786733.5,24920112.825,Surged Maintain Status Quo,Iraq,IRQ,2020-06-17,v3
2020-09-02,deaths,491.975,656,748.5,745.55,836,989.025,Surged Maintain Status Quo,Iraq,IRQ,2020-06-17,v3
2020-09-02,hospital_demand,24274.825,32317,36394,37202.825,42258.5,49425.725,Surged Maintain Status Quo,Iraq,IRQ,2020-06-17,v3
2020-09-02,ICU_demand,6510.475,8607.75,9562,9825.38,11091.75,12847.025,Surged Maintain Status Quo,Iraq,IRQ,2020-06-17,v3
2020-09-02,infections,55776.825,84566,101546.5,106790.745,126578.5,177162.275,Surged Maintain Status Quo,Iraq,IRQ,2020-06-17,v3
2020-09-02,Rt,1.61216055185408,1.68376799426189,1.708506598166,1.71230775369712,1.74838927523297,1.79688001219842,Surged Maintain Status Quo,Iraq,IRQ,2020-06-17,v3
2020-09-02,cumulative_infections,29428599.15,30357958.75,30637893,30649660.27,31073847.75,31537703.425,Surged Relax Interventions 50%,Iraq,IRQ,2020-06-17,v3
2020-09-02,deaths,128,197,238,250.94,288.25,436.4,Surged Relax Interventions 50%,Iraq,IRQ,2020-06-17,v3
2020-09-02,hospital_demand,5769.7,8394.5,10001.5,10710.65,12578,18696.775,Surged Relax Interventions 50%,Iraq,IRQ,2020-06-17,v3
2020-09-02,ICU_demand,1796.875,2497.75,2943,3152.195,3666,5325.975,Surged Relax Interventions 50%,Iraq,IRQ,2020-06-17,v3
2020-09-02,infections,5569.95,9180.75,12050,13242.63,15820,29379.2,Surged Relax Interventions 50%,Iraq,IRQ,2020-06-17,v3
2020-09-02,Rt,2.15851030721146,2.2543850030242,2.28750734400422,2.29259668413465,2.34090597693147,2.40582988008977,Surged Relax Interventions 50%,Iraq,IRQ,2020-06-17,v3
2020-09-03,cumulative_infections,1459523.275,1947764.5,2300142,2360717.63,2719203.5,3517629.825,Additional 50% Reduction,Iraq,IRQ,2020-06-17,v3
2020-09-03,deaths,13,23,30,31,38,51.125,Additional 50% Reduction,Iraq,IRQ,2020-06-17,v3
2020-09-03,hospital_demand,797.825,1302.25,1621,1651.115,1939.5,2739.2,Additional 50% Reduction,Iraq,IRQ,2020-06-17,v3
2020-09-03,ICU_demand,214.75,334.75,421,429.07,508.25,686.925,Additional 50% Reduction,Iraq,IRQ,2020-06-17,v3
2020-09-03,infections,2726.95,4576.5,5787,5908.325,7039,9922.05,Additional 50% Reduction,Iraq,IRQ,2020-06-17,v3
2020-09-03,Rt,0.812112361888779,0.843219581091691,0.857371790906153,0.857333278094658,0.873213306516869,0.901373836627557,Additional 50% Reduction,Iraq,IRQ,2020-06-17,v3
2020-09-03,cumulative_infections,20276762.225,22365190.5,23169933,23018535.9,23855340.75,24999263.025,Maintain Status Quo,Iraq,IRQ,2020-06-17,v3
2020-09-03,deaths,330,510.75,623.5,647.32,779.5,1091.35,Maintain Status Quo,Iraq,IRQ,2020-06-17,v3
2020-09-03,hospital_demand,20262.675,26828,31138,31565.42,36242.25,44115.9,Maintain Status Quo,Iraq,IRQ,2020-06-17,v3
2020-09-03,ICU_demand,1698.7,1875.75,2001.5,2020.135,2148.5,2469.275,Maintain Status Quo,Iraq,IRQ,2020-06-17,v3
2020-09-03,infections,50023.475,75069.75,92129.5,97947.605,118796.75,171276.325,Maintain Status Quo,Iraq,IRQ,2020-06-17,v3
2020-09-03,Rt,1.62422472377756,1.68643916218338,1.71474358181231,1.71466655618932,1.74642661303374,1.80274767325511,Maintain Status Quo,Iraq,IRQ,2020-06-17,v3
2020-09-03,cumulative_infections,29632971.375,30401833.25,30721173,30688931.38,31038125,31585794.05,Relax Interventions 50%,Iraq,IRQ,2020-06-17,v3
2020-09-03,deaths,65.975,92,105.5,110.7,128.25,186.025,Relax Interventions 50%,Iraq,IRQ,2020-06-17,v3
2020-09-03,hospital_demand,4285.625,6276.25,7624,8124.99,9579.25,14551.925,Relax Interventions 50%,Iraq,IRQ,2020-06-17,v3
2020-09-03,ICU_demand,738.675,1003.5,1137,1144.62,1300.5,1514.15,Relax Interventions 50%,Iraq,IRQ,2020-06-17,v3
2020-09-03,infections,4778.7,8052,10126,11436.265,13906.75,24221.875,Relax Interventions 50%,Iraq,IRQ,2020-06-17,v3
2020-09-03,Rt,2.1746629412744,2.25796141077355,2.2958579970896,2.29575486803031,2.33827818245917,2.41368604978424,Relax Interventions 50%,Iraq,IRQ,2020-06-17,v3
2020-09-03,cumulative_infections,1557832.2,1947184.5,2323879.5,2325248.125,2659856.75,3424290.275,Surged Additional 50% Reduction,Iraq,IRQ,2020-06-17,v3
2020-09-03,deaths,14.95,22,29,30.09,37,53.1,Surged Additional 50% Reduction,Iraq,IRQ,2020-06-17,v3
2020-09-03,hospital_demand,742.65,1265.75,1559,1629.515,1951.25,2662.225,Surged Additional 50% Reduction,Iraq,IRQ,2020-06-17,v3
2020-09-03,ICU_demand,192.825,342.25,402.5,423.005,504.25,709.375,Surged Additional 50% Reduction,Iraq,IRQ,2020-06-17,v3
2020-09-03,infections,2451.825,4590.75,5564.5,5852.58,7140.5,9807.525,Surged Additional 50% Reduction,Iraq,IRQ,2020-06-17,v3
2020-09-03,Rt,0.806080275927038,0.841883997130944,0.854253299083001,0.85615387684856,0.874194637616486,0.89844000609921,Surged Additional 50% Reduction,Iraq,IRQ,2020-06-17,v3
2020-09-03,cumulative_infections,19892758.025,22283803.5,23032828.5,22954734.015,23877180.25,24969413.475,Surged Maintain Status Quo,Iraq,IRQ,2020-06-17,v3
2020-09-03,deaths,477.8,618.5,690.5,703.855,797.5,925,Surged Maintain Status Quo,Iraq,IRQ,2020-06-17,v3
2020-09-03,hospital_demand,22514.225,30319.5,34260,35123.445,39982.25,47353.95,Surged Maintain Status Quo,Iraq,IRQ,2020-06-17,v3
2020-09-03,ICU_demand,6044.975,8097.75,9047.5,9300.395,10550.5,12191.625,Surged Maintain Status Quo,Iraq,IRQ,2020-06-17,v3
2020-09-03,infections,51488.55,78091.75,94056.5,99257.86,118095.5,167257.55,Surged Maintain Status Quo,Iraq,IRQ,2020-06-17,v3
2020-09-03,Rt,1.61216055185408,1.68376799426189,1.708506598166,1.71230775369712,1.74838927523297,1.79688001219842,Surged Maintain Status Quo,Iraq,IRQ,2020-06-17,v3
2020-09-03,cumulative_infections,29455416.875,30369601,30648086.5,30661315.465,31082806.25,31542918.75,Surged Relax Interventions 50%,Iraq,IRQ,2020-06-17,v3
2020-09-03,deaths,120.875,178.75,212,224.745,264.25,386.2,Surged Relax Interventions 50%,Iraq,IRQ,2020-06-17,v3
2020-09-03,hospital_demand,5084.725,7480,8926,9564.025,11201.5,16874.35,Surged Relax Interventions 50%,Iraq,IRQ,2020-06-17,v3
2020-09-03,ICU_demand,1595,2241,2632.5,2827.855,3294.75,4868.475,Surged Relax Interventions 50%,Iraq,IRQ,2020-06-17,v3
2020-09-03,infections,4953.9,8078.25,10559,11655.195,13893,25835.125,Surged Relax Interventions 50%,Iraq,IRQ,2020-06-17,v3
2020-09-03,Rt,2.15851030721146,2.2543850030242,2.28750734400422,2.29259668413465,2.34090597693147,2.40582988008977,Surged Relax Interventions 50%,Iraq,IRQ,2020-06-17,v3
2020-09-04,cumulative_infections,1462115.9,1951844.75,2306409,2366447.075,2727160.5,3527363.85,Additional 50% Reduction,Iraq,IRQ,2020-06-17,v3
2020-09-04,deaths,13,22,29,29.99,36,53,Additional 50% Reduction,Iraq,IRQ,2020-06-17,v3
2020-09-04,hospital_demand,771.55,1252.5,1582,1600.9,1887.25,2645.5,Additional 50% Reduction,Iraq,IRQ,2020-06-17,v3
2020-09-04,ICU_demand,206.7,320.75,413,416.82,486.25,671.675,Additional 50% Reduction,Iraq,IRQ,2020-06-17,v3
2020-09-04,infections,2632.925,4458.25,5577.5,5729.445,6785.5,9631.7,Additional 50% Reduction,Iraq,IRQ,2020-06-17,v3
2020-09-04,Rt,0.812112361888779,0.843219581091691,0.857371790906153,0.857333278094658,0.873213306516869,0.901373836627557,Additional 50% Reduction,Iraq,IRQ,2020-06-17,v3
2020-09-04,cumulative_infections,20434233.275,22464202.5,23252547,23109501.085,23927364,25043920.5,Maintain Status Quo,Iraq,IRQ,2020-06-17,v3
2020-09-04,deaths,293.675,469.25,582,600.845,732,1020.475,Maintain Status Quo,Iraq,IRQ,2020-06-17,v3
2020-09-04,hospital_demand,18743.525,25186.5,29432.5,29895.725,34477.75,42633.85,Maintain Status Quo,Iraq,IRQ,2020-06-17,v3
2020-09-04,ICU_demand,1666.725,1831.5,1940,1973.195,2096.75,2378.225,Maintain Status Quo,Iraq,IRQ,2020-06-17,v3
2020-09-04,infections,45837.725,69413.75,85305,90965.185,110265,160776.975,Maintain Status Quo,Iraq,IRQ,2020-06-17,v3
2020-09-04,Rt,1.62422472377756,1.68643916218338,1.71474358181231,1.71466655618932,1.74642661303374,1.80274767325511,Maintain Status Quo,Iraq,IRQ,2020-06-17,v3
2020-09-04,cumulative_infections,29653935,30412170.75,30731424.5,30698993.06,31045077.5,31589394.95,Relax Interventions 50%,Iraq,IRQ,2020-06-17,v3
2020-09-04,deaths,56.95,82.75,99,101.59,116,159.025,Relax Interventions 50%,Iraq,IRQ,2020-06-17,v3
2020-09-04,hospital_demand,3789.05,5585.75,6801,7290.095,8655.25,13089.65,Relax Interventions 50%,Iraq,IRQ,2020-06-17,v3
2020-09-04,ICU_demand,681.775,923.5,1061.5,1077.475,1225.75,1468.275,Relax Interventions 50%,Iraq,IRQ,2020-06-17,v3
2020-09-04,infections,4178.525,7047.25,8876.5,10061.68,12156.75,21563.325,Relax Interventions 50%,Iraq,IRQ,2020-06-17,v3
2020-09-04,Rt,2.1746629412744,2.25796141077355,2.2958579970896,2.29575486803031,2.33827818245917,2.41368604978424,Relax Interventions 50%,Iraq,IRQ,2020-06-17,v3
2020-09-04,cumulative_infections,1560618.15,1951919.25,2329892.5,2330921.46,2666539.25,3433732.9,Surged Additional 50% Reduction,Iraq,IRQ,2020-06-17,v3
2020-09-04,deaths,11.975,22,28.5,29.16,36,50.025,Surged Additional 50% Reduction,Iraq,IRQ,2020-06-17,v3
2020-09-04,hospital_demand,731.025,1230.25,1511.5,1580.305,1890.25,2610.475,Surged Additional 50% Reduction,Iraq,IRQ,2020-06-17,v3
2020-09-04,ICU_demand,190.8,329,395.5,411.035,490,689.275,Surged Additional 50% Reduction,Iraq,IRQ,2020-06-17,v3
2020-09-04,infections,2377.875,4418,5395,5673.335,6847,9594.875,Surged Additional 50% Reduction,Iraq,IRQ,2020-06-17,v3
2020-09-04,Rt,0.806080275927038,0.841883997130944,0.854253299083001,0.85615387684856,0.874194637616486,0.89844000609921,Surged Additional 50% Reduction,Iraq,IRQ,2020-06-17,v3
2020-09-04,cumulative_infections,20071648.75,22395245,23125072,23046984.755,23960775.5,25014941.175,Surged Maintain Status Quo,Iraq,IRQ,2020-06-17,v3
2020-09-04,deaths,440.725,589.25,657,669.305,751,897.05,Surged Maintain Status Quo,Iraq,IRQ,2020-06-17,v3
2020-09-04,hospital_demand,20909.275,28432.5,32182.5,33109.295,37869.5,45368.575,Surged Maintain Status Quo,Iraq,IRQ,2020-06-17,v3
2020-09-04,ICU_demand,5668.9,7570.75,8569.5,8787.725,9998.5,11733.775,Surged Maintain Status Quo,Iraq,IRQ,2020-06-17,v3
2020-09-04,infections,47052.6,72063,86720.5,92250.74,109982.25,156883.975,Surged Maintain Status Quo,Iraq,IRQ,2020-06-17,v3
2020-09-04,Rt,1.61216055185408,1.68376799426189,1.708506598166,1.71230775369712,1.74838927523297,1.79688001219842,Surged Maintain Status Quo,Iraq,IRQ,2020-06-17,v3
2020-09-04,cumulative_infections,29479164.35,30379882.5,30657154.5,30671588.495,31090520.5,31547467.825,Surged Relax Interventions 50%,Iraq,IRQ,2020-06-17,v3
2020-09-04,deaths,107.875,157.75,190,202.765,235.75,348.05,Surged Relax Interventions 50%,Iraq,IRQ,2020-06-17,v3
2020-09-04,hospital_demand,4520.05,6608.25,7980.5,8533.385,10031,15297.675,Surged Relax Interventions 50%,Iraq,IRQ,2020-06-17,v3
2020-09-04,ICU_demand,1401.55,1991,2372,2534.665,2951.75,4363,Surged Relax Interventions 50%,Iraq,IRQ,2020-06-17,v3
2020-09-04,infections,4343.475,7104.25,9243.5,10273.03,12408,23029.075,Surged Relax Interventions 50%,Iraq,IRQ,2020-06-17,v3
2020-09-04,Rt,2.15851030721146,2.2543850030242,2.28750734400422,2.29259668413465,2.34090597693147,2.40582988008977,Surged Relax Interventions 50%,Iraq,IRQ,2020-06-17,v3
2020-09-05,cumulative_infections,1464628.325,1955889.75,2312876.5,2372000.515,2734696,3536354.75,Additional 50% Reduction,Iraq,IRQ,2020-06-17,v3
2020-09-05,deaths,11,21,28,29.065,34,57.025,Additional 50% Reduction,Iraq,IRQ,2020-06-17,v3
2020-09-05,hospital_demand,756.525,1207.25,1534,1553.325,1830.75,2581.775,Additional 50% Reduction,Iraq,IRQ,2020-06-17,v3
2020-09-05,ICU_demand,189.975,313.25,403.5,405.405,474.25,671.325,Additional 50% Reduction,Iraq,IRQ,2020-06-17,v3
2020-09-05,infections,2512.95,4279.5,5410.5,5553.44,6566,9377.425,Additional 50% Reduction,Iraq,IRQ,2020-06-17,v3
2020-09-05,Rt,0.812112361888779,0.843219581091691,0.857371790906153,0.857333278094658,0.873213306516869,0.901373836627557,Additional 50% Reduction,Iraq,IRQ,2020-06-17,v3
2020-09-05,cumulative_infections,20582382.325,22562509.5,23338177.5,23193913.925,23996323.25,25093964.425,Maintain Status Quo,Iraq,IRQ,2020-06-17,v3
2020-09-05,deaths,272.85,432.25,520.5,552.11,662.25,917.025,Maintain Status Quo,Iraq,IRQ,2020-06-17,v3
2020-09-05,hospital_demand,17460.65,23588.5,27682,28259.02,32839.75,41076.425,Maintain Status Quo,Iraq,IRQ,2020-06-17,v3
2020-09-05,ICU_demand,1646.75,1793.5,1891,1926.415,2035.5,2365.075,Maintain Status Quo,Iraq,IRQ,2020-06-17,v3
2020-09-05,infections,41547.7,63988.75,79278,84412.84,102649,151190.15,Maintain Status Quo,Iraq,IRQ,2020-06-17,v3
2020-09-05,Rt,1.62422472377756,1.68643916218338,1.71474358181231,1.71466655618932,1.74642661303374,1.80274767325511,Maintain Status Quo,Iraq,IRQ,2020-06-17,v3
2020-09-05,cumulative_infections,29672716.7,30421319.5,30740425,30707850.265,31051289.75,31592506.775,Relax Interventions 50%,Iraq,IRQ,2020-06-17,v3
2020-09-05,deaths,52.975,75.75,90,93.865,110.25,148.1,Relax Interventions 50%,Iraq,IRQ,2020-06-17,v3
2020-09-05,hospital_demand,3351.425,4968.75,6093.5,6531.16,7748.25,11889.975,Relax Interventions 50%,Iraq,IRQ,2020-06-17,v3
2020-09-05,ICU_demand,630.95,856.5,992,1011.915,1152.5,1446.025,Relax Interventions 50%,Iraq,IRQ,2020-06-17,v3
2020-09-05,infections,3698.05,6183,7810,8857.205,10740.25,18951.75,Relax Interventions 50%,Iraq,IRQ,2020-06-17,v3
2020-09-05,Rt,2.1746629412744,2.25796141077355,2.2958579970896,2.29575486803031,2.33827818245917,2.41368604978424,Relax Interventions 50%,Iraq,IRQ,2020-06-17,v3
2020-09-05,cumulative_infections,1563384.5,1956282.5,2335791,2336431.075,2673030.5,3443058.375,Surged Additional 50% Reduction,Iraq,IRQ,2020-06-17,v3
2020-09-05,deaths,12.975,21,27.5,29.08,36,53,Surged Additional 50% Reduction,Iraq,IRQ,2020-06-17,v3
2020-09-05,hospital_demand,712.9,1195,1465,1531.585,1834,2522.025,Surged Additional 50% Reduction,Iraq,IRQ,2020-06-17,v3
2020-09-05,ICU_demand,188.65,318,383.5,399.755,478.75,665.4,Surged Additional 50% Reduction,Iraq,IRQ,2020-06-17,v3
2020-09-05,infections,2295.15,4230,5254.5,5509.615,6615,9272.275,Surged Additional 50% Reduction,Iraq,IRQ,2020-06-17,v3
2020-09-05,Rt,0.806080275927038,0.841883997130944,0.854253299083001,0.85615387684856,0.874194637616486,0.89844000609921,Surged Additional 50% Reduction,Iraq,IRQ,2020-06-17,v3
2020-09-05,cumulative_infections,20239978.85,22493716.25,23211591,23132654.025,24037406.5,25056106,Surged Maintain Status Quo,Iraq,IRQ,2020-06-17,v3
2020-09-05,deaths,409.4,546.5,618.5,632.995,715.25,847.375,Surged Maintain Status Quo,Iraq,IRQ,2020-06-17,v3
2020-09-05,hospital_demand,19237.125,26617,30235.5,31172.83,35778.5,43231.9,Surged Maintain Status Quo,Iraq,IRQ,2020-06-17,v3
2020-09-05,ICU_demand,5288.075,7098.5,8081.5,8295.465,9457,11263.725,Surged Maintain Status Quo,Iraq,IRQ,2020-06-17,v3
2020-09-05,infections,43030.975,66402.75,80224.5,85669.27,102747.25,148520.375,Surged Maintain Status Quo,Iraq,IRQ,2020-06-17,v3
2020-09-05,Rt,1.61216055185408,1.68376799426189,1.708506598166,1.71230775369712,1.74838927523297,1.79688001219842,Surged Maintain Status Quo,Iraq,IRQ,2020-06-17,v3
2020-09-05,cumulative_infections,29500407.55,30388966.75,30665019.5,30680637.12,31097361,31551427.2,Surged Relax Interventions 50%,Iraq,IRQ,2020-06-17,v3
2020-09-05,deaths,89.95,138,172.5,180.885,214.5,307.5,Surged Relax Interventions 50%,Iraq,IRQ,2020-06-17,v3
2020-09-05,hospital_demand,3978.25,5843.75,7075.5,7607.51,8904.25,13862.9,Surged Relax Interventions 50%,Iraq,IRQ,2020-06-17,v3
2020-09-05,ICU_demand,1232.825,1774.5,2112,2270.285,2650,3969.575,Surged Relax Interventions 50%,Iraq,IRQ,2020-06-17,v3
2020-09-05,infections,3788.875,6222,8207.5,9048.625,10951.25,20588.55,Surged Relax Interventions 50%,Iraq,IRQ,2020-06-17,v3
2020-09-05,Rt,2.15851030721146,2.2543850030242,2.28750734400422,2.29259668413465,2.34090597693147,2.40582988008977,Surged Relax Interventions 50%,Iraq,IRQ,2020-06-17,v3
2020-09-06,cumulative_infections,1467054.275,1959925,2319488.5,2377395.975,2741160,3545306.1,Additional 50% Reduction,Iraq,IRQ,2020-06-17,v3
2020-09-06,deaths,11.975,21,28,28.22,34,50,Additional 50% Reduction,Iraq,IRQ,2020-06-17,v3
2020-09-06,hospital_demand,743.575,1174.75,1505.5,1507.06,1771,2513.275,Additional 50% Reduction,Iraq,IRQ,2020-06-17,v3
2020-09-06,ICU_demand,182.95,305,387.5,392.575,461,651.025,Additional 50% Reduction,Iraq,IRQ,2020-06-17,v3
2020-09-06,infections,2425.95,4143.25,5255.5,5395.46,6446.75,9155.125,Additional 50% Reduction,Iraq,IRQ,2020-06-17,v3
2020-09-06,Rt,0.812112361888779,0.843219581091691,0.857371790906153,0.857333278094658,0.873213306516869,0.901373836627557,Additional 50% Reduction,Iraq,IRQ,2020-06-17,v3
2020-09-06,cumulative_infections,20721863.975,22656107.75,23417726,23272256.01,24060439.75,25144387.275,Maintain Status Quo,Iraq,IRQ,2020-06-17,v3
2020-09-06,deaths,251.55,390.5,480.5,510.77,623,925.175,Maintain Status Quo,Iraq,IRQ,2020-06-17,v3
2020-09-06,hospital_demand,16274.875,22066.75,26008.5,26674.875,31111.5,39410.175,Maintain Status Quo,Iraq,IRQ,2020-06-17,v3
2020-09-06,ICU_demand,1617.825,1755.75,1858,1883.74,1980.5,2323.225,Maintain Status Quo,Iraq,IRQ,2020-06-17,v3
2020-09-06,infections,38585.1,59020,73016,78342.085,94972.25,142152.25,Maintain Status Quo,Iraq,IRQ,2020-06-17,v3
2020-09-06,Rt,1.62422472377756,1.68643916218338,1.71474358181231,1.71466655618932,1.74642661303374,1.80274767325511,Maintain Status Quo,Iraq,IRQ,2020-06-17,v3
2020-09-06,cumulative_infections,29689193.925,30429288.25,30748355.5,30715650.815,31056740.75,31595332.2,Relax Interventions 50%,Iraq,IRQ,2020-06-17,v3
2020-09-06,deaths,49.9,68.75,82,86.28,102,135.2,Relax Interventions 50%,Iraq,IRQ,2020-06-17,v3
2020-09-06,hospital_demand,2985.675,4426.25,5432.5,5846.55,6991.25,10733.35,Relax Interventions 50%,Iraq,IRQ,2020-06-17,v3
2020-09-06,ICU_demand,588.95,792.75,924,946.135,1085.25,1392.175,Relax Interventions 50%,Iraq,IRQ,2020-06-17,v3
2020-09-06,infections,3224.125,5412.5,6807.5,7800.55,9472,16620.675,Relax Interventions 50%,Iraq,IRQ,2020-06-17,v3
2020-09-06,Rt,2.1746629412744,2.25796141077355,2.2958579970896,2.29575486803031,2.33827818245917,2.41368604978424,Relax Interventions 50%,Iraq,IRQ,2020-06-17,v3
2020-09-06,cumulative_infections,1566003.125,1960660.75,2341394,2341771.5,2679179.5,3451751.975,Surged Additional 50% Reduction,Iraq,IRQ,2020-06-17,v3
2020-09-06,deaths,10,21,27,27.79,34,47.05,Surged Additional 50% Reduction,Iraq,IRQ,2020-06-17,v3
2020-09-06,hospital_demand,677.25,1151.75,1414.5,1486.13,1780.5,2429.825,Surged Additional 50% Reduction,Iraq,IRQ,2020-06-17,v3
2020-09-06,ICU_demand,179.775,302.25,373,388.02,462.75,660.025,Surged Additional 50% Reduction,Iraq,IRQ,2020-06-17,v3
2020-09-06,infections,2189.65,4106.75,5103.5,5340.425,6402.25,9010.85,Surged Additional 50% Reduction,Iraq,IRQ,2020-06-17,v3
2020-09-06,Rt,0.806080275927038,0.841883997130944,0.854253299083001,0.85615387684856,0.874194637616486,0.89844000609921,Surged Additional 50% Reduction,Iraq,IRQ,2020-06-17,v3
2020-09-06,cumulative_infections,20398407.1,22584783.25,23288178.5,23212100.35,24106194.5,25096510.275,Surged Maintain Status Quo,Iraq,IRQ,2020-06-17,v3
2020-09-06,deaths,362.875,499.75,590.5,594.81,689.5,819.25,Surged Maintain Status Quo,Iraq,IRQ,2020-06-17,v3
2020-09-06,hospital_demand,17842.3,24839,28385.5,29322.145,33710,41537.7,Surged Maintain Status Quo,Iraq,IRQ,2020-06-17,v3
2020-09-06,ICU_demand,4921.775,6660.25,7590.5,7822.44,8937.5,10823.875,Surged Maintain Status Quo,Iraq,IRQ,2020-06-17,v3
2020-09-06,infections,39406.85,60932.75,74603,79446.325,95475,139245.625,Surged Maintain Status Quo,Iraq,IRQ,2020-06-17,v3
2020-09-06,Rt,1.61216055185408,1.68376799426189,1.708506598166,1.71230775369712,1.74838927523297,1.79688001219842,Surged Maintain Status Quo,Iraq,IRQ,2020-06-17,v3
2020-09-06,cumulative_infections,29519302.55,30396949,30671870,30688603.43,31103344.75,31555001.95,Surged Relax Interventions 50%,Iraq,IRQ,2020-06-17,v3
2020-09-06,deaths,85.925,125.75,151,162.195,189,282.175,Surged Relax Interventions 50%,Iraq,IRQ,2020-06-17,v3
2020-09-06,hospital_demand,3505.8,5187.5,6276,6770.675,7944.25,12442.4,Surged Relax Interventions 50%,Iraq,IRQ,2020-06-17,v3
2020-09-06,ICU_demand,1092.95,1587.25,1885.5,2032.71,2389.25,3641.95,Surged Relax Interventions 50%,Iraq,IRQ,2020-06-17,v3
2020-09-06,infections,3341.925,5453.5,7110,7966.31,9570.75,18255.8,Surged Relax Interventions 50%,Iraq,IRQ,2020-06-17,v3
2020-09-06,Rt,2.15851030721146,2.2543850030242,2.28750734400422,2.29259668413465,2.34090597693147,2.40582988008977,Surged Relax Interventions 50%,Iraq,IRQ,2020-06-17,v3
2020-09-07,cumulative_infections,1469393.05,1963483.25,2325875,2382621.41,2747050,3553879.65,Additional 50% Reduction,Iraq,IRQ,2020-06-17,v3
2020-09-07,deaths,10.975,21,26,27.315,33.25,48,Additional 50% Reduction,Iraq,IRQ,2020-06-17,v3
2020-09-07,hospital_demand,700.725,1148.5,1447,1460.97,1723,2448.825,Additional 50% Reduction,Iraq,IRQ,2020-06-17,v3
2020-09-07,ICU_demand,175.8,295.75,371,379.7,442.25,632.325,Additional 50% Reduction,Iraq,IRQ,2020-06-17,v3
2020-09-07,infections,2369.175,4032,5067,5225.435,6252.75,8755.725,Additional 50% Reduction,Iraq,IRQ,2020-06-17,v3
2020-09-07,Rt,0.812112361888779,0.843219581091691,0.857371790906153,0.857333278094658,0.873213306516869,0.901373836627557,Additional 50% Reduction,Iraq,IRQ,2020-06-17,v3
2020-09-07,cumulative_infections,20852429.325,22741138.25,23482084.5,23344880.19,24121920.5,25190805.125,Maintain Status Quo,Iraq,IRQ,2020-06-17,v3
2020-09-07,deaths,222.725,356.25,449.5,469.925,565.5,857.3,Maintain Status Quo,Iraq,IRQ,2020-06-17,v3
2020-09-07,hospital_demand,15022.525,20639.5,24435.5,25137.16,29401.5,37869.375,Maintain Status Quo,Iraq,IRQ,2020-06-17,v3
2020-09-07,ICU_demand,1594.775,1718.75,1824.5,1847.28,1950.25,2254.15,Maintain Status Quo,Iraq,IRQ,2020-06-17,v3
2020-09-07,infections,35073.925,54552.5,67529,72624.18,88039.75,133370.45,Maintain Status Quo,Iraq,IRQ,2020-06-17,v3
2020-09-07,Rt,1.62422472377756,1.68643916218338,1.71474358181231,1.71466655618932,1.74642661303374,1.80274767325511,Maintain Status Quo,Iraq,IRQ,2020-06-17,v3
2020-09-07,cumulative_infections,29703737.125,30436317.5,30755352.5,30722519.785,31061528.25,31597719.725,Relax Interventions 50%,Iraq,IRQ,2020-06-17,v3
2020-09-07,deaths,43.975,63,77,79.96,95,135.225,Relax Interventions 50%,Iraq,IRQ,2020-06-17,v3
2020-09-07,hospital_demand,2643.775,3961.5,4875.5,5229.305,6248.75,9669.825,Relax Interventions 50%,Iraq,IRQ,2020-06-17,v3
2020-09-07,ICU_demand,540.95,732.75,856,880.995,1009.5,1321.3,Relax Interventions 50%,Iraq,IRQ,2020-06-17,v3
2020-09-07,infections,2737.325,4788,6037.5,6868.97,8263.25,14815.45,Relax Interventions 50%,Iraq,IRQ,2020-06-17,v3
2020-09-07,Rt,2.1746629412744,2.25796141077355,2.2958579970896,2.29575486803031,2.33827818245917,2.41368604978424,Relax Interventions 50%,Iraq,IRQ,2020-06-17,v3
2020-09-07,cumulative_infections,1568547.45,1964883.75,2347008.5,2346963.91,2685161.25,3460450,Surged Additional 50% Reduction,Iraq,IRQ,2020-06-17,v3
2020-09-07,deaths,10.975,21,26,27.165,32.25,48.075,Surged Additional 50% Reduction,Iraq,IRQ,2020-06-17,v3
2020-09-07,hospital_demand,661.125,1125,1397,1443.505,1722.25,2348,Surged Additional 50% Reduction,Iraq,IRQ,2020-06-17,v3
2020-09-07,ICU_demand,176.8,294.75,359.5,377.49,454.5,643.075,Surged Additional 50% Reduction,Iraq,IRQ,2020-06-17,v3
2020-09-07,infections,2096.4,4015.5,4932,5192.41,6244.75,8743.5,Surged Additional 50% Reduction,Iraq,IRQ,2020-06-17,v3
2020-09-07,Rt,0.806080275927038,0.841883997130944,0.854253299083001,0.85615387684856,0.874194637616486,0.89844000609921,Surged Additional 50% Reduction,Iraq,IRQ,2020-06-17,v3
2020-09-07,cumulative_infections,20547917.925,22669672,23357194.5,23285819.18,24164707.5,25134280.925,Surged Maintain Status Quo,Iraq,IRQ,2020-06-17,v3
2020-09-07,deaths,364.95,477,542.5,563.84,656.25,783.6,Surged Maintain Status Quo,Iraq,IRQ,2020-06-17,v3
2020-09-07,hospital_demand,16509.575,23153.75,26655,27546.01,31764,39759.35,Surged Maintain Status Quo,Iraq,IRQ,2020-06-17,v3
2020-09-07,ICU_demand,4560.15,6198,7117,7360.305,8442,10333.9,Surged Maintain Status Quo,Iraq,IRQ,2020-06-17,v3
2020-09-07,infections,36309.125,56177.75,68849.5,73718.83,88788.25,130775.975,Surged Maintain Status Quo,Iraq,IRQ,2020-06-17,v3
2020-09-07,Rt,1.61216055185408,1.68376799426189,1.708506598166,1.71230775369712,1.74838927523297,1.79688001219842,Surged Maintain Status Quo,Iraq,IRQ,2020-06-17,v3
2020-09-07,cumulative_infections,29535843.35,30404015.5,30678032,30695618.535,31108559,31558035,Surged Relax Interventions 50%,Iraq,IRQ,2020-06-17,v3
2020-09-07,deaths,68.975,109,133.5,143.37,170.25,254.05,Surged Relax Interventions 50%,Iraq,IRQ,2020-06-17,v3
2020-09-07,hospital_demand,3095.425,4568,5562,6026.405,7096.25,11262.425,Surged Relax Interventions 50%,Iraq,IRQ,2020-06-17,v3
2020-09-07,ICU_demand,968.925,1403.25,1690.5,1820.51,2144,3312.025,Surged Relax Interventions 50%,Iraq,IRQ,2020-06-17,v3
2020-09-07,infections,2875.55,4747.5,6356.5,7015.105,8411.75,16169.625,Surged Relax Interventions 50%,Iraq,IRQ,2020-06-17,v3
2020-09-07,Rt,2.15851030721146,2.2543850030242,2.28750734400422,2.29259668413465,2.34090597693147,2.40582988008977,Surged Relax Interventions 50%,Iraq,IRQ,2020-06-17,v3
2020-09-08,cumulative_infections,1471721.075,1966375.5,2332133.5,2387691.99,2752853.25,3562267.65,Additional 50% Reduction,Iraq,IRQ,2020-06-17,v3
2020-09-08,deaths,10.975,20,25,26.32,33,45.1,Additional 50% Reduction,Iraq,IRQ,2020-06-17,v3
2020-09-08,hospital_demand,657.775,1100,1408.5,1420.995,1684,2364.675,Additional 50% Reduction,Iraq,IRQ,2020-06-17,v3
2020-09-08,ICU_demand,172.825,289.75,355,368.41,432,614.225,Additional 50% Reduction,Iraq,IRQ,2020-06-17,v3
2020-09-08,infections,2288.6,3896.75,4938.5,5070.58,6071,8617.125,Additional 50% Reduction,Iraq,IRQ,2020-06-17,v3
2020-09-08,Rt,0.812112361888779,0.843219581091691,0.857371790906153,0.857333278094658,0.873213306516869,0.901373836627557,Additional 50% Reduction,Iraq,IRQ,2020-06-17,v3
2020-09-08,cumulative_infections,20975365.45,22817212.75,23540810,23412142.51,24177953.75,25232952.75,Maintain Status Quo,Iraq,IRQ,2020-06-17,v3
2020-09-08,deaths,200.825,318.5,412,435.26,530.25,787.125,Maintain Status Quo,Iraq,IRQ,2020-06-17,v3
2020-09-08,hospital_demand,13963.95,19269,22896.5,23644.13,27830.75,36278.7,Maintain Status Quo,Iraq,IRQ,2020-06-17,v3
2020-09-08,ICU_demand,1554.85,1702.75,1783,1810.3,1908.25,2196.1,Maintain Status Quo,Iraq,IRQ,2020-06-17,v3
2020-09-08,infections,32332.15,50051.75,62344,67262.32,81990.5,125464.825,Maintain Status Quo,Iraq,IRQ,2020-06-17,v3
2020-09-08,Rt,1.62422472377756,1.68643916218338,1.71474358181231,1.71466655618932,1.74642661303374,1.80274767325511,Maintain Status Quo,Iraq,IRQ,2020-06-17,v3
2020-09-08,cumulative_infections,29716690,30442590.5,30761484,30728561.86,31065594.5,31599870.175,Relax Interventions 50%,Iraq,IRQ,2020-06-17,v3
2020-09-08,deaths,38,57.75,71,73.515,88.25,114.1,Relax Interventions 50%,Iraq,IRQ,2020-06-17,v3
2020-09-08,hospital_demand,2334.575,3520,4319,4667.61,5561.25,8633.5,Relax Interventions 50%,Iraq,IRQ,2020-06-17,v3
2020-09-08,ICU_demand,487.725,671,796,818.11,944.25,1269.225,Relax Interventions 50%,Iraq,IRQ,2020-06-17,v3
2020-09-08,infections,2449.7,4077.75,5286,6042.075,7345.5,13351.25,Relax Interventions 50%,Iraq,IRQ,2020-06-17,v3
2020-09-08,Rt,2.1746629412744,2.25796141077355,2.2958579970896,2.29575486803031,2.33827818245917,2.41368604978424,Relax Interventions 50%,Iraq,IRQ,2020-06-17,v3
2020-09-08,cumulative_infections,1571014.125,1968861.5,2352260.5,2351984.385,2690882.75,3468900.3,Surged Additional 50% Reduction,Iraq,IRQ,2020-06-17,v3
2020-09-08,deaths,11.975,19,26,26.67,34,46.1,Surged Additional 50% Reduction,Iraq,IRQ,2020-06-17,v3
2020-09-08,hospital_demand,647.725,1100.5,1345,1400.885,1673.75,2270.6,Surged Additional 50% Reduction,Iraq,IRQ,2020-06-17,v3
2020-09-08,ICU_demand,166.75,288.75,348,365.275,435.25,617.125,Surged Additional 50% Reduction,Iraq,IRQ,2020-06-17,v3
2020-09-08,infections,2047.7,3877.5,4752,5020.475,6038,8533.025,Surged Additional 50% Reduction,Iraq,IRQ,2020-06-17,v3
2020-09-08,Rt,0.806080275927038,0.841883997130944,0.854253299083001,0.85615387684856,0.874194637616486,0.89844000609921,Surged Additional 50% Reduction,Iraq,IRQ,2020-06-17,v3
2020-09-08,cumulative_infections,20688624.425,22751539,23419549,23354143.135,24218819,25169422.95,Surged Maintain Status Quo,Iraq,IRQ,2020-06-17,v3
2020-09-08,deaths,317.95,441,519,529.28,605,742.7,Surged Maintain Status Quo,Iraq,IRQ,2020-06-17,v3
2020-09-08,hospital_demand,15302.075,21592.5,24996.5,25839.42,29861,38241.4,Surged Maintain Status Quo,Iraq,IRQ,2020-06-17,v3
2020-09-08,ICU_demand,4193.625,5803,6675.5,6921.74,8007.75,9914.65,Surged Maintain Status Quo,Iraq,IRQ,2020-06-17,v3
2020-09-08,infections,33169.6,51813.75,63504.5,68323.955,82303.5,122127.925,Surged Maintain Status Quo,Iraq,IRQ,2020-06-17,v3
2020-09-08,Rt,1.61216055185408,1.68376799426189,1.708506598166,1.71230775369712,1.74838927523297,1.79688001219842,Surged Maintain Status Quo,Iraq,IRQ,2020-06-17,v3
2020-09-08,cumulative_infections,29550648.925,30410265.75,30683806.5,30701790.82,31113093.5,31560596.7,Surged Relax Interventions 50%,Iraq,IRQ,2020-06-17,v3
2020-09-08,deaths,58.975,96.5,115,126.4,146.25,238.075,Surged Relax Interventions 50%,Iraq,IRQ,2020-06-17,v3
2020-09-08,hospital_demand,2697.4,4056.75,4954,5361.68,6296.25,10129.25,Surged Relax Interventions 50%,Iraq,IRQ,2020-06-17,v3
2020-09-08,ICU_demand,862.825,1249,1511,1626.805,1918.75,2991.25,Surged Relax Interventions 50%,Iraq,IRQ,2020-06-17,v3
2020-09-08,infections,2526.675,4179,5474.5,6172.285,7360.5,14326.45,Surged Relax Interventions 50%,Iraq,IRQ,2020-06-17,v3
2020-09-08,Rt,2.15851030721146,2.2543850030242,2.28750734400422,2.29259668413465,2.34090597693147,2.40582988008977,Surged Relax Interventions 50%,Iraq,IRQ,2020-06-17,v3
2020-09-09,cumulative_infections,1473981.525,1969164.5,2338185.5,2392608.925,2758456.25,3570466.625,Additional 50% Reduction,Iraq,IRQ,2020-06-17,v3
2020-09-09,deaths,10.975,19,25,25.93,32,45.075,Additional 50% Reduction,Iraq,IRQ,2020-06-17,v3
2020-09-09,hospital_demand,636,1066.75,1378.5,1377.975,1634.75,2280.375,Additional 50% Reduction,Iraq,IRQ,2020-06-17,v3
2020-09-09,ICU_demand,163.925,275,345.5,357.17,420.5,595.1,Additional 50% Reduction,Iraq,IRQ,2020-06-17,v3
2020-09-09,infections,2199.3,3772.75,4815.5,4916.935,5828,8297.45,Additional 50% Reduction,Iraq,IRQ,2020-06-17,v3
2020-09-09,Rt,0.812112361888779,0.843219581091691,0.857371790906153,0.857333278094658,0.873213306516869,0.901373836627557,Additional 50% Reduction,Iraq,IRQ,2020-06-17,v3
2020-09-09,cumulative_infections,21090327.725,22886357.25,23597115,23474444.28,24228233.75,25271289.35,Maintain Status Quo,Iraq,IRQ,2020-06-17,v3
2020-09-09,deaths,185.675,293,379,403.525,492.5,769.05,Maintain Status Quo,Iraq,IRQ,2020-06-17,v3
2020-09-09,hospital_demand,12928.375,17999.75,21435.5,22222.875,26290.75,34719.6,Maintain Status Quo,Iraq,IRQ,2020-06-17,v3
2020-09-09,ICU_demand,1550.875,1670.75,1743.5,1774.8,1868.25,2125.25,Maintain Status Quo,Iraq,IRQ,2020-06-17,v3
2020-09-09,infections,29221.975,46321,57614,62301.77,75946.25,117631.05,Maintain Status Quo,Iraq,IRQ,2020-06-17,v3
2020-09-09,Rt,1.62422472377756,1.68643916218338,1.71474358181231,1.71466655618932,1.74642661303374,1.80274767325511,Maintain Status Quo,Iraq,IRQ,2020-06-17,v3
2020-09-09,cumulative_infections,29728061.375,30448093.75,30766886.5,30733879.255,31069154,31601764.175,Relax Interventions 50%,Iraq,IRQ,2020-06-17,v3
2020-09-09,deaths,33.975,53,65,67.725,79.25,115.175,Relax Interventions 50%,Iraq,IRQ,2020-06-17,v3
2020-09-09,hospital_demand,2093.6,3105.25,3824,4166.71,4967.75,7770.15,Relax Interventions 50%,Iraq,IRQ,2020-06-17,v3
2020-09-09,ICU_demand,439.85,618,731,755.56,882,1205.125,Relax Interventions 50%,Iraq,IRQ,2020-06-17,v3
2020-09-09,infections,2153.75,3660.5,4592.5,5317.395,6444.25,11748.275,Relax Interventions 50%,Iraq,IRQ,2020-06-17,v3
2020-09-09,Rt,2.1746629412744,2.25796141077355,2.2958579970896,2.29575486803031,2.33827818245917,2.41368604978424,Relax Interventions 50%,Iraq,IRQ,2020-06-17,v3
2020-09-09,cumulative_infections,1573348.575,1972559.5,2357388.5,2356855.845,2696467.25,3477067.025,Surged Additional 50% Reduction,Iraq,IRQ,2020-06-17,v3
2020-09-09,deaths,9,19,24,25.345,32,46,Surged Additional 50% Reduction,Iraq,IRQ,2020-06-17,v3
2020-09-09,hospital_demand,626.65,1060,1304,1359.13,1617.25,2215.975,Surged Additional 50% Reduction,Iraq,IRQ,2020-06-17,v3
2020-09-09,ICU_demand,155.975,276.75,336,354.18,421.25,600.075,Surged Additional 50% Reduction,Iraq,IRQ,2020-06-17,v3
2020-09-09,infections,1914.875,3711.25,4624,4871.46,5875,8279.325,Surged Additional 50% Reduction,Iraq,IRQ,2020-06-17,v3
2020-09-09,Rt,0.806080275927038,0.841883997130944,0.854253299083001,0.85615387684856,0.874194637616486,0.89844000609921,Surged Additional 50% Reduction,Iraq,IRQ,2020-06-17,v3
2020-09-09,cumulative_infections,20818922.75,22827422.25,23475559,23417464.235,24268541.75,25201693.775,Surged Maintain Status Quo,Iraq,IRQ,2020-06-17,v3
2020-09-09,deaths,308.575,408.5,483,496.405,584.25,696.1,Surged Maintain Status Quo,Iraq,IRQ,2020-06-17,v3
2020-09-09,hospital_demand,14254.5,20083,23378.5,24225.64,28139.25,36619.625,Surged Maintain Status Quo,Iraq,IRQ,2020-06-17,v3
2020-09-09,ICU_demand,3854.875,5427.25,6273,6502.11,7515.25,9477.05,Surged Maintain Status Quo,Iraq,IRQ,2020-06-17,v3
2020-09-09,infections,30446.6,47424.25,58750,63321.1,76167,115498.975,Surged Maintain Status Quo,Iraq,IRQ,2020-06-17,v3
2020-09-09,Rt,1.61216055185408,1.68376799426189,1.708506598166,1.71230775369712,1.74838927523297,1.79688001219842,Surged Maintain Status Quo,Iraq,IRQ,2020-06-17,v3
2020-09-09,cumulative_infections,29563713.3,30415724,30689467,30707231.815,31117089,31562805.075,Surged Relax Interventions 50%,Iraq,IRQ,2020-06-17,v3
2020-09-09,deaths,54.975,85,109,114.4,140,199.8,Surged Relax Interventions 50%,Iraq,IRQ,2020-06-17,v3
2020-09-09,hospital_demand,2374.175,3586.75,4391,4765.105,5613.5,9148.15,Surged Relax Interventions 50%,Iraq,IRQ,2020-06-17,v3
2020-09-09,ICU_demand,759.775,1110.25,1344.5,1451.82,1693.75,2673.575,Surged Relax Interventions 50%,Iraq,IRQ,2020-06-17,v3
2020-09-09,infections,2167.725,3618.25,4867.5,5440.995,6482.25,13053.175,Surged Relax Interventions 50%,Iraq,IRQ,2020-06-17,v3
2020-09-09,Rt,2.15851030721146,2.2543850030242,2.28750734400422,2.29259668413465,2.34090597693147,2.40582988008977,Surged Relax Interventions 50%,Iraq,IRQ,2020-06-17,v3
2020-09-10,cumulative_infections,1476085.05,1971805.5,2344067.5,2397376.755,2763928,3578514.95,Additional 50% Reduction,Iraq,IRQ,2020-06-17,v3
2020-09-10,deaths,8,18,24,24.785,31,47.1,Additional 50% Reduction,Iraq,IRQ,2020-06-17,v3
2020-09-10,hospital_demand,620.575,1035.5,1342.5,1336.32,1587.5,2219.075,Additional 50% Reduction,Iraq,IRQ,2020-06-17,v3
2020-09-10,ICU_demand,162.875,262.5,339.5,346.025,405.5,577,Additional 50% Reduction,Iraq,IRQ,2020-06-17,v3
2020-09-10,infections,2103.525,3700.75,4634.5,4767.83,5680.25,8122.35,Additional 50% Reduction,Iraq,IRQ,2020-06-17,v3
2020-09-10,Rt,0.812112361888779,0.843219581091691,0.857371790906153,0.857333278094658,0.873213306516869,0.901373836627557,Additional 50% Reduction,Iraq,IRQ,2020-06-17,v3
2020-09-10,cumulative_infections,21197873.65,22948831,23653544,23532149.155,24270556.75,25307179.7,Maintain Status Quo,Iraq,IRQ,2020-06-17,v3
2020-09-10,deaths,157.525,264.5,339.5,367.565,454,702.25,Maintain Status Quo,Iraq,IRQ,2020-06-17,v3
2020-09-10,hospital_demand,11970.55,16786.75,20003,20855.64,24737.75,33152.2,Maintain Status Quo,Iraq,IRQ,2020-06-17,v3
2020-09-10,ICU_demand,1516.875,1649.75,1711.5,1741.58,1840,2075.4,Maintain Status Quo,Iraq,IRQ,2020-06-17,v3
2020-09-10,infections,26673.625,42538.75,53107.5,57704.875,70539.25,110059.175,Maintain Status Quo,Iraq,IRQ,2020-06-17,v3
2020-09-10,Rt,1.62422472377756,1.68643916218338,1.71474358181231,1.71466655618932,1.74642661303374,1.80274767325511,Maintain Status Quo,Iraq,IRQ,2020-06-17,v3
2020-09-10,cumulative_infections,29737240.15,30452980.5,30771622.5,30738574.105,31072725.5,31603341.65,Relax Interventions 50%,Iraq,IRQ,2020-06-17,v3
2020-09-10,deaths,29.975,47,59,61.25,75,99.025,Relax Interventions 50%,Iraq,IRQ,2020-06-17,v3
2020-09-10,hospital_demand,1832.075,2747.5,3406,3714.03,4438,7025.5,Relax Interventions 50%,Iraq,IRQ,2020-06-17,v3
2020-09-10,ICU_demand,396.65,557.5,667,696.945,815.5,1148.15,Relax Interventions 50%,Iraq,IRQ,2020-06-17,v3
2020-09-10,infections,1854.525,3239.75,4088,4694.85,5687.5,10532.575,Relax Interventions 50%,Iraq,IRQ,2020-06-17,v3
2020-09-10,Rt,2.1746629412744,2.25796141077355,2.2958579970896,2.29575486803031,2.33827818245917,2.41368604978424,Relax Interventions 50%,Iraq,IRQ,2020-06-17,v3
2020-09-10,cumulative_infections,1575640.1,1975922.25,2362367.5,2361581.585,2701825.5,3484923.325,Surged Additional 50% Reduction,Iraq,IRQ,2020-06-17,v3
2020-09-10,deaths,10,18,23,24.615,31,50,Surged Additional 50% Reduction,Iraq,IRQ,2020-06-17,v3
2020-09-10,hospital_demand,578,1031.75,1256,1318.31,1579.75,2161.15,Surged Additional 50% Reduction,Iraq,IRQ,2020-06-17,v3
2020-09-10,ICU_demand,159.65,270.5,324.5,343.715,406.5,568.325,Surged Additional 50% Reduction,Iraq,IRQ,2020-06-17,v3
2020-09-10,infections,1945.85,3608.25,4446,4725.74,5760.5,7966.75,Surged Additional 50% Reduction,Iraq,IRQ,2020-06-17,v3
2020-09-10,Rt,0.806080275927038,0.841883997130944,0.854253299083001,0.85615387684856,0.874194637616486,0.89844000609921,Surged Additional 50% Reduction,Iraq,IRQ,2020-06-17,v3
2020-09-10,cumulative_infections,20922862.025,22896922,23527301,23476125.075,24314196.25,25230826.075,Surged Maintain Status Quo,Iraq,IRQ,2020-06-17,v3
2020-09-10,deaths,275.825,388.75,462,467.88,540.25,685.25,Surged Maintain Status Quo,Iraq,IRQ,2020-06-17,v3
2020-09-10,hospital_demand,13169.25,18610.25,21843,22687.315,26351,34937.475,Surged Maintain Status Quo,Iraq,IRQ,2020-06-17,v3
2020-09-10,ICU_demand,3557.475,5013.25,5876,6092.645,7091,9052.525,Surged Maintain Status Quo,Iraq,IRQ,2020-06-17,v3
2020-09-10,infections,27670.775,43599.75,54481.5,58660.84,70734.5,108053.375,Surged Maintain Status Quo,Iraq,IRQ,2020-06-17,v3
2020-09-10,Rt,1.61216055185408,1.68376799426189,1.708506598166,1.71230775369712,1.74838927523297,1.79688001219842,Surged Maintain Status Quo,Iraq,IRQ,2020-06-17,v3
2020-09-10,cumulative_infections,29575493.525,30420551.75,30694417.5,30712025.065,31120532.25,31564780.2,Surged Relax Interventions 50%,Iraq,IRQ,2020-06-17,v3
2020-09-10,deaths,50,76,94,102.1,123.25,188.025,Surged Relax Interventions 50%,Iraq,IRQ,2020-06-17,v3
2020-09-10,hospital_demand,2115.1,3137.25,3879.5,4234.02,5033.25,8220.2,Surged Relax Interventions 50%,Iraq,IRQ,2020-06-17,v3
2020-09-10,ICU_demand,668.75,985.25,1205.5,1294.805,1511.5,2412.975,Surged Relax Interventions 50%,Iraq,IRQ,2020-06-17,v3
2020-09-10,infections,1878.575,3205.5,4245,4793.25,5748.5,11612.25,Surged Relax Interventions 50%,Iraq,IRQ,2020-06-17,v3
2020-09-10,Rt,2.15851030721146,2.2543850030242,2.28750734400422,2.29259668413465,2.34090597693147,2.40582988008977,Surged Relax Interventions 50%,Iraq,IRQ,2020-06-17,v3
2020-09-11,cumulative_infections,1478101.275,1974330.5,2349861,2401996.9,2769117,3586204.575,Additional 50% Reduction,Iraq,IRQ,2020-06-17,v3
2020-09-11,deaths,9,17,23,24.075,30,46.075,Additional 50% Reduction,Iraq,IRQ,2020-06-17,v3
2020-09-11,hospital_demand,614.25,1013.25,1288,1296.845,1533.5,2174.075,Additional 50% Reduction,Iraq,IRQ,2020-06-17,v3
2020-09-11,ICU_demand,158.975,253.75,333,336.29,392,555,Additional 50% Reduction,Iraq,IRQ,2020-06-17,v3
2020-09-11,infections,2065.45,3521.75,4524,4620.145,5497.5,7757.375,Additional 50% Reduction,Iraq,IRQ,2020-06-17,v3
2020-09-11,Rt,0.812112361888779,0.843219581091691,0.857371790906153,0.857333278094658,0.873213306516869,0.901373836627557,Additional 50% Reduction,Iraq,IRQ,2020-06-17,v3
2020-09-11,cumulative_infections,21298965.5,23011303,23705507.5,23585588.755,24311818.75,25339170.325,Maintain Status Quo,Iraq,IRQ,2020-06-17,v3
2020-09-11,deaths,136.975,241,315.5,337.63,425.5,645.4,Maintain Status Quo,Iraq,IRQ,2020-06-17,v3
2020-09-11,hospital_demand,11074.525,15652.25,18672,19552.945,23328.75,31569.175,Maintain Status Quo,Iraq,IRQ,2020-06-17,v3
2020-09-11,ICU_demand,1502.85,1617.75,1690.5,1711.155,1803.25,2053.45,Maintain Status Quo,Iraq,IRQ,2020-06-17,v3
2020-09-11,infections,24831.675,39286.5,49258,53439.6,65458.5,102928.65,Maintain Status Quo,Iraq,IRQ,2020-06-17,v3
2020-09-11,Rt,1.62422472377756,1.68643916218338,1.71474358181231,1.71466655618932,1.74642661303374,1.80274767325511,Maintain Status Quo,Iraq,IRQ,2020-06-17,v3
2020-09-11,cumulative_infections,29744446.525,30457249.5,30775807.5,30742697.95,31075929.5,31604777.05,Relax Interventions 50%,Iraq,IRQ,2020-06-17,v3
2020-09-11,deaths,28.95,42,53,55.915,68.25,96.075,Relax Interventions 50%,Iraq,IRQ,2020-06-17,v3
2020-09-11,hospital_demand,1618.375,2442.5,3011.5,3312.185,3958,6311.35,Relax Interventions 50%,Iraq,IRQ,2020-06-17,v3
2020-09-11,ICU_demand,352.625,511.25,608,640.355,755.25,1072.375,Relax Interventions 50%,Iraq,IRQ,2020-06-17,v3
2020-09-11,infections,1616.05,2825.5,3590.5,4123.845,4968.5,9031.6,Relax Interventions 50%,Iraq,IRQ,2020-06-17,v3
2020-09-11,Rt,2.1746629412744,2.25796141077355,2.2958579970896,2.29575486803031,2.33827818245917,2.41368604978424,Relax Interventions 50%,Iraq,IRQ,2020-06-17,v3
2020-09-11,cumulative_infections,1577817,1979189.75,2367146.5,2366160.425,2707063.5,3492683.625,Surged Additional 50% Reduction,Iraq,IRQ,2020-06-17,v3
2020-09-11,deaths,10.95,18,24,24.715,30,43,Surged Additional 50% Reduction,Iraq,IRQ,2020-06-17,v3
2020-09-11,hospital_demand,546.75,989.75,1224,1279.685,1520.75,2098.6,Surged Additional 50% Reduction,Iraq,IRQ,2020-06-17,v3
2020-09-11,ICU_demand,147.8,259,313.5,333.47,395.25,559.075,Surged Additional 50% Reduction,Iraq,IRQ,2020-06-17,v3
2020-09-11,infections,1896.2,3497.5,4269,4578.84,5485.25,7719.725,Surged Additional 50% Reduction,Iraq,IRQ,2020-06-17,v3
2020-09-11,Rt,0.806080275927038,0.841883997130944,0.854253299083001,0.85615387684856,0.874194637616486,0.89844000609921,Surged Additional 50% Reduction,Iraq,IRQ,2020-06-17,v3
2020-09-11,cumulative_infections,21020071.175,22957434.25,23575023.5,23530410.115,24356181.5,25257642.325,Surged Maintain Status Quo,Iraq,IRQ,2020-06-17,v3
2020-09-11,deaths,253.825,358,421,438.595,510.25,660.7,Surged Maintain Status Quo,Iraq,IRQ,2020-06-17,v3
2020-09-11,hospital_demand,12114.625,17266.75,20383,21228.275,24641,33366.925,Surged Maintain Status Quo,Iraq,IRQ,2020-06-17,v3
2020-09-11,ICU_demand,3296.4,4669.75,5489.5,5709.73,6630.25,8661.3,Surged Maintain Status Quo,Iraq,IRQ,2020-06-17,v3
2020-09-11,infections,25433.7,40175.75,50203.5,54285.04,65331.25,100740,Surged Maintain Status Quo,Iraq,IRQ,2020-06-17,v3
2020-09-11,Rt,1.61216055185408,1.68376799426189,1.708506598166,1.71230775369712,1.74838927523297,1.79688001219842,Surged Maintain Status Quo,Iraq,IRQ,2020-06-17,v3
2020-09-11,cumulative_infections,29585917.6,30424834.25,30698811,30716250.41,31123646,31566549.85,Surged Relax Interventions 50%,Iraq,IRQ,2020-06-17,v3
2020-09-11,deaths,43,67,86,90.685,108.5,175.05,Surged Relax Interventions 50%,Iraq,IRQ,2020-06-17,v3
2020-09-11,hospital_demand,1834.925,2785,3426.5,3757.37,4479,7432.55,Surged Relax Interventions 50%,Iraq,IRQ,2020-06-17,v3
2020-09-11,ICU_demand,591.8,875.25,1066.5,1153.8,1357.75,2145.575,Surged Relax Interventions 50%,Iraq,IRQ,2020-06-17,v3
2020-09-11,infections,1688.425,2809.5,3773,4225.345,5058.75,10318.425,Surged Relax Interventions 50%,Iraq,IRQ,2020-06-17,v3
2020-09-11,Rt,2.15851030721146,2.2543850030242,2.28750734400422,2.29259668413465,2.34090597693147,2.40582988008977,Surged Relax Interventions 50%,Iraq,IRQ,2020-06-17,v3
2020-09-12,cumulative_infections,1480107.25,1976821.25,2355399,2406476.43,2774197.5,3593613.1,Additional 50% Reduction,Iraq,IRQ,2020-06-17,v3
2020-09-12,deaths,8.975,18,23,23.93,29,47,Additional 50% Reduction,Iraq,IRQ,2020-06-17,v3
2020-09-12,hospital_demand,602.55,977.5,1258.5,1257.315,1485,2111.35,Additional 50% Reduction,Iraq,IRQ,2020-06-17,v3
2020-09-12,ICU_demand,146.8,245.75,327,325.495,385.25,542,Additional 50% Reduction,Iraq,IRQ,2020-06-17,v3
2020-09-12,infections,1990.375,3454,4389.5,4479.53,5370.5,7586.95,Additional 50% Reduction,Iraq,IRQ,2020-06-17,v3
2020-09-12,Rt,0.812112361888779,0.843219581091691,0.857371790906153,0.857333278094658,0.873213306516869,0.901373836627557,Additional 50% Reduction,Iraq,IRQ,2020-06-17,v3
2020-09-12,cumulative_infections,21398984.9,23068860.25,23753773.5,23635032.11,24350607,25368792.925,Maintain Status Quo,Iraq,IRQ,2020-06-17,v3
2020-09-12,deaths,133.875,222.75,283,310.185,386.75,623.65,Maintain Status Quo,Iraq,IRQ,2020-06-17,v3
2020-09-12,hospital_demand,10178.525,14493.25,17438.5,18304.975,21940.5,30142.075,Maintain Status Quo,Iraq,IRQ,2020-06-17,v3
2020-09-12,ICU_demand,1475.925,1593.25,1660.5,1680.48,1762.25,1996.7,Maintain Status Quo,Iraq,IRQ,2020-06-17,v3
2020-09-12,infections,22531.2,36101.75,45190,49443.355,60541.25,96551.45,Maintain Status Quo,Iraq,IRQ,2020-06-17,v3
2020-09-12,Rt,1.62422472377756,1.68643916218338,1.71474358181231,1.71466655618932,1.74642661303374,1.80274767325511,Maintain Status Quo,Iraq,IRQ,2020-06-17,v3
2020-09-12,cumulative_infections,29751052.75,30460956.5,30779483.5,30746338.79,31078705.5,31606028.1,Relax Interventions 50%,Iraq,IRQ,2020-06-17,v3
2020-09-12,deaths,25.95,39,47,51.255,62,90.025,Relax Interventions 50%,Iraq,IRQ,2020-06-17,v3
2020-09-12,hospital_demand,1428.275,2172.75,2686,2952.255,3523.25,5664.875,Relax Interventions 50%,Iraq,IRQ,2020-06-17,v3
2020-09-12,ICU_demand,304.9,459.75,552.5,586.44,695,1006,Relax Interventions 50%,Iraq,IRQ,2020-06-17,v3
2020-09-12,infections,1399.425,2448.5,3148.5,3640.84,4386,7984.2,Relax Interventions 50%,Iraq,IRQ,2020-06-17,v3
2020-09-12,Rt,2.1746629412744,2.25796141077355,2.2958579970896,2.29575486803031,2.33827818245917,2.41368604978424,Relax Interventions 50%,Iraq,IRQ,2020-06-17,v3
2020-09-12,cumulative_infections,1579954.4,1982291.25,2371902,2370608.09,2711817.5,3500148.425,Surged Additional 50% Reduction,Iraq,IRQ,2020-06-17,v3
2020-09-12,deaths,9,17,22,23.025,29,40.025,Surged Additional 50% Reduction,Iraq,IRQ,2020-06-17,v3
2020-09-12,hospital_demand,527.85,965,1190.5,1241.135,1475.5,2039.9,Surged Additional 50% Reduction,Iraq,IRQ,2020-06-17,v3
2020-09-12,ICU_demand,139.875,255.25,303.5,324.145,389.25,544.05,Surged Additional 50% Reduction,Iraq,IRQ,2020-06-17,v3
2020-09-12,infections,1892.725,3389.5,4146.5,4447.665,5389.75,7499.275,Surged Additional 50% Reduction,Iraq,IRQ,2020-06-17,v3
2020-09-12,Rt,0.806080275927038,0.841883997130944,0.854253299083001,0.85615387684856,0.874194637616486,0.89844000609921,Surged Additional 50% Reduction,Iraq,IRQ,2020-06-17,v3
2020-09-12,cumulative_infections,21111251,23013264,23618761,23580641.94,24394948,25282041.75,Surged Maintain Status Quo,Iraq,IRQ,2020-06-17,v3
2020-09-12,deaths,235,333.75,399,410.135,481.5,628.05,Surged Maintain Status Quo,Iraq,IRQ,2020-06-17,v3
2020-09-12,hospital_demand,11120.425,16005.25,19014.5,19842.505,23145.75,31684.45,Surged Maintain Status Quo,Iraq,IRQ,2020-06-17,v3
2020-09-12,ICU_demand,3047.425,4332.5,5127,5345.195,6243.75,8201.325,Surged Maintain Status Quo,Iraq,IRQ,2020-06-17,v3
2020-09-12,infections,23234.3,37014,46394.5,50231.825,60791,94276.6,Surged Maintain Status Quo,Iraq,IRQ,2020-06-17,v3
2020-09-12,Rt,1.61216055185408,1.68376799426189,1.708506598166,1.71230775369712,1.74838927523297,1.79688001219842,Surged Maintain Status Quo,Iraq,IRQ,2020-06-17,v3
2020-09-12,cumulative_infections,29594976.6,30428528.75,30702632,30719957.415,31126323.25,31568038.525,Surged Relax Interventions 50%,Iraq,IRQ,2020-06-17,v3
2020-09-12,deaths,35.975,58.75,72,78.13,92,159,Surged Relax Interventions 50%,Iraq,IRQ,2020-06-17,v3
2020-09-12,hospital_demand,1612.575,2446.75,3020,3333.42,3934,6650.4,Surged Relax Interventions 50%,Iraq,IRQ,2020-06-17,v3
2020-09-12,ICU_demand,525.7,782.5,955,1030.01,1215.75,1943.2,Surged Relax Interventions 50%,Iraq,IRQ,2020-06-17,v3
2020-09-12,infections,1457.625,2474,3299.5,3707.005,4428,9028.4,Surged Relax Interventions 50%,Iraq,IRQ,2020-06-17,v3
2020-09-12,Rt,2.15851030721146,2.2543850030242,2.28750734400422,2.29259668413465,2.34090597693147,2.40582988008977,Surged Relax Interventions 50%,Iraq,IRQ,2020-06-17,v3
2020-09-13,cumulative_infections,1481879.375,1979236.75,2360864,2410824.33,2780528,3600713.175,Additional 50% Reduction,Iraq,IRQ,2020-06-17,v3
2020-09-13,deaths,7,16.75,22,22.555,28,43.025,Additional 50% Reduction,Iraq,IRQ,2020-06-17,v3
2020-09-13,hospital_demand,585.775,942.75,1210.5,1221.205,1444.75,2051.05,Additional 50% Reduction,Iraq,IRQ,2020-06-17,v3
2020-09-13,ICU_demand,144.7,238.25,315,315.775,372.25,523.125,Additional 50% Reduction,Iraq,IRQ,2020-06-17,v3
2020-09-13,infections,1920.975,3323.5,4248,4347.9,5214.5,7464.725,Additional 50% Reduction,Iraq,IRQ,2020-06-17,v3
2020-09-13,Rt,0.812112361888779,0.843219581091691,0.857371790906153,0.857333278094658,0.873213306516869,0.901373836627557,Additional 50% Reduction,Iraq,IRQ,2020-06-17,v3
2020-09-13,cumulative_infections,21494389.6,23121931.75,23798291,23680729.535,24385185,25395891,Maintain Status Quo,Iraq,IRQ,2020-06-17,v3
2020-09-13,deaths,118.95,191.5,260.5,285.175,363,566.375,Maintain Status Quo,Iraq,IRQ,2020-06-17,v3
2020-09-13,hospital_demand,9375.8,13514.5,16251.5,17125.48,20580,28564.475,Maintain Status Quo,Iraq,IRQ,2020-06-17,v3
2020-09-13,ICU_demand,1444.7,1562.75,1630.5,1649.62,1721.5,1958,Maintain Status Quo,Iraq,IRQ,2020-06-17,v3
2020-09-13,infections,20336.3,33123.75,41888,45697.425,56226.75,90355.325,Maintain Status Quo,Iraq,IRQ,2020-06-17,v3
2020-09-13,Rt,1.62422472377756,1.68643916218338,1.71474358181231,1.71466655618932,1.74642661303374,1.80274767325511,Maintain Status Quo,Iraq,IRQ,2020-06-17,v3
2020-09-13,cumulative_infections,29756799.525,30464208.25,30782684.5,30749528.42,31081131,31607088.4,Relax Interventions 50%,Iraq,IRQ,2020-06-17,v3
2020-09-13,deaths,20,34,44,46.86,57.25,85.05,Relax Interventions 50%,Iraq,IRQ,2020-06-17,v3
2020-09-13,hospital_demand,1228.825,1909.25,2383,2627.565,3146.5,5135.15,Relax Interventions 50%,Iraq,IRQ,2020-06-17,v3
2020-09-13,ICU_demand,279.8,417,498.5,535.815,633.25,944.05,Relax Interventions 50%,Iraq,IRQ,2020-06-17,v3
2020-09-13,infections,1202.825,2152,2736.5,3189.63,3845,7156.05,Relax Interventions 50%,Iraq,IRQ,2020-06-17,v3
2020-09-13,Rt,2.1746629412744,2.25796141077355,2.2958579970896,2.29575486803031,2.33827818245917,2.41368604978424,Relax Interventions 50%,Iraq,IRQ,2020-06-17,v3
2020-09-13,cumulative_infections,1582112.675,1985941,2376567.5,2374923.295,2716473.5,3507547.175,Surged Additional 50% Reduction,Iraq,IRQ,2020-06-17,v3
2020-09-13,deaths,8,16,21,22.565,27,43.025,Surged Additional 50% Reduction,Iraq,IRQ,2020-06-17,v3
2020-09-13,hospital_demand,520.8,933.75,1137,1203.37,1446.25,1986.45,Surged Additional 50% Reduction,Iraq,IRQ,2020-06-17,v3
2020-09-13,ICU_demand,136.975,248.75,295,315.23,383,516.125,Surged Additional 50% Reduction,Iraq,IRQ,2020-06-17,v3
2020-09-13,infections,1744.925,3276.75,4068,4315.205,5220.75,7352.2,Surged Additional 50% Reduction,Iraq,IRQ,2020-06-17,v3
2020-09-13,Rt,0.806080275927038,0.841883997130944,0.854253299083001,0.85615387684856,0.874194637616486,0.89844000609921,Surged Additional 50% Reduction,Iraq,IRQ,2020-06-17,v3
2020-09-13,cumulative_infections,21196332.55,23065829.25,23659204.5,23627126.95,24428784.5,25304268.45,Surged Maintain Status Quo,Iraq,IRQ,2020-06-17,v3
2020-09-13,deaths,217.925,318.25,368,386.47,455,597.125,Surged Maintain Status Quo,Iraq,IRQ,2020-06-17,v3
2020-09-13,hospital_demand,10293.05,14917.25,17722,18525.245,21601.75,30027.425,Surged Maintain Status Quo,Iraq,IRQ,2020-06-17,v3
2020-09-13,ICU_demand,2839.65,4039.75,4796.5,5000.785,5828.25,7787.8,Surged Maintain Status Quo,Iraq,IRQ,2020-06-17,v3
2020-09-13,infections,21334.575,34086.5,42661.5,46485.01,56096.75,88552.325,Surged Maintain Status Quo,Iraq,IRQ,2020-06-17,v3
2020-09-13,Rt,1.61216055185408,1.68376799426189,1.708506598166,1.71230775369712,1.74838927523297,1.79688001219842,Surged Maintain Status Quo,Iraq,IRQ,2020-06-17,v3
2020-09-13,cumulative_infections,29603031.9,30431820.75,30706016.5,30723225.22,31128642.75,31569320.5,Surged Relax Interventions 50%,Iraq,IRQ,2020-06-17,v3
2020-09-13,deaths,34.975,53,68,72.15,87,144,Surged Relax Interventions 50%,Iraq,IRQ,2020-06-17,v3
2020-09-13,hospital_demand,1416.375,2166,2679,2953.225,3486.5,5987.025,Surged Relax Interventions 50%,Iraq,IRQ,2020-06-17,v3
2020-09-13,ICU_demand,457.85,697.25,853,916.55,1083.25,1746.15,Surged Relax Interventions 50%,Iraq,IRQ,2020-06-17,v3
2020-09-13,infections,1273.925,2152,2922,3267.805,3936.5,8077.75,Surged Relax Interventions 50%,Iraq,IRQ,2020-06-17,v3
2020-09-13,Rt,2.15851030721146,2.2543850030242,2.28750734400422,2.29259668413465,2.34090597693147,2.40582988008977,Surged Relax Interventions 50%,Iraq,IRQ,2020-06-17,v3
2020-09-14,cumulative_infections,1483732.675,1981710.5,2366172,2415045.28,2787271,3607808.425,Additional 50% Reduction,Iraq,IRQ,2020-06-17,v3
2020-09-14,deaths,7.975,16,21.5,21.975,27,38,Additional 50% Reduction,Iraq,IRQ,2020-06-17,v3
2020-09-14,hospital_demand,552.725,917.75,1174.5,1182.065,1391.75,2011.6,Additional 50% Reduction,Iraq,IRQ,2020-06-17,v3
2020-09-14,ICU_demand,137.85,232,303,306.375,361,517.1,Additional 50% Reduction,Iraq,IRQ,2020-06-17,v3
2020-09-14,infections,1902.7,3227.75,4102.5,4220.95,5064.25,7185.175,Additional 50% Reduction,Iraq,IRQ,2020-06-17,v3
2020-09-14,Rt,0.812112361888779,0.843219581091691,0.857371790906153,0.857333278094658,0.873213306516869,0.901373836627557,Additional 50% Reduction,Iraq,IRQ,2020-06-17,v3
2020-09-14,cumulative_infections,21576197.175,23171598.75,23838742.5,23722988.495,24416082.25,25420447.3,Maintain Status Quo,Iraq,IRQ,2020-06-17,v3
2020-09-14,deaths,116.95,167.75,233,258.385,323.75,542,Maintain Status Quo,Iraq,IRQ,2020-06-17,v3
2020-09-14,hospital_demand,8675.25,12555.75,15143.5,16009.045,19280.5,26940.05,Maintain Status Quo,Iraq,IRQ,2020-06-17,v3
2020-09-14,ICU_demand,1398.95,1547.75,1606,1623.255,1701.25,1910.625,Maintain Status Quo,Iraq,IRQ,2020-06-17,v3
2020-09-14,infections,18689.95,30434.5,38583.5,42258.96,52004.25,84052.45,Maintain Status Quo,Iraq,IRQ,2020-06-17,v3
2020-09-14,Rt,1.62422472377756,1.68643916218338,1.71474358181231,1.71466655618932,1.74642661303374,1.80274767325511,Maintain Status Quo,Iraq,IRQ,2020-06-17,v3
2020-09-14,cumulative_infections,29761841.925,30467095.75,30785512,30752335.72,31083198.25,31607969.725,Relax Interventions 50%,Iraq,IRQ,2020-06-17,v3
2020-09-14,deaths,20.975,31,41,42.68,51,77.075,Relax Interventions 50%,Iraq,IRQ,2020-06-17,v3
2020-09-14,hospital_demand,1086.85,1691,2125.5,2337.075,2806.5,4583.275,Relax Interventions 50%,Iraq,IRQ,2020-06-17,v3
2020-09-14,ICU_demand,245.875,378.5,456,488.7,585.25,870.075,Relax Interventions 50%,Iraq,IRQ,2020-06-17,v3
2020-09-14,infections,1093.125,1879,2415,2807.3,3367.25,6349.075,Relax Interventions 50%,Iraq,IRQ,2020-06-17,v3
2020-09-14,Rt,2.1746629412744,2.25796141077355,2.2958579970896,2.29575486803031,2.33827818245917,2.41368604978424,Relax Interventions 50%,Iraq,IRQ,2020-06-17,v3
2020-09-14,cumulative_infections,1583880.025,1989521.5,2381046,2379110.265,2720843.5,3514484.05,Surged Additional 50% Reduction,Iraq,IRQ,2020-06-17,v3
2020-09-14,deaths,8.95,15.75,21,21.67,27,41.05,Surged Additional 50% Reduction,Iraq,IRQ,2020-06-17,v3
2020-09-14,hospital_demand,490.725,905.25,1108,1166.66,1396.5,1928.2,Surged Additional 50% Reduction,Iraq,IRQ,2020-06-17,v3
2020-09-14,ICU_demand,132.95,238.5,287,305.665,370.25,502.375,Surged Additional 50% Reduction,Iraq,IRQ,2020-06-17,v3
2020-09-14,infections,1775.825,3187.5,3949.5,4186.97,5117,7142.55,Surged Additional 50% Reduction,Iraq,IRQ,2020-06-17,v3
2020-09-14,Rt,0.806080275927038,0.841883997130944,0.854253299083001,0.85615387684856,0.874194637616486,0.89844000609921,Surged Additional 50% Reduction,Iraq,IRQ,2020-06-17,v3
2020-09-14,cumulative_infections,21276479.95,23117288.25,23696693.5,23670098.995,24457036,25324605,Surged Maintain Status Quo,Iraq,IRQ,2020-06-17,v3
2020-09-14,deaths,204.975,292.25,343.5,358.03,419.5,572,Surged Maintain Status Quo,Iraq,IRQ,2020-06-17,v3
2020-09-14,hospital_demand,9458.9,13835.5,16499.5,17282.49,20237.25,28440.125,Surged Maintain Status Quo,Iraq,IRQ,2020-06-17,v3
2020-09-14,ICU_demand,2626.35,3741.5,4491,4678.19,5467.5,7398.3,Surged Maintain Status Quo,Iraq,IRQ,2020-06-17,v3
2020-09-14,infections,19244.55,31319.5,39219,42972.045,51832,83260.65,Surged Maintain Status Quo,Iraq,IRQ,2020-06-17,v3
2020-09-14,Rt,1.61216055185408,1.68376799426189,1.708506598166,1.71230775369712,1.74838927523297,1.79688001219842,Surged Maintain Status Quo,Iraq,IRQ,2020-06-17,v3
2020-09-14,cumulative_infections,29610211.675,30434869.75,30708952.5,30726104.725,31130761.75,31570421.625,Surged Relax Interventions 50%,Iraq,IRQ,2020-06-17,v3
2020-09-14,deaths,25.975,44,59.5,63.34,77,123,Surged Relax Interventions 50%,Iraq,IRQ,2020-06-17,v3
2020-09-14,hospital_demand,1228.975,1924.75,2369,2619.245,3097,5409.25,Surged Relax Interventions 50%,Iraq,IRQ,2020-06-17,v3
2020-09-14,ICU_demand,399.925,611.75,761,814.46,970.25,1558.5,Surged Relax Interventions 50%,Iraq,IRQ,2020-06-17,v3
2020-09-14,infections,1078.5,1892,2502.5,2879.505,3443,7205.15,Surged Relax Interventions 50%,Iraq,IRQ,2020-06-17,v3
2020-09-14,Rt,2.15851030721146,2.2543850030242,2.28750734400422,2.29259668413465,2.34090597693147,2.40582988008977,Surged Relax Interventions 50%,Iraq,IRQ,2020-06-17,v3
